sim_1,sim_2,sim_3,sim_4,sim_5,sim_6,sim_7,sim_8,sim_9,sim_10,sim_11,sim_12,sim_13,sim_14,sim_15,sim_16,sim_17,sim_18,sim_19,sim_20,sim_21,sim_22,sim_23,sim_24,sim_25,sim_26,sim_27,sim_28,sim_29,sim_30,sim_31,sim_32,sim_33,sim_34,sim_35,sim_36,sim_37,sim_38,sim_39,sim_40,sim_41,sim_42,sim_43,sim_44,sim_45,sim_46,sim_47,sim_48,sim_49,sim_50,sim_51,sim_52,sim_53,sim_54,sim_55,sim_56,sim_57,sim_58,sim_59,sim_60,sim_61,sim_62,sim_63,sim_64,sim_65,sim_66,sim_67,sim_68,sim_69,sim_70,sim_71,sim_72,sim_73,sim_74,sim_75,sim_76,sim_77,sim_78,sim_79,sim_80,sim_81,sim_82,sim_83,sim_84,sim_85,sim_86,sim_87,sim_88,sim_89,sim_90,sim_91,sim_92,sim_93,sim_94,sim_95,sim_96,sim_97,sim_98,sim_99,sim_100,sim_101,sim_102,sim_103,sim_104,sim_105,sim_106,sim_107,sim_108,sim_109,sim_110,sim_111,sim_112,sim_113,sim_114,sim_115,sim_116,sim_117,sim_118,sim_119,sim_120,sim_121,sim_122,sim_123,sim_124,sim_125,sim_126,sim_127,sim_128,sim_129,sim_130,sim_131,sim_132,sim_133,sim_134,sim_135,sim_136,sim_137,sim_138,sim_139,sim_140,sim_141,sim_142,sim_143,sim_144,sim_145,sim_146,sim_147,sim_148,sim_149,sim_150,sim_151,sim_152,sim_153,sim_154,sim_155,sim_156,sim_157,sim_158,sim_159,sim_160,sim_161,sim_162,sim_163,sim_164,sim_165,sim_166,sim_167,sim_168,sim_169,sim_170,sim_171,sim_172,sim_173,sim_174,sim_175,sim_176,sim_177,sim_178,sim_179,sim_180,sim_181,sim_182,sim_183,sim_184,sim_185,sim_186,sim_187,sim_188,sim_189,sim_190,sim_191,sim_192,sim_193,sim_194,sim_195,sim_196,sim_197,sim_198,sim_199,sim_200
10.0,10.0,10.0,10.0,10.0,10.0,10.0,10.0,10.0,10.0,10.0,10.0,10.0,10.0,10.0,10.0,10.0,10.0,10.0,10.0,10.0,10.0,10.0,10.0,10.0,10.0,10.0,10.0,10.0,10.0,10.0,10.0,10.0,10.0,10.0,10.0,10.0,10.0,10.0,10.0,10.0,10.0,10.0,10.0,10.0,10.0,10.0,10.0,10.0,10.0,10.0,10.0,10.0,10.0,10.0,10.0,10.0,10.0,10.0,10.0,10.0,10.0,10.0,10.0,10.0,10.0,10.0,10.0,10.0,10.0,10.0,10.0,10.0,10.0,10.0,10.0,10.0,10.0,10.0,10.0,10.0,10.0,10.0,10.0,10.0,10.0,10.0,10.0,10.0,10.0,10.0,10.0,10.0,10.0,10.0,10.0,10.0,10.0,10.0,10.0,10.0,10.0,10.0,10.0,10.0,10.0,10.0,10.0,10.0,10.0,10.0,10.0,10.0,10.0,10.0,10.0,10.0,10.0,10.0,10.0,10.0,10.0,10.0,10.0,10.0,10.0,10.0,10.0,10.0,10.0,10.0,10.0,10.0,10.0,10.0,10.0,10.0,10.0,10.0,10.0,10.0,10.0,10.0,10.0,10.0,10.0,10.0,10.0,10.0,10.0,10.0,10.0,10.0,10.0,10.0,10.0,10.0,10.0,10.0,10.0,10.0,10.0,10.0,10.0,10.0,10.0,10.0,10.0,10.0,10.0,10.0,10.0,10.0,10.0,10.0,10.0,10.0,10.0,10.0,10.0,10.0,10.0,10.0,10.0,10.0,10.0,10.0,10.0,10.0,10.0,10.0,10.0,10.0,10.0,10.0,10.0,10.0,10.0,10.0,10.0
10.045298198950803,9.944782389113369,9.98650333498658,10.159035094558996,10.075315094277261,9.952631923756659,10.000182875287756,10.03958322511495,9.941086111929131,10.035434884245696,9.987393558188979,9.828245996614902,10.06769553993798,10.085056618416967,9.97516419291438,10.011250136051096,10.155284201107607,9.93302882045006,10.024981410196373,9.905765645552538,10.060949519013555,10.039835310403511,9.93184785544658,9.968284371976925,9.991862148245215,10.113579100138304,10.230556864145674,9.861510641665776,10.109511215974289,10.08744784948791,10.05000286295773,10.012247897857199,9.957691789209184,10.038333740079208,9.960449966214842,10.049217234239617,9.98816432533127,10.109347309290708,9.97996136838923,9.96420472786889,9.910673551269138,9.94716894679347,10.034455435218677,9.917467912129393,9.901647624989192,9.988138058748007,10.09124019191161,10.01254216563038,10.06424900167451,10.152538545118714,9.916566132049418,10.079778374870363,10.058785478793308,9.989867579826997,9.985116843261212,10.039328232916755,10.015560393923872,10.012059212926141,10.097812315538691,9.885665122052599,10.0319086702331,9.915715800223952,10.00011599642739,9.928913412172237,10.009449995435874,10.160136844497526,10.134546510742895,9.698020071580508,9.946171709914504,9.979942151100637,10.012791667657902,10.007340700569483,9.985579413971339,9.953876993231919,10.06992814386955,10.106098831667188,9.918176275701725,9.992060074591393,9.971788884549857,10.00473290609301,9.921558039266612,9.966904043069581,9.908079846083702,9.957678580537092,9.982520477830505,9.959036892914648,9.951410910631488,10.067146954716472,9.949207788590188,10.105615574711857,10.044904001591787,10.093424218586613,10.08669006817367,9.917471243541717,9.79849798493275,9.875280789819504,9.985510263075051,9.979276704525056,9.98748447720666,10.010993286265048,10.080159612183772,10.062592800174729,9.925951467700871,10.022722786876846,9.955110187211986,10.068220493536362,9.970498915671639,9.968653365579204,10.097600048490387,9.977489650792519,10.057021046767728,10.083378138847813,9.937615384386682,9.894067536208068,10.04825486648989,10.142120643026017,9.923674953833974,10.115282300357904,9.976936543935297,10.0212656276842,9.997684412870125,10.055648939107995,9.847539436968415,9.969064211160985,10.12505589313419,10.001124986641601,9.97956325629656,10.006975857336643,9.984171322756165,10.00470227090891,10.043506141307468,10.065576280364526,10.065854911991524,9.928634509888504,10.006438431639996,10.08643745515442,10.001733097500837,9.924036234175192,10.054373871125069,10.016400980723729,9.859346736660093,10.02266189370492,10.145282590725673,10.053414213622258,10.05436550713052,10.202781851763238,9.945955459939904,10.040090725114796,9.867351531567428,9.931708669815926,10.051287363198304,10.010530303497523,10.025449502408907,10.012489054935113,10.029232499581171,9.911034618491815,10.103763485054555,10.000633385727857,9.901100028388461,10.023424308473015,9.911789067999669,9.986597800904445,10.054168926872157,10.104653359707024,10.023593929003946,10.185680715623862,9.894647330405968,10.169592765419798,10.107671972070243,9.986504446785194,10.059058100791251,10.08878154044382,10.119161081068654,9.87348597693833,10.101742862275994,10.091782126981164,10.02050818633594,10.135060279820978,9.936428597688987,10.109658215408691,9.904783374933436,10.213353638264605,10.002493460057012,9.937405619363975,9.97360384048221,10.01360685881589,9.993549110016957,9.960972525030519,9.946415170003721,10.076445348868369,9.995358403887082,9.886352528659508,10.071694654852486,10.005511745979307,10.063283372620958,10.030825341835742,10.060827211562849,9.963097703822033,10.159292855498737,9.84766361695878
10.028828586799277,10.140799220365839,10.01209273933864,10.356084971203881,9.938230899478347,10.025760278472251,9.967921442740137,10.13169651094618,9.921220607610787,9.977925851558538,9.969294341172558,9.825897364839642,10.061379191421869,10.11271411232193,9.940107842320872,9.984510995290139,10.122238600466352,10.037244976224072,10.011959464456353,9.89975170849128,9.998203811883979,10.043354781415594,10.108871686600775,10.009681959941123,9.844211605179765,10.038886852813805,10.266948328974065,9.913635694552081,10.144413648847525,10.01102054367962,10.1695192261498,10.074905465676398,10.095375433709512,10.047799329060982,10.040614388705729,10.013530497227725,9.944316070020445,10.197476718785252,10.055428559363206,10.036183907745757,9.913721947670767,9.916055242567788,10.111564335709579,9.98793882226724,9.921717780824274,9.970982054335815,10.020232324137059,10.073277200807896,10.186050303640165,10.122111754140024,9.892764296628288,10.16496952575727,10.153904925905005,10.110967372976745,9.970599140287396,10.135433111746005,10.02019161163331,9.86674995006539,10.064520824287456,9.930031159563821,9.949745600394749,9.970086168498058,10.06407456442574,9.751694587172707,10.11954717384661,10.14420212812348,10.050300174977089,9.714626045244522,9.962969187309307,10.080897293544115,9.96823759098315,10.024761490589547,10.031944367587316,10.012088229348782,10.163192887275224,10.19174635361984,9.809963151011543,9.90945118576896,10.004503473905043,10.16761141890018,9.811996806170507,9.899720720331487,10.03961769020348,9.968297143949586,10.071579516910841,10.033824559625774,9.92634032479215,10.229621454193984,9.812271131732253,10.116643793321002,10.094891353710373,10.096022118177045,10.015890815185529,9.962895383016987,9.931376648895723,9.90560934772661,10.009959369778356,9.979443479096082,9.974450388343683,9.977642674749253,10.20662877231429,9.9810015849242,9.919041115859928,10.145946118222582,9.95665969498347,10.010265235708895,9.885575036474807,9.926029778418496,10.118557435641078,9.974176864756512,10.112768017463338,10.140565487128052,9.974376097638878,10.013008660756121,10.106892154751295,10.32685353426794,9.907391856091703,10.05602976000215,10.043386432726654,10.193691750976164,9.982940535836947,10.091229471923553,9.845790000004284,9.880447068685642,10.163194071950738,10.11971800212015,10.020246438627183,10.091998772726145,9.998219981276923,9.998647582070747,10.093424100968923,10.034860682457067,10.124643450315196,9.955916589287154,9.963567013080215,10.047469852585603,9.911150103212801,9.945341009669283,10.178932001870516,10.025375613225968,9.889039592598513,10.00387401787862,10.161706494805905,10.0715354308605,10.043509991496071,10.317319823244313,10.025646175391978,10.090677750051219,9.773860420024185,9.899137500432815,10.03202514557027,10.115283446459372,10.101366942755115,10.015650455835559,9.870487933627688,9.843094262445787,10.272499855447881,10.0549677969356,9.859890998159349,9.897522464639785,9.891876448461534,9.998047338251927,10.017076112988926,10.049484648341512,9.989524015811115,10.09411521888064,9.775695678828836,10.270355872560753,10.015685375249134,9.96865957532006,10.2039857878295,10.077862928729852,10.213781061677121,10.004037808221655,10.264639653532953,10.218527850110183,9.978076253916338,10.048274911190893,10.128456759088627,10.182279625943378,9.963451664519946,10.157868140093113,9.902276688167783,9.854597021933618,10.06746422049562,10.008143761342911,9.997771645909259,10.083183402589807,10.061396623120768,10.00066067227402,9.877326749161103,9.868939426100008,10.014158785008972,10.00740333033109,9.961368521877406,10.046561982599984,10.071263755297203,9.969775178368195,10.194522029653385,9.688071840655052
10.2332902817599,10.13492043472293,10.198174046960268,10.352205889633721,9.967333017279426,10.037988676297438,10.033983533734974,10.049599455352547,9.900982329122197,9.934408584654394,9.945015894128733,9.894626130365625,10.085415110080126,10.06645928024131,10.02569845243635,9.830910162284622,9.996839393717915,10.177292923610416,10.107324746527796,9.887621558628158,9.963761924053577,10.080839043425916,10.142008365802564,10.06889437922084,9.920439932688538,10.121326520428983,10.122677628132262,9.966867959895458,10.154348198956878,10.109097041362194,10.149434075047326,10.047216420786858,10.165686309764924,9.884927411059552,9.999484001006238,10.027029108072544,10.030167675448071,10.327426902663953,10.171602015548656,9.941768182031451,9.820288666817412,10.074612845832434,10.109419594737872,9.959428337016409,10.028702738732425,9.96714091285998,9.978457668294855,10.020920804438287,10.062414502049526,9.955891885572004,9.953301038789501,10.313458094356987,10.220328981095756,10.091939539895646,10.094317397910741,10.028092454209936,10.009753814582211,9.969736604525734,10.09383976454738,9.892651563147293,10.069072687659812,9.902765832689303,10.187103122718018,9.749796801093895,10.186159409750394,10.148568415605272,10.028718075297617,9.763638694997201,9.995943755900694,10.07098975683538,9.822626663553224,9.984979534891547,9.885912730977557,10.053801304992403,10.270141733186072,10.224210704916574,9.8135674761769,9.812192218430443,9.951981360336628,10.24458209676022,9.813631758094271,9.946020361189031,10.115010754515415,9.902519818055225,10.049791463392976,9.987577800521683,9.967421559395424,10.30609613522429,9.837151343364262,10.165667704556997,10.054767760133785,10.170413161885936,9.963630469405565,9.840060266653168,9.91627437593667,9.901354861169603,9.94761093491852,9.899922500989344,10.03826050743852,10.083344714585087,10.183486129984411,9.989942335669381,9.748713632264424,10.175016132569374,9.927154482154034,10.021730411205482,9.863016753814454,9.978803862596827,10.01237392515028,10.079142385572377,10.09306251976624,10.108440480689149,10.058809442567295,10.06370268509596,10.151809546608794,10.461936209068284,10.013919251621152,10.025936316882603,10.120896588982497,10.07425267705553,10.026134924301749,10.149905874513749,9.834999034978258,9.868846870329863,10.156061841953068,10.122916483026692,10.097261943641268,10.133966191057938,9.95248128853283,9.88255428114321,10.014251107803135,10.126609538024905,10.149650634820317,9.846205382323511,9.909211028347048,10.08306126177408,9.962230862187438,9.990749127022903,10.173961651780452,10.123124104955762,9.743739714262457,10.175958555816216,10.16987721712363,10.119274502183284,10.113671118389876,10.44403491124528,10.086330901246304,10.111442451635755,9.784767271635307,9.934095290105788,10.109302272235857,10.02401132616471,10.079972415193595,10.05948077692654,9.696818235720112,9.857569234158884,10.22791130796094,9.967642332294508,9.926238115802542,9.885602106372424,9.844228012583075,10.103793617858333,9.979815628403706,9.98552039736174,9.949027388595315,10.137222667897785,9.862328222917114,10.232199084975726,9.99748107393301,9.864342785294168,10.121424080452622,10.099219691642356,10.17816519823979,10.045098129557468,10.337897667464684,10.020888021848254,10.082364717856828,9.961265095451266,10.162068955475384,10.310035723363443,9.986015371573442,10.25415080938262,9.913295876314272,9.764920784489329,9.911305636723835,9.923120167770984,9.979280379531625,10.060089144758251,10.089182543523084,9.975322918586862,9.877594061470294,9.726989350800435,9.981717834047858,9.94146895963218,9.955426106800374,10.05064080096682,10.030418179973516,9.95965071412813,10.15448588361482,9.575374234210148
10.223122911391652,10.190382278635404,10.20961066537347,10.471890243627541,9.93370609064373,9.879519742460422,10.064965512081637,10.077268698568957,9.823409505916228,10.025038375832267,9.928862745120286,9.900438527467664,9.96816046492309,10.113644303659257,10.063728102594121,9.915737335875649,10.046929778718722,10.15360106775169,10.184155465285023,9.956366257354217,9.863284674381497,10.011891416451734,10.008041996704304,10.030909797074044,10.032606883309391,9.978682029809098,10.105315352038668,10.11053893858333,10.122964406762186,10.081823107949052,10.086588576428724,10.030967156786053,10.169687048424919,9.899756700889496,10.135343579135451,10.011568998903533,10.118673004741044,10.38929661253227,10.278016423712765,9.943308059108565,9.73992184459453,10.131485501178187,10.15980159710332,9.971401886510078,10.02478268397805,9.857023615610856,10.102775818230047,9.961129849661924,9.969660139384658,9.835844858629592,9.833593386746749,10.422377165527603,10.208941148572858,10.148756173614569,9.995827584482557,9.884648692022852,10.015573724732647,9.986649597303252,10.243533887251827,9.916756667996035,10.026134660220224,9.863437336049621,10.168768939020033,9.62821905654525,10.25179689837377,10.005892154421732,9.990727141021576,9.770648646105382,10.04379388995476,10.083950840783329,9.911931349490974,9.953091037006166,9.806355605905322,10.13596854039132,10.128128874988771,10.196293576483905,9.86831348403242,9.85874333870322,9.989193049578777,10.34665925635236,9.817381090387645,10.064968198804763,10.190203494635329,9.906110281898354,10.085351940499113,10.020369219365621,10.080308909191873,10.309428220629894,9.810742507847918,10.112030228466097,10.13603134465914,10.187776869576076,9.889115914600403,9.794204634833966,9.841194664490686,9.951153837578099,9.915278439866997,9.837717284017765,10.099155030406383,10.102500352218657,10.043824711256029,9.989848989297903,9.75003062816519,10.170462556890577,9.855993420730497,10.006298257094047,9.91841720292867,10.017105944483625,10.034348408333441,10.12195761001226,10.076456334630834,10.163879210639493,9.994095562933163,10.108957376729911,10.144344027569355,10.428174561887664,9.908423294207706,10.07977420717088,10.058320901358346,10.090360481808126,10.035628633803576,10.09666663540904,9.76820645138359,9.997515510053262,10.180594656992682,10.059912941675064,10.113477822056643,10.201245762951947,10.018442900766306,9.89862978561582,9.982190269099306,10.028418283646255,10.036360086671998,9.868915751247656,9.882298252683013,10.02296605890748,10.008585760331044,9.946261187693226,10.093410921194183,10.225808190809403,9.708690889401435,10.271173847200888,10.08940305124168,9.96969874418629,9.95260105213863,10.399436600843261,10.058254974253531,10.22029064684576,9.831612279155507,10.007658116940775,10.150869343875334,10.056051195252833,10.131857307323578,10.092319299403085,9.849504740777967,9.87120354895969,10.29919286472123,10.073596401959156,9.936732639222072,9.879225666151699,9.780396524334833,10.22520772601924,9.969807624593843,10.20812298002984,9.887741448112784,10.063545013087413,9.850280745268215,10.252661045686546,9.930883287289108,9.856647345531744,10.250981045487167,10.058274876901068,10.20468584064398,10.04087737155993,10.23409019172295,9.940284793233195,10.071230978929135,10.039386091364188,10.179325778559171,10.43243678022493,9.886901646979046,10.298305831014737,9.940514815482924,9.714320193401559,10.001098485502572,9.980229622488592,10.010332203868451,10.06188478922466,10.100097471959662,10.072142601245721,10.041623928324649,9.734298417824768,9.924171979183347,9.843252810668936,10.120036143946104,10.004775533361327,10.074521334798094,10.032047230882,10.050745913789557,9.546857982763228
10.241891698717906,10.193907047614081,10.225009060081074,10.37047160407103,9.936933380541534,9.928607960056963,10.100309581638971,10.098745626128,9.830243429702108,9.982412834039582,9.90829332709716,9.940068452089811,9.886688540519511,10.200148584440555,10.064649697061968,9.791772608491277,10.073268451813654,10.28826104915349,10.29770349618486,10.039001276758029,9.749961679814563,10.116003074810738,10.041789584489305,10.126148601154519,10.07984464322665,10.12703243393834,10.275424434915749,10.105841808975219,9.970526575274818,10.198691052508428,10.147524518718038,9.992719969992963,10.180913884290085,9.832743504889496,10.114403145440683,9.933695059701188,10.112934614227077,10.392224626313876,10.324867261006569,9.896764837838797,9.775281576727467,10.118914984951843,10.151748873668334,9.931069083519853,10.006174609260881,9.818122060273991,10.158340831754716,9.99991854624155,9.963988855952627,9.938086344438036,9.742960433951831,10.409052650572397,10.124612498943634,10.346922368385593,9.93889981242531,9.929551651559905,9.923306050773279,9.948205776315135,10.235025176239104,10.064006619408396,9.964400304256156,9.764859211257974,10.20834264195393,9.787877833914068,10.118316409223716,10.11070283821662,10.04060399295228,9.713672825187178,10.085817330986533,10.238401043400726,10.028418972513071,10.079375096819101,9.882132954850643,10.103617831641559,10.11020764014703,10.254346976682948,9.923269580462613,9.850636761486577,9.94661644295262,10.355396279222079,9.773797019145714,10.12231442471783,10.168743657994433,10.011687458574212,10.09593150685015,9.94639679055476,10.048680847624839,10.252972969458659,9.775537311542067,10.180276285289391,10.330458473000837,10.221354656016073,9.979451145194608,9.874690629919881,10.010694347265975,10.056854051440713,9.93281141619885,9.859080833601782,9.952166085596692,10.189798024796888,10.140086179150705,9.950303749379808,9.771757629917303,10.119248925829552,9.710681073411916,10.008998335789263,9.934737293430416,9.89254057449039,9.966705360559228,10.15364134348359,9.997813365530208,10.275439015579824,9.985789303269588,10.118511780071564,10.010837379026965,10.337197330543253,9.947670580036467,10.064458642820686,10.015088273561224,10.157291614497613,10.09575834512516,10.130860717749744,9.761743288146068,10.017516429031842,10.066423168219721,10.183126851030865,10.16124924911898,10.264938673208967,10.035023468188065,10.015711865284167,9.920572939196068,10.089645376262,10.074617896250498,9.821523963433652,9.864605175791187,10.00165324307448,10.019914904187004,9.947148832116659,10.237192615179593,10.163123584986236,9.747206039473337,10.29698408343599,9.953291990116428,9.975987617415717,10.043010842116054,10.41847997151575,10.111327292971152,10.245637900759887,9.73402792314296,10.064592049574088,10.30870398737307,9.91386045552126,10.245199231625945,10.210931831061007,9.784789176994149,10.08000823370501,10.120983120123793,10.07105269334885,9.957550224792152,9.906768022798495,9.878799580039045,10.22770992499872,9.834771065675463,10.20560668985396,9.96195077104052,9.972377671120105,9.841312644784379,10.237460530906331,9.921838416567024,9.874048843803944,10.387815104424961,10.010295553763525,10.222220188432257,10.156847120836941,10.16605211683139,10.056056609095757,10.086273957932079,10.158760528808315,10.16275650427827,10.457439690862714,9.895348632698452,10.123775261630978,9.993593737699001,9.660434954640936,9.980389212739654,9.97984264615342,10.130041979483677,9.994685643271659,10.121363563231915,10.18777445527851,10.06296619153427,9.62721732741966,9.97537504387883,9.8033560619113,10.028331927742071,10.039242860796367,10.201401720130553,10.150673697215403,9.883180204736636,9.558149191068996
10.37849018808283,10.142048800823835,10.24703696615396,10.335907552223459,9.901823988493556,9.993969992715744,10.150055859690271,10.137280922739013,9.662234755229113,9.912539319217176,9.93598675644368,9.818400922716785,9.90294186951042,10.190526339101403,9.939971667680412,9.932281606343805,10.028307892003685,10.376083338277507,10.275200021203663,10.075687271479929,9.876925019809063,10.140386708949263,9.986505002719696,10.14881833341671,10.020756593740638,10.172315603621554,10.316291660537695,10.101696540148996,9.944148500994133,10.104743181762773,9.975347446231995,10.074155308830322,10.196394665796547,9.870910040435511,10.146478470622803,9.922202884029204,10.091624620676306,10.330268307528021,10.42097990280432,9.893816383143466,9.609946651007439,10.185537958886885,10.144070393929892,10.010376379809008,10.026784342080715,9.845844828795066,10.113623807663618,10.076136733628452,10.02826427359828,9.859280627342509,9.835429841302144,10.508826259237598,10.110433401488331,10.40624592555858,9.87467001489524,10.023984049528137,9.973449770221519,9.8741254951044,10.277852323630587,10.00668799371865,9.924958445910539,9.881269063201302,10.15434805934962,9.965685764530663,10.275436864329672,10.131333275674242,10.128399872633704,9.774263341774155,10.111302414185248,10.25890760109496,10.00858112263689,10.110605807208277,9.936962192418546,10.198843897186173,10.308721763368817,10.229945824159145,9.780072300629886,9.933499698434552,10.004595075591455,10.430345064713217,9.856455617508576,10.210068730286887,10.210519980969543,10.054995573188215,10.207275798362806,10.03710554223376,9.897773144306052,10.259173234172247,9.73984644715791,10.15027890630386,10.451985877225276,10.102759961210403,10.073881623426294,9.884741653258722,10.002481975701384,10.026786088946569,9.92352007480118,9.929396629189524,9.959089160532844,10.369647569704512,10.154541613141312,9.940313357254215,9.771389393654635,10.07763666904465,9.67652149895312,10.066029096131526,9.967410143351739,9.785452246437101,10.00093801075622,10.074963215330058,9.944618582317942,10.20866531293018,10.047336488823138,10.15565858896512,10.049828486139452,10.319782093025623,9.908729912764356,9.964884955737146,10.120511275948267,10.244994975227536,10.03741878023421,10.168254106475064,9.727995189806979,9.977429322869314,10.203845823505128,10.32895610775159,10.175016135008132,10.313263201067384,10.04573603360702,9.985798786388898,9.857398279408958,10.048100690358298,10.177139355233003,9.792236311875923,9.865960583635303,10.086301315378407,10.052248819307223,9.954619949363963,10.192258914418353,10.115078145395808,9.560848940972196,10.256620612186525,9.856509188354963,9.80645873353969,10.102016777501447,10.42916572498239,10.016185559347656,10.226620526409853,9.878633662400555,10.044484495381353,10.341412496007997,9.884805630712007,10.219848618185999,10.128746159938835,9.857104143693107,9.987634838417168,10.173625334695446,9.92780024967992,10.00305021412616,10.038045996211627,9.917320029909389,10.184700756182178,9.851190436325922,10.138330647371674,10.007837853891216,10.029455864147476,10.010546290249836,10.203113813013784,10.018943168327535,9.953842478990174,10.423966154901482,10.107552039857493,10.198352990539517,10.245096116932112,10.184798071588125,10.106703738209731,10.155139868106103,10.12917018867693,10.158049032630824,10.398437272494858,9.98070308975183,10.137176468707892,10.129969857852997,9.792308090650774,9.995651264287714,9.87524978537141,10.31274357924483,10.053165126617365,9.94537422646968,10.111149260967439,10.050897754884966,9.55082906438094,9.853361194542954,9.716196141462653,10.135167629799138,10.077869796143386,10.075178175218014,10.188701878099943,9.910882051153893,9.594244667526613
10.31575159569433,10.257189544080608,10.284993242422697,10.437521063386097,10.055298679458943,10.197397338726688,10.223943251730732,10.281389582045177,9.562013619344336,9.943171298407798,9.980417403462221,9.728644547371145,9.836718402472663,10.106247536801918,9.949554895585976,10.00347085941136,10.060130181189388,10.391472978663737,10.341143546067595,10.077623264420769,10.006355141354016,10.049829004485023,10.064923956603305,10.213585601975927,10.081763584862836,10.176808615003797,10.23914839998688,10.033593849770368,9.99102659865924,10.088705452158395,9.974211088381097,9.938915486860079,10.189225119957273,9.837975515453069,10.155042102234491,9.937827627174922,10.131738279806227,10.402562737672696,10.382782923272668,9.843740682269036,9.565721932657137,10.151844875210127,10.23607006447871,9.938976254669445,9.985839597396,9.865838252438214,10.100864210416843,10.066625636044195,10.005815022610664,9.960733915205246,9.931181919450614,10.60024036678768,10.107430114869342,10.229124917854962,9.80506273067161,10.103051333337298,9.994659849165474,9.82091546349101,10.256942275338101,9.974705044572959,9.881439054323163,9.839942543980724,10.14059323741861,9.951403513374633,10.310321217967552,10.037863512100085,10.080572958398497,9.80568629263534,10.115479863448256,10.152183134830993,10.152031037329147,10.198806466074924,9.95139352362523,10.247960864501822,10.493771725557117,10.215879316344134,9.724366906517472,10.06309618206251,9.90342646273944,10.471243157556112,9.847267977246911,10.262442270764367,10.22240809333751,10.091721896401587,10.286498954125893,10.108116323229044,9.83901495907339,10.370998047151394,9.69795044961006,10.178123636151257,10.581415274807803,10.095900122156943,10.021776035743635,9.964295050532911,10.069493952299137,10.048239171720976,9.99747809242762,9.987729146736815,9.984759518186754,10.367284163017407,10.025389132518036,10.068823709432332,9.710736111714663,9.981547003683065,9.78222394186031,10.072479140458524,10.027822190609566,9.63711861582268,9.95808900016971,10.077388933542322,9.973567310248946,10.291346988257581,10.012586623831996,10.325271812431689,9.994599039066278,10.30584865976935,9.876270336701387,9.918503589093065,10.112698365534893,10.423179687726824,10.092216248533623,10.200137695661478,9.76501897628525,9.94647476980898,10.139403623121225,10.391034797572626,10.13862105848087,10.223427843912788,10.044243559975353,10.00520806920604,9.869805532524655,10.071683424207626,10.10567561696758,9.692639509878418,9.8638103707317,9.93862600105974,9.970146930244844,10.032032655463945,10.27440967932481,9.940914746587458,9.604264670661724,10.225249064283663,9.786713924844523,9.933355488812765,10.155408299136909,10.391526775179642,10.164671126885116,10.162744563354552,9.906244214627469,9.983321809408315,10.300994302559204,9.94577382394031,10.183558106096514,10.147103083937647,9.91886469684964,10.029247376231835,10.257195674034032,10.000868935328977,10.104856663579223,10.029587593519427,9.977744367820364,10.260870101610397,9.916091847866179,10.165271095084014,10.170405445455286,10.121825309156616,9.91804573606037,10.293119648003726,10.151748830561036,10.047296093025821,10.30456089125194,10.033277630592115,10.30557907446783,10.244023271119701,10.159692360581596,9.994909640785522,10.07838119637921,10.169717394523952,10.192140755508559,10.268438348906733,9.864081173426092,10.175027070512531,10.256798184358834,9.841492897547248,10.261333239245747,9.940360777512193,10.36090520223352,10.080201001462704,10.117033823988496,10.177557899273756,10.196275440389597,9.534099965327904,9.915108566946865,9.730384820031531,10.087941178011793,10.167996249681341,10.00926576761935,10.047933612012265,9.745891154991323,9.523419802790881
10.278420663059906,10.298482532155505,10.122419493933895,10.445669763932031,10.06697068054884,10.24305644003896,10.264933483279211,10.22234473323164,9.5555877377138,9.928620878225958,10.100261051779004,9.81773601291567,9.722866792253026,10.149764309298114,9.980789027511111,10.128689002524608,10.024235625988482,10.372050276840554,10.271593745967913,9.974765463001786,10.16428176764212,10.0371213796439,10.103506225608342,10.045769517713147,10.06501875073387,10.285290543910278,10.034246827439986,10.028761855207383,9.970251797375186,10.01999720639727,10.043201882342327,10.011850848209386,10.290300323599075,9.764715228306656,10.172206327111367,9.987617293223321,10.165988363677126,10.41530071689521,10.339624176928744,9.816413472730154,9.618247122072383,10.185578810255734,10.370922764789068,9.988991686291413,9.938228316391424,9.88411145147623,9.8908297626225,10.137919615956012,9.984658141502615,9.825248836264302,9.897180282955112,10.649369056755196,10.11112384329799,10.253214034933034,9.903147715885494,10.218911577979872,9.920487912981717,9.881188641851558,10.339115130453859,9.999773598918658,9.809778798472887,9.711698134136242,10.097915834292055,9.914694906194999,10.181544752944887,10.035253626897088,10.074296685946509,9.743490265215385,10.094820192319302,10.245843893402949,10.101097695368967,10.250910577799912,9.967720142506804,10.18350121000071,10.664860691208533,10.11947982537629,9.637902268284696,10.133384332254442,9.969375516556314,10.431710544275388,10.004426567322572,10.102603454517514,10.327292516580885,10.054389594870411,10.31057138361857,10.106501128214596,9.769653046946317,10.30952964090994,9.829886393898406,10.146724423923464,10.637009045231878,10.056910506531834,9.868790853056245,9.846706216829444,10.131802410520491,10.050206374655836,9.902222501954238,10.095008284094984,9.974560791290541,10.335435929727154,10.020630099721496,10.110853215965959,9.689853539166332,10.043369284077695,9.75052950745523,10.112764581584589,10.105000155834077,9.599488102614416,9.898669030829357,10.172134199044802,10.104456634072806,10.336956995024408,9.957847649713749,10.439670810223069,9.984323107499254,10.374333346285466,9.936632025727361,10.05837304667328,10.048528865185983,10.44733879369665,10.188217312847772,10.155059650286605,9.838435626753823,9.96967192995925,10.140005673198985,10.362451282134037,10.250897327153476,10.206058441406128,10.076955339740595,9.951692652106031,10.011629912665942,10.083439654224017,10.183049872389915,9.642641222408212,9.982375641600377,10.051957012060994,10.05438561805732,10.181557462170451,10.264528330384039,9.818828529073299,9.596869814182517,10.254511144586795,9.769636323696762,9.960016400115256,10.058791894109591,10.307549692999213,10.231137987934638,10.212114998839326,9.762440958343355,10.013061742030116,10.350865804835724,9.939956977087812,10.112425950567088,10.113818374236253,9.873600765985646,10.067099342502999,10.257248888983247,10.096723400515629,10.202920627271409,10.019940518786237,9.991699970132457,10.262081074788071,9.769385702398571,10.208786448744812,10.255030267070596,10.114153450405233,10.011969558853407,10.378247351222887,10.034285361157187,10.203203562598626,10.360682337389573,10.12830179351645,10.30798709441797,10.306818785342365,10.168382334199373,10.128533129236411,10.031268596860441,10.016491578611499,10.172730508296336,10.404744681237718,9.838501148246046,10.158818499753183,10.115781853808786,9.82813661597314,10.181327880431448,9.972001866702396,10.319897730313794,9.96320308259255,10.12642050356536,10.275447200975485,10.18633447195897,9.458267045236058,9.97104600457245,9.578685964924956,10.167798332451946,10.193992996745619,9.993137746853384,10.035920187158736,9.702197228377708,9.483781974603204
10.30342892112687,10.335755505706604,10.192714699449448,10.408730975790721,10.162535280201773,10.214569004094848,10.229043057399691,10.151742799503639,9.483084336141678,9.946180902161318,10.237263585968249,9.759143327067985,9.702310780049574,10.003736035396143,10.015264477578143,10.078533650317032,9.95174674218157,10.459173613732467,10.3738566396634,9.94928367993453,10.16429821591066,10.159570439540794,10.119188226022727,10.074111437365138,10.197418313712872,10.338848854927855,10.241044388536404,9.99187071839304,9.856266999177102,9.994848668400662,10.115350492672228,10.059018378489768,10.329930125351956,9.785546907910144,10.215627468087124,10.081048281391203,10.117870488252787,10.378754419631338,10.382498537427365,9.70730707639705,9.650197579002066,10.185278730539316,10.242195494115519,9.878855362082922,9.976186050671336,9.828899604532447,10.006677625563603,10.287080796976143,9.974945855741614,9.844946535154921,9.7074760545915,10.81829096528682,10.048720548073,10.423299883755565,9.798874546126939,10.199974416979941,9.85824391707422,9.922724979040995,10.34374624327548,9.883241473843912,9.77281847914079,9.626679943135276,9.90326053428872,9.900849148740306,10.17503709717907,10.048533315281274,9.996508739973692,9.704042503344029,10.19142616716477,10.162439018410039,10.080270499150558,10.340242750772427,9.952994543608352,10.184634974614683,10.734737772337027,10.215399974008418,9.443866817233918,10.00853045353093,10.018990142727338,10.61779083545482,10.065354075676202,10.02624374159731,10.292559272691575,10.14133508920875,10.368645666818216,10.029438362463035,9.854774259584318,10.377557207181898,9.893166677083437,10.248107527988145,10.7740060078947,10.120321363576426,9.947316338240832,9.951262466026861,10.332297695685392,10.03500541508621,10.004817934840606,10.006226679677727,10.055236173663058,10.364727414660946,10.04595455058124,10.15357144657051,9.580550346702614,10.116663456938939,9.75062102256485,10.074470256039692,10.095653142137435,9.48359171741221,9.868067827927685,10.157068239954587,10.153802109046934,10.320722723174288,9.908286762887442,10.346160733667928,9.978835119761492,10.488257185731209,9.82503256279927,9.969681470682598,10.079015722629268,10.340821292570293,10.178465700758734,10.2904986881076,9.708069854560359,9.880728765404049,10.020901543144458,10.270762705725254,10.265491482375193,10.30260852765579,10.067843821942153,9.991404514573192,10.09986185270548,10.090624128218764,10.172323272150779,9.614938402390989,10.007628759545097,9.851543514938562,10.005789995951071,10.25545601353294,10.151296277846603,9.931098931070876,9.535047920015005,10.24000507388056,9.616338394813063,9.964504584837526,10.018033897905559,10.231707326618624,10.299019089417651,10.209054375958365,9.884904718362234,9.88193780757931,10.469093710872981,9.963086026180529,10.164580355183922,10.023180576339028,10.092881477260718,9.88918794009369,10.343606232445838,10.073245209678968,10.247496848249572,9.94478672159066,10.165158777975112,10.186403387168122,9.766473898533668,10.17867306175356,10.308424615052582,10.101617528465606,10.114507131892282,10.471155198970846,10.130524019351826,10.188350387973019,10.30178625725152,10.1660654738081,10.513111040606434,10.27299726195019,10.13209984909257,10.018884288700313,9.92057657522784,9.988592414661063,10.117640594149732,10.396375852470166,9.879327411812893,10.176546955995935,10.099813288951477,9.971073775636102,10.180617095466383,9.972031111229901,10.31078832634703,9.945995552430565,10.095509832920467,10.359701878515468,10.159674509487639,9.535502388260719,10.053561961022789,9.63497429581107,10.198763273976072,10.22621980790876,9.793580260754371,9.965591861711728,9.734446005096009,9.473436280519307
10.287039324504521,10.163703155114948,10.097082822906128,10.41544535104453,10.130795792288858,10.107592318835339,10.333990925628004,10.313507325980847,9.583175122977824,9.972382258040117,10.172642178864807,9.709388470384921,9.669505782659185,9.949321303006245,10.115216507223485,10.130238252095737,9.968165772339656,10.494290341881644,10.332480402982718,10.036682534123468,10.071075570323579,10.054123991132222,10.213934894847748,10.113389354086056,10.148268673478109,10.513889694228713,10.423699364295299,10.116331558317375,9.955665468339454,10.10563447183183,10.08327267113509,10.02854161169618,10.328890640471347,9.83304001670597,10.208163157903932,10.04746422336581,10.122462730825424,10.414902813918294,10.353119074825095,9.650187304293027,9.56236554610765,10.163330414096189,10.180535225666528,10.046514559528154,9.945842286990608,9.818134249180675,10.096418842806896,10.368681093597084,9.959265704628674,9.858948728445915,9.61936003438585,10.832281066633124,9.939106337300684,10.45276791215388,9.75849418554572,10.243517087154776,9.699833275160652,10.027229913257003,10.350103431096926,9.968289330512366,9.876209454798838,9.578111608211811,9.986484130892778,9.96592243400054,10.324358982901849,9.992390868172745,10.150764739449507,9.750127234830488,10.305205986418146,10.168661213592086,10.07097824185402,10.455082149084413,9.90934601573785,10.113388142855795,10.783632992580552,10.276431176399878,9.619091070805556,10.090189441188926,10.05440397283527,10.623357252407946,10.033004659727341,10.121962699037452,10.37728013790547,10.221040811950632,10.250422843729234,10.054402936088769,9.919785891685743,10.437958712157652,9.776857794747595,10.2051981563917,10.766416573721154,10.00401689508681,9.924002142049346,10.000794402305672,10.337682020574224,10.144431569611587,10.035573305802245,9.878989605675706,10.098655266114172,10.416751617885987,10.005104701507499,10.233528093815757,9.594444757486915,10.112486762264087,9.799408971763938,10.05048043333362,10.103550275910672,9.433346780757784,10.083190065563945,10.221311906064622,10.24013945302506,10.406033012530168,9.955855690710862,10.321193112899675,9.996567851045857,10.622001389587243,9.772267329345956,10.06998431967027,10.14281840216776,10.416996098503573,10.246743008002507,10.425213477165164,9.816503747264415,9.957251319337916,10.06107062207787,10.26287545448168,10.313162584050843,10.275510336551724,10.05902453990674,9.908646642505222,10.138821198795569,10.128736000569216,10.16941151846505,9.625795939306819,10.037816519038886,9.92625267722484,9.978963758412627,10.292302101649904,10.218727578965211,9.9198540768572,9.633010408475299,10.359037767415934,9.691865354719392,9.948534202276953,9.961519702082256,10.397962516493036,10.212846312463192,10.195790379582,9.909086063577961,9.857688732597886,10.396477267189685,9.960568776099889,10.042467268849233,9.882110630354287,10.070735334293303,9.949289982065745,10.308735401613836,10.051264204134158,10.139416544492875,10.059577158168912,10.187898900338483,10.148875528036557,9.765227212655804,10.224231393637048,10.419840762862076,10.252279857623574,10.340993991632898,10.458492918718397,10.117582282801576,10.200895371689326,10.381081632581068,10.11352521429326,10.41329280199724,10.282194390626138,10.111654161081063,9.960000925006554,9.945413855752587,9.87592265020379,10.065380769165708,10.365581356995321,9.847220273072876,10.239280266986768,10.050675183733714,9.975404597967536,10.270106259658585,9.940786075968822,10.254123795807626,9.942217591499034,10.221869787343566,10.326259163916912,10.17060180066442,9.488521834935982,10.128916193002553,9.76108868242926,10.132585986143079,10.140259427345102,9.761520107867437,9.84064148684023,9.824894843222692,9.451468146410816
10.201618155510776,10.19667537538564,9.94929912589438,10.37163762874044,10.158532881415761,10.08387856671716,10.491212193099663,10.250722159262539,9.65211075453821,10.152643772778989,10.15737210216887,9.617945199704787,9.781899805814316,10.02688571363792,10.07412971358641,10.046587803457921,10.063967154946868,10.46455521583651,10.389420519412369,10.152361523511319,10.112189626576654,9.941393128117591,10.21920908700648,10.008821745936464,10.185924246651382,10.58012032169955,10.481785293785641,10.011804151969207,9.89990663938488,10.093849553577735,10.003182173623621,9.934968445966573,10.18365026270232,9.84363430268837,10.291903191651727,10.106694821006831,10.13299272098997,10.497579870294354,10.38506795098181,9.662198335381113,9.602407912015504,10.151906376120436,10.164029739046564,10.11561004633468,9.861482379458225,9.809925739259217,9.918813501843625,10.500695576166551,9.999556259188717,9.75485433010939,9.603013302988577,10.797519686054615,10.00560836375556,10.488600375272972,9.822643364049263,10.294842008534589,9.620845960428742,10.027190534290876,10.32207020439996,9.979802903813544,9.8114909767713,9.602028826180188,9.994265125540553,10.058111018312587,10.365957145061694,10.079686829681243,10.214696708188741,9.732712240456282,10.337805530037446,10.10389664025192,10.05309552719032,10.436115820974312,9.944603271554032,10.087508652894444,10.787623816004036,10.276528127664447,9.763728256516911,10.078394881838438,10.124074979665545,10.63658603926926,9.975478261195914,9.97064415543727,10.307788898822716,10.3320308364278,10.273050199372339,10.008868080618047,9.930148849124837,10.46865616441656,9.790420937720304,10.161772561945464,10.763651686965995,10.111524693387175,9.931125138863177,9.975177608745629,10.26748518180489,10.087571986537418,10.059420386838896,9.783359340895899,10.144294430027523,10.32482116775094,9.912527105711026,10.125445248465178,9.70985099752589,10.12276539829537,9.763934893781599,10.029463911335702,10.048045676149158,9.473354758237997,10.15037539823796,10.395832737123262,10.27185804194148,10.321188396617934,10.060787466877965,10.391579065596046,10.034984414530078,10.537970550085697,9.812549385977537,10.326563440631006,10.348935301367971,10.41949810408836,10.381893403555342,10.428675681468203,9.919683437633935,9.957451679242185,10.17594023083194,10.312361099551444,10.190353456824932,10.302757869625244,10.096743526487446,9.915891618764968,10.057850706845276,10.056521385790655,10.17145027172845,9.70520596746556,9.971088989910736,9.79069203690761,9.939531128205026,10.401174130774402,10.126015164944667,9.883031351444508,9.813170203876558,10.396313769110185,9.744924597202592,9.864441395423482,10.053998116504221,10.404564945206745,10.28347109512034,10.19198359326462,9.964835656398767,9.95302517863587,10.482297457869171,9.894519200578321,10.17091342613024,9.980593580376311,10.115073509678982,9.903272009593215,10.348758421761072,10.246143529461467,10.16253454995839,10.10904118093921,10.142231198000662,10.057846447097536,9.7370098120803,10.185612415776781,10.468384917708628,10.313338319710555,10.346298968672691,10.302851602480388,10.303729374992798,10.212221762520317,10.256460149563411,10.011486900090148,10.497966940507592,10.079246158597108,9.99611592790863,9.963579673528471,9.910935362888303,10.004090038130034,9.846331392700103,10.313764320627154,9.923551858189594,10.293859139740151,10.10071213347613,9.843979812086692,10.28398963873862,9.908337694138499,10.266657553655808,10.161625663461754,10.191910680398427,10.276548518785333,10.2534359000866,9.491740242364983,10.194279742933528,9.678690401109009,10.073320882278738,10.216244338487394,9.804550754737066,9.953319992557429,9.758200582963054,9.417851006386181
10.195228034663769,10.273840318553797,9.96900696747553,10.318313884667809,10.147166957384632,10.137246455755442,10.504466810436572,10.267737742783417,9.616651389502872,10.227911907243218,10.188971434868785,9.674530197906964,9.73779351368539,9.964024484202831,10.12474808791676,10.012049210668497,10.048566254357954,10.414499471285447,10.501649804029457,10.118487540262358,10.013505904366982,9.964375509822203,10.230980362000267,10.073136109458218,10.214479105987209,10.655747798588626,10.63555285087574,10.058519747645107,9.919931049032764,10.07335839556351,9.951199903851585,9.90036768149503,10.262110471190923,9.931153445595818,10.212825013022794,10.133843115947673,10.026040449088297,10.522618480856275,10.338045654590905,9.691778039631814,9.67628265805569,10.243834546996666,10.182879035203415,10.134354995001276,9.847923440778732,9.768506611399664,9.770704935346966,10.613950430537749,9.965261576800007,9.683017906231859,9.602526981684473,10.850032405676217,10.059393116075823,10.424869172498381,9.704735233937951,10.342579337234074,9.60112440100113,9.975297826506134,10.413921177917663,9.968369970082236,9.799603240914426,9.748332135559673,9.945035763283943,9.92763087141569,10.433940824416823,10.198762391221601,10.313385033921842,9.778627631655034,10.273606908769441,9.975338785559613,10.016448856231996,10.524928761229509,9.941142496252859,10.226088644454496,10.880389407807245,10.346268236012016,9.886663949465655,10.034433331030662,10.07106687137293,10.595801343966997,9.925834316813294,10.00297788118153,10.3799961500884,10.239042367520318,10.383783258071652,10.043756889609485,9.987515580688942,10.489541363379642,9.697970046546635,10.243498723239155,10.71864920402299,10.07513265290343,10.101946159836015,9.967029815469699,10.195477144318534,10.166051779356826,10.080372091118353,9.874667126514698,10.227185224247915,10.377064811230422,9.901791390237083,10.083451505036486,9.815536762597741,10.16404773069668,9.817322659055556,10.14389868023738,9.883505775138875,9.50084329729119,10.066483983170992,10.218983574042229,10.24751114553349,10.41901167872189,10.061138358896072,10.397208640788314,10.128950044851463,10.482987972941993,9.795736141653933,10.408389863927132,10.414527817651422,10.453902285487008,10.350519283131442,10.404466941869728,9.962710706762396,9.871276747797,10.070052693153901,10.261382088232022,10.104575770648092,10.288146528527614,10.127143496914043,9.929955834368522,10.111123710912365,10.011566878804416,10.103162596418132,9.794549159228827,10.119509007389887,9.94437277718577,10.052305129617768,10.35224837211328,10.222098896035446,9.950466142360103,9.967138113922239,10.289613339701082,9.723098348019676,9.794411619717497,10.01851910914873,10.280372400600436,10.303393428310441,10.213195553107518,9.993535382385526,9.953389603137095,10.502156410997493,9.866531165625117,10.160874368248553,10.072854915546747,10.255427584343442,9.900268041898977,10.391344309593396,10.212849621998972,10.108200325669765,9.97208910101336,10.117722397553036,10.117474820911207,9.573493669387652,10.048807188647244,10.560661823271861,10.2496112047674,10.32086419824584,10.431134419733182,10.444432348787675,10.300930447588591,10.252969132250236,9.928105819771599,10.502138781899102,10.118893783736826,10.00444986782282,9.909099740068035,9.95532301076009,10.187465730987196,9.89526068271688,10.17007778572977,9.8816943949674,10.267035274826712,10.093818117168679,9.712114888999782,10.2892385831638,9.934576772057229,10.38966102225255,10.292570988870018,10.226951296751787,10.363166572719638,10.341913378661557,9.614611377961785,10.136102930680984,9.732837620843036,9.93557847526803,10.181064573312282,9.760934232258816,9.988681023075294,9.684208221789106,9.461004718943865
10.17652171890367,10.306479828013487,9.88236969657653,10.393159615669378,10.09672476059213,10.224259285593046,10.496809145510072,10.214418708799146,9.604919447214002,10.274607930637924,10.2424688773005,9.737320805837575,9.673379728799775,10.063254616563562,9.96691004681602,10.007239737420925,10.098045326164197,10.405031798043108,10.53024095616573,10.169837775359742,9.981609877146271,10.02405371599526,10.10500313439725,9.94696337342941,10.340046076557723,10.713316818651524,10.484801660001496,10.088150838479335,9.845714813209902,10.01508076741449,9.901488237955347,9.91121881567876,10.26538238933598,9.792265366310275,10.216156716226957,10.076360855991004,10.091771161282614,10.478055726441513,10.327188286188342,9.637471164553794,9.652023754818007,10.259367505111355,10.204260071757869,10.009627060529922,9.878228548060648,9.692633379163935,9.85217142774462,10.66514970080839,9.949082454708547,9.762821675281003,9.690659816166987,10.82993273193148,10.008587930501848,10.420346002722807,9.785819421680268,10.471590909623968,9.510188094719993,9.970874023894384,10.44280330719849,10.125943204322587,9.783339977684195,9.769381593339547,9.975413135156913,9.743475325257142,10.362217633403374,10.294046388312712,10.357390855070115,9.785702577145107,10.25064223857452,9.953054877550066,9.995856005329491,10.589867874116049,9.850296811464121,10.214355332728193,11.017683027434899,10.426549393446427,9.793619574543479,10.062710340977146,10.121981048366788,10.607626286024795,10.04853820161255,10.103122515855366,10.374320470538969,10.28562289981477,10.567428909048814,9.878326939929707,9.815051283654052,10.532341861206989,9.595885755044511,10.190058396651601,10.830647633065213,9.98432590680275,9.967986046615245,9.876471767123201,10.328307823964519,10.037544860483456,9.995857657983068,9.862749021741578,10.258866789669534,10.371797133934036,9.899983363959299,10.029862867057314,9.905047122530986,10.30422102025361,9.873598534325994,10.12404820092677,9.95849308571368,9.594639828245759,10.171280553468392,10.28743466266192,10.334101491934172,10.314593273036717,10.103471533945822,10.612725627398047,10.226802761145311,10.593693322471246,9.949553001117005,10.446585594051054,10.60379701056372,10.533402179591125,10.394273145885268,10.347602931712645,10.004380961175178,9.823868785537515,10.132394967001472,10.271450277213095,10.071552390716544,10.206760533153892,10.07390910588068,9.819537663559359,10.25089505141936,10.106737364625811,10.264965289522682,9.623508171078518,10.120124166641018,9.833632604417597,10.012454569972633,10.52010068299452,10.162169064806779,9.986103646541086,10.045088578102906,10.382138108814129,9.80081706908443,9.937158875349208,10.088432897362857,10.236617083439205,10.237605338687075,10.207416679999309,9.949675412034876,9.923879726907096,10.605798843088673,9.9254239050019,10.254725450089351,10.049481917027109,10.325256583802224,9.93354597789215,10.406365004459227,10.184618694768105,10.046096560065317,9.943043565874573,10.045903306401197,10.220945428433899,9.61976073127112,10.056415457943658,10.539582656272913,10.304521515446249,10.239755248093715,10.548136997696856,10.359738400950034,10.32318115203496,10.32656341345252,9.93669188598252,10.700168142621477,10.112923853373479,10.094232702217813,9.81014917111515,10.096442810655859,10.148266217902219,9.915675375338324,10.104646619162216,9.872974790018667,10.406874079613173,10.144948634917698,9.579130036013371,10.28131354336464,9.910080366166042,10.27239108700923,10.189320286726206,10.287319500977985,10.387502615376972,10.312503254811656,9.465575748845986,10.294407978501239,9.763960480248024,9.930482496518424,10.249705459995939,9.813335216087467,9.851063423595779,9.782138952570538,9.530626671758968
10.23479944711243,10.30460511804693,9.912126596608513,10.24354836760785,10.091176632268226,10.155989235553177,10.63413695905074,10.1719923474289,9.716241048428786,10.263614049023367,10.303883470632384,9.819339003714866,9.645713353259069,9.949053472249341,10.000080737835697,10.00324772068787,10.124726076534385,10.565389110381759,10.63285087287275,10.297177598117566,10.118347658345856,9.966888803340373,10.055428698907782,9.95522922162479,10.407465695153249,10.815601057849678,10.476539174720353,10.107935127416631,9.870336706525702,9.887983467818062,9.953545027337023,9.8710021185285,10.290508456049883,9.772820825501007,10.278370899874263,10.04582963037292,10.041312653896192,10.579256205866546,10.239850228768578,9.593009640655366,9.599439513690072,10.316843437952208,10.30715410678266,10.069769617310499,10.005856240337051,9.656754066611455,9.83518414706848,10.663814672602664,10.003878717320163,9.95034516797666,9.817357280921279,10.743013368857532,10.060220447416938,10.410560369330424,9.874503199846533,10.492263911884804,9.524913260773616,10.13770116844448,10.562376275930722,10.11034747644024,9.800202755174237,9.890760029355407,9.985324045869909,9.673401151976513,10.383970547591812,10.147260118469664,10.32718867267003,9.716689152163333,10.293516324195474,10.127883804278852,10.073514677964948,10.542568422289328,10.018374947117678,10.15036668854732,10.970290707173152,10.505314053556193,9.643481557714093,10.15611136383842,9.998221030792164,10.609086845228212,10.11030960696956,9.968044593275591,10.329050729977997,10.234206698256953,10.484838226135404,9.929072480973577,9.881169452321224,10.572210080663698,9.490284817162825,10.198517549945153,10.904670428168368,9.923439279958435,9.95148489567923,9.920208210264596,10.443418068853209,9.974482158804989,9.957773269146136,9.778647845833438,10.365634061165542,10.375760800160158,10.097172936591273,10.14756717141817,9.817810151140412,10.357100373547686,9.893153687939098,10.207544841090533,10.031873616770968,9.605015669217455,10.311837320962644,10.283833588880471,10.316674240352977,10.418933033923441,10.152638851620312,10.645388418342188,10.19448222931439,10.679129258752457,9.968009058154667,10.451609092916739,10.686856237644477,10.486838467027967,10.453239722121669,10.39257321932181,10.050145073045222,9.7695630051635,9.979384853957994,10.26599699530834,9.936915155603543,10.31146823942568,10.211334732824787,9.785318061967523,10.38647511230557,9.996968546680106,10.354221420826512,9.56595786868058,10.105295074225403,9.811431046720312,10.018360622024758,10.535166840584694,10.237371292168781,10.014246601933678,9.96096259554581,10.461155311183203,9.880324675362813,9.901610412806846,10.152649177747847,10.265093913481433,10.324948249056847,10.229177678158408,9.9804234920374,9.794205321673552,10.616828654945287,9.933263303916895,10.298734434921865,9.967231834561089,10.272215039300045,10.00114821579316,10.490881795268495,10.127436005150127,9.991759348243145,10.009530291505504,10.083116815751051,10.233406989575238,9.577826421526062,9.95820596120722,10.568169034242144,10.502053953177928,10.175901253778335,10.588382143840777,10.365280174993803,10.267070214211312,10.334046186388813,9.935223582953789,10.624499212847113,10.043877090794949,10.189685400593952,9.83339682455461,10.084864714525022,10.115363505078362,9.900312138952335,10.32233485373762,9.857254829522427,10.388717762690183,10.17014819969721,9.48122183966993,10.322406820766435,10.04012468976539,10.16290932827269,10.246966206728738,10.196436584355553,10.18545220310807,10.298539928011357,9.502211232205292,10.249885479878335,9.76133728188045,9.877596603320063,10.277006401570391,9.78422956063178,9.808780425110601,9.614352969237313,9.461212631607932
10.111616364754694,10.41003300546715,10.010813717472166,10.198061497298758,10.149790427375452,10.059684337895241,10.617747707472562,10.269902833510757,9.588965449103853,10.27126363203713,10.423860933776298,9.768436679771096,9.70189861232971,10.006057241270396,9.868043841647768,9.916710907717603,10.191912344787706,10.47394863146173,10.603330056183006,10.295357880751977,10.024748326883053,9.959135957006163,10.033791895049076,9.891876966305272,10.354875575169668,10.874538692303839,10.518007471133537,10.123707182815401,9.709744816942143,9.906995172979085,9.95709248233006,9.773765685576338,10.2786939775655,9.81711585186223,10.389496138830168,9.986839024796463,10.01801305035643,10.703570182354678,10.157614058109711,9.707819597415133,9.588544128853487,10.301940786181646,10.38926631147688,10.150056370055477,10.028354805128057,9.572478069207477,9.907897897070159,10.75047675978382,10.002189088746253,9.987602790950778,9.882811647931252,10.726000608443742,10.065666985535476,10.350720728671275,9.870345865560024,10.588743367859335,9.464267200704361,10.179135204286885,10.630566136673245,10.120681512871956,9.90997287372094,9.895929165380082,10.059749792639929,9.506411623748132,10.234224073172783,10.160858470468135,10.275119017990336,9.635762093234517,10.22760210893845,10.186895014464096,10.173693613844152,10.444776941116467,10.066136376215555,10.157444894253253,10.930230681587044,10.515360316128367,9.703644979081442,10.238312147862548,10.034820120224602,10.550396647181639,10.050120628442118,10.060707742446773,10.333084497437978,10.178449542372904,10.407881972728902,9.936557973462834,9.860660366303469,10.693132882719864,9.53889157015017,10.253573665891478,11.003175593350011,10.174485129015691,9.943315190931987,9.962482630374021,10.449615473422707,10.036056860579286,9.992778769467138,9.876474683484483,10.4176587376817,10.401578345581132,10.027755085003207,10.159402972259146,9.881015465104193,10.32424662559049,9.850578461889256,10.210216366993484,10.166229993891074,9.745037397387232,10.297931224054834,10.292872530417247,10.216770581793305,10.505182379027097,10.162014186935044,10.709459956942046,10.052726900845403,10.835739165553347,10.1446626047583,10.33301779319059,10.809002021103495,10.541735639458071,10.53972828120478,10.49521110162984,9.982316416172882,9.767502386782995,9.841712203644748,10.366285544957812,9.898973436949394,10.286906637692102,10.302712929524349,9.793893609261758,10.376215785025467,9.941587778032119,10.330269278503716,9.513491858136947,9.935567677584546,9.719004159614197,10.103708294775547,10.604903532328088,10.184843195808133,10.002674921882932,9.897708877420097,10.562064490416144,9.893932522007104,9.893716843141776,10.098906170781316,10.421242300534075,10.332400521831307,10.16853368743271,9.924223882503062,9.723081207180826,10.698818230328852,10.007212006155669,10.285994512673174,10.077749801149269,10.179950277478694,9.933103085375258,10.515614521973296,10.101081868472793,9.897896890807488,9.984634543534886,9.974354991736321,10.168226350357184,9.634371812897388,9.947986906004774,10.690339079443943,10.451901504284004,10.144402339333729,10.635003070961309,10.291247084406953,10.303236532816104,10.299653575367087,10.025381795643614,10.747381530771808,9.887925126791963,10.226619816169634,9.808928834168174,10.214695196571917,10.191475380472523,9.839386560612242,10.280165008282777,9.89166101458721,10.369401792355669,10.214363961203556,9.474313204531983,10.437257070610043,9.951127770976104,10.267974969163497,10.328588371026715,9.98247488612324,10.306487072856049,10.251151308344577,9.476280825675808,10.251405753109578,9.794370968636493,9.983637473345606,10.256887514567266,9.744692776565092,9.989644930576716,9.57632732609431,9.511130246962152
10.065602041739497,10.439721639934557,10.023523905753766,10.19886910863014,10.284736543760257,10.112666043510618,10.721903798100348,10.267646706620859,9.634806662369051,10.459343071790578,10.360045140493101,9.799450115880758,9.72196319490661,10.056414031981594,9.990856088711809,9.906539774322793,10.113425353255108,10.519940365783132,10.703638593445287,10.237132143692444,10.210993168798968,9.967760764291482,10.072484443773531,9.872211885219247,10.342473920355937,10.92173373103539,10.503951964215963,10.108166912759657,9.895804634906353,9.865507478514859,10.055388405873765,9.884195043819561,10.30235386068928,9.91298970610884,10.396594636484624,9.973338059055205,10.181876484999002,10.588628970113945,10.262066253741317,9.658432819765697,9.546065765652177,10.443230905123654,10.430584528653839,10.094341501941335,10.092067058517319,9.530490940970639,9.876893674192976,10.86317985312224,9.934993389625982,9.98126718811633,9.802589799240932,10.768670621055303,10.068423206515279,10.343016615699685,9.886295955656115,10.56268028860405,9.522035475838573,10.187451946260907,10.558119439332229,10.128055449400192,9.86498426946225,9.85169263096967,10.087562835214719,9.62625007962238,10.174724403166264,10.22777056142507,10.313874207634138,9.688925493283476,10.158622455506945,10.206473684959706,10.100596543939341,10.352874161778965,10.004791280047822,10.16568639602201,10.92589302473553,10.571574712571824,9.677821306331676,10.04986798909874,10.054074424488565,10.622256104749733,10.14007268732067,9.948173725967322,10.369351631161916,10.252017503110846,10.383738648845668,9.85155261206669,9.874754936818274,10.742655881206375,9.568683580741686,10.308519515638338,10.980929208275482,10.096758368351749,9.965166737985589,9.948076305293675,10.38321189056442,10.019407050331253,9.960854549416512,9.98475332498277,10.451690713677593,10.359059747151726,9.932678319597263,10.143742235756891,9.970178983847706,10.40195488185344,9.902061310587625,10.286293190519167,10.18823548114583,9.77085112448917,10.177437912858077,10.326647703178322,10.225289124931697,10.507623868220959,10.229521032786868,10.709367652675954,9.941689616986947,10.753260613067082,10.245413037066532,10.514094287324149,10.760663006889164,10.656325259651997,10.6635649425633,10.41337736720058,9.887741826951585,9.742202221506068,9.778111748807667,10.339103053149765,9.945739927036897,10.217389165146528,10.294804321561474,9.871441316216394,10.382937113485237,9.868687779854346,10.361149835008113,9.556345056492363,10.007446860294001,9.616908386440995,10.025118154359653,10.571968313886632,10.273257839916841,10.066361541373706,9.877216903319534,10.675833729485513,9.862547284896666,9.892893633612365,10.097130503081623,10.357266961807895,10.32229510355338,10.181712671927388,9.792474166053418,9.658818089502367,10.834617038566687,10.108476189573455,10.264687560446383,9.970250465011336,10.349105174485858,9.949957527866156,10.514807927511061,10.207996636578484,9.840330830321749,10.097150751669188,9.978039835994249,10.18751946718615,9.592357821316384,9.918729235404836,10.525604698189323,10.48322621652385,10.172868465890302,10.701141451112932,10.410092339717034,10.331053083128774,10.35144218551231,10.175508473354007,10.914891502468281,9.930553791484332,10.11783671017998,9.830165883999465,10.214431803101702,10.223052193595239,9.894358310515225,10.258345535353627,9.871576764007486,10.369670985839843,10.19344224666672,9.584961780047161,10.568738480014572,9.835818662158559,10.17941179982648,10.339141189173747,9.979134315869674,10.369461650436914,10.191639401667837,9.33613121553304,10.326281663569697,9.89693920204591,9.890159461389032,10.305529254708398,9.723039514717847,9.945756946041188,9.567870995576746,9.544398245185135
10.167713322498471,10.496169832725961,9.954888505419573,10.271813539034444,10.304892469304251,10.003239588039573,10.701031633572951,10.340770247725208,9.688916184540242,10.535782143139144,10.414775415896987,9.83105881882189,9.808575353864022,9.974325952370005,10.00284139583302,9.960456610458074,10.144005348156316,10.572575742133468,10.600404735765364,10.218135535857378,10.19982168123959,9.990963062053828,10.075208115275895,9.865893368314913,10.399868938120376,10.967173423034797,10.495121018375151,9.967542861572525,10.131346491966992,10.042391671042363,10.008337601546131,9.856497153664746,10.32147336342236,9.954163882341254,10.431372219577037,9.924009624941199,10.195371766081347,10.296076722415885,10.368720200759107,9.6667187376408,9.595714941695078,10.439520480814023,10.445754287054065,10.244757000433514,10.051794099330921,9.416436821967585,9.816582761460324,10.866664146551733,10.030227925858911,10.030310928120324,9.6660713544682,10.760567923306217,9.947076093036543,10.258721297476258,9.807204735885827,10.576332961540619,9.62605300314753,10.155863084832957,10.595771444836766,10.223360261400986,9.87915701003458,9.827937799384861,10.218627895711458,9.544071302442745,10.26470792869767,10.189774042587414,10.42370024453964,9.713912978689578,10.262939822679812,10.144601302735518,9.943699620523388,10.378878962639657,9.96134056517151,10.126539167383019,11.014388759172007,10.299520968180943,9.745411965496153,10.057845605263887,10.056110062911667,10.765557664335056,10.211942331066583,10.092841469550812,10.347551203082213,10.333656841204299,10.558808031116182,9.941771645727878,9.938137570812282,10.832085145040695,9.600352081240716,10.339890840469893,11.06366318238397,10.082892498593477,9.916595078507306,9.930436306253345,10.283899425450196,9.997514172936858,9.915679925951203,10.002486863310496,10.387134749202009,10.533279436927733,9.837830530280112,10.200193606864554,9.797783877146856,10.502941448961163,10.017746203696124,10.292567632302932,10.216153857650152,9.805743885191642,10.233858014352565,10.300757105823466,10.394897465583714,10.559229033346627,10.266595968165426,10.646481014561006,10.024725731411523,10.75290705241154,10.131415399717362,10.484006676282798,10.71774335150539,10.722414511475264,10.669797624253484,10.373968996039412,9.993528653810882,9.728509781777074,9.77629323276948,10.183228477643237,10.087210751840056,10.297196191017719,10.399496270290792,9.941450346512179,10.327508076776251,9.904970164648521,10.287437300954215,9.532068804674399,10.021719236631416,9.476429586141949,10.113903471629001,10.520468395092902,10.315374849922044,10.122505797188118,9.71420214383849,10.75338868747597,9.741926350110475,9.866463200991614,10.128111446007386,10.371498972587249,10.131025447448108,10.083475620803448,9.686200224755234,9.54503964874599,10.815564097265632,10.172896934924356,10.11598420517925,9.857267628952712,10.354327317769345,9.829280231293941,10.422152768025915,10.238374406512726,9.89098188969823,10.127367978255844,9.900019558583715,10.188841949274888,9.701244859616025,10.038202211116248,10.669559565907903,10.539917957743084,10.26596081901155,10.628020760017325,10.3842729631031,10.137989345420104,10.222075252063586,10.203387778825542,10.773991991358226,10.044015823875556,10.063111924409231,9.904999718085177,10.250687192207081,10.220368780668021,9.971168283571899,10.251131588830154,9.895720812228193,10.388580194133478,10.106190009835084,9.598595397066187,10.596734310153641,9.917726046110324,10.270267590055695,10.341616174700034,10.06770374520103,10.3831065337921,10.222421941145283,9.254346112604027,10.252187504133056,9.915542081320364,9.803086343310357,10.309810539736981,9.676615433121233,9.900850874991095,9.583272360246168,9.602854569937747
10.326299803076976,10.589103303031894,9.973995347327449,10.285408880525232,10.21728513437668,9.905743823029436,10.688446791870895,10.309748230635357,9.692452591413732,10.479793847558106,10.478032274498398,9.800387405279896,9.825981575540025,9.886380448672009,9.993037265556707,9.843421531428438,10.207738567167581,10.620850083600757,10.682331207234427,10.254919426512421,10.179128844525051,10.027936822828986,10.002317295584875,9.896662331420211,10.46642333758555,11.04286433652623,10.562891451250064,10.014735026040984,10.300985644722632,9.980156287792873,9.966421702091294,9.868794971173887,10.242876036344999,10.080017621509583,10.436268283602875,9.821081974514668,10.087927822378292,10.368130030068217,10.285107002349033,9.705951877544802,9.570660581868577,10.647461379140108,10.430356506371702,10.242259553788431,10.188148083537142,9.325875461458896,9.838540500819834,10.960662070315776,10.112894266147734,10.059951401641147,9.722399251072309,10.866176238318408,9.93744047593332,10.152776173428995,9.911467053600004,10.614229305352003,9.785980769075778,10.320659906128778,10.642271187968566,10.27796619848522,9.83248463146165,9.851347677368423,10.148628749063262,9.61363818871909,10.260080392722019,10.226927737346017,10.532982237138814,9.693696729648526,10.278431465708504,10.138965992836754,9.916127376834373,10.279373653093264,10.016991348705035,10.20546290689252,10.85359577917878,10.403239460666718,9.824773588503398,10.003719639691175,10.001477599825023,10.695495140893371,10.165906658511116,10.183488768377332,10.43968877122023,10.339653137662879,10.517520114226075,9.869860717863745,9.948863669472965,10.79478552022062,9.576574164541595,10.34188671336727,11.149939682336923,10.205642105233462,10.012016681341692,10.027724641409334,10.22196791870859,9.973674533459844,9.899525734093936,9.952827816673928,10.35272918288968,10.429721999835596,9.829648478348798,10.195547217419634,9.846996647897512,10.433308994614421,10.060635749477807,10.283508246620073,10.124974048385008,9.799910173750257,10.225892319755664,10.303467008584205,10.36312645177991,10.686360726520062,10.068785232046041,10.606314988499145,10.037272413665283,10.932495141147331,10.331648322971748,10.50471882428626,10.841901159146788,10.67617061064099,10.712967719625103,10.431696261333483,9.981293905257715,9.77752274744434,9.82134020993862,10.218448179757,10.168048413133276,10.278293156453003,10.283888324170695,9.912501906562602,10.288601818484938,9.959190997727205,10.3310424773978,9.657834881461989,10.029157575998974,9.434459858736925,9.987669019082054,10.42923827739792,10.322879197818366,10.132857410627626,9.70885789614261,10.718441796034435,9.713487332107553,9.948379556266817,10.11202797593695,10.345650413935429,10.148810210662617,9.964814570177452,9.578364130848687,9.48810669532678,10.883052010978723,10.215481045793492,10.140484647724906,10.029197456445415,10.376900097945835,9.758077057791407,10.498378577561542,10.176471419395677,9.934972528564957,10.13568515330083,10.094976179781954,10.042696883255758,9.616280013977425,9.976276656825464,10.78061272781821,10.571688799980288,10.233251643364083,10.678178971185645,10.490036929529005,10.143730900592004,10.1929704748768,10.111545022582003,10.799254317153775,9.929031381034847,10.124668535543062,9.745514019465183,10.255665349703557,10.210748515743335,10.019622232478103,10.328836138698524,9.753331283425538,10.258031950913885,10.161179768766871,9.645593844534009,10.680650948326292,9.86408520060302,10.298761873531431,10.35406443414111,10.09834756304143,10.387698747941545,10.338694718493677,9.2676888670308,10.230618727871802,10.020104553189965,9.778118730918854,10.176064038142165,9.663165509523106,9.992617555170577,9.533106158507598,9.731970455425152
10.215405438461907,10.679174490304234,10.146906010917338,10.252254904904564,10.322373835987205,9.947439883275013,10.693815700389914,10.478006912098506,9.618367036222466,10.360949512840778,10.579904165395414,9.77773790023554,10.082689330263035,9.898720245655364,9.938192591141325,9.889515497891523,10.353107571637837,10.544307435677966,10.73877085461748,10.229651920386235,10.264146943278528,9.904425072635268,10.05563483394108,9.907809097309851,10.476415594186948,11.059057649977053,10.544346944568128,10.05207701186264,10.296012281880017,10.039384288525092,9.974873065782772,9.780664922496952,10.183057713016384,10.054589622227207,10.336010564945907,9.708757274105785,10.209375482344356,10.510993337364408,10.322241646145402,9.698160024163302,9.622768081840979,10.763733804925899,10.379051556568212,10.350250644262248,10.191423061726594,9.323394819679104,9.904047692044898,10.946869604402954,10.17627262527409,10.134639574698426,9.632651531072094,10.813689755540405,9.909405579011047,10.042589057701264,9.96107945012765,10.646217884378093,9.884800234552118,10.349649219303476,10.699450157034054,10.201593789095783,9.835859098599615,9.818559040484903,10.086671487348445,9.571829241428611,10.152651088604316,10.292649523023728,10.483276055494787,9.743775553292686,10.241138315032691,10.117824177810252,10.024990576101773,10.230731000157359,10.09291591503802,10.276674466646453,10.931815651225733,10.405528736853881,9.904343646972654,10.17850153677626,10.059586820944737,10.726354502301062,10.240826734062447,10.084260844396724,10.489098110797528,10.380689175164997,10.48712548987954,9.784212050452023,9.993785577657397,10.885004683992483,9.660462950439607,10.355441889514806,11.223847215471782,10.229273093784672,10.07914731396104,9.914937621463297,10.24656604632448,9.9153045170025,9.972100267764331,9.940780755424392,10.387634829743906,10.434574514032857,9.863845788260084,10.308941862733063,9.754169200348242,10.518495243523246,10.054107118403358,10.222609897690182,10.229691140657408,9.915265596720023,10.364534980131358,10.236261885445103,10.35059224646935,10.730091435912628,10.134601845837494,10.487247617950617,10.042643408398883,10.969860721503379,10.330210375681801,10.375150960112114,10.82707426984597,10.842130244943874,10.85514802152997,10.52446958776271,10.037885394121387,9.934867633308892,9.772541226544444,10.28642829243638,10.10261525602811,10.196923167877845,10.135237022686459,10.005559822899619,10.275953234846627,9.993672521522836,10.36091634985833,9.686611877079143,10.031719113104728,9.47338858086975,9.883565621981893,10.39839043796905,10.30801177982647,10.168784078952594,9.846382407050255,10.75797657492328,9.76205264629965,10.06256419264406,10.10335581989222,10.377398177342702,10.137686642517728,10.026474937419348,9.730770991624166,9.515966042066646,10.895192239526029,10.278722761264131,10.264375352052777,10.006004338747056,10.444544828538675,9.68830060587802,10.461600145430168,10.168030441540754,9.895426544768764,10.070955057394885,10.278360134086885,10.103986016984644,9.564881644471331,10.101613911281959,10.657171381404373,10.593195104129325,10.157124589647728,10.791780139126464,10.469392697828248,10.037730782491689,10.27931752281446,10.179034658239772,10.816006725940358,9.93302949295515,10.216024819935487,9.879559302556236,10.234436738016063,10.253286435734625,10.188700862836098,10.316031330389956,9.787925285130788,10.438875507670383,10.111658789527496,9.548537073070834,10.733772412757546,10.064360014799508,10.179559014292549,10.445017052941218,10.007967277421361,10.522677541854774,10.328718717172466,9.321457383942693,10.271017225340632,10.007858454461045,9.722685122452091,10.10822686782876,9.742936658738548,10.065941106944559,9.495331808242026,9.797906678658547
10.27699323933333,10.584035329191156,10.163185957274694,10.075582673141033,10.299882435520948,9.974375047570826,10.692488996831024,10.496876060006802,9.64749169831619,10.471812763394945,10.638344686208722,9.776874497076587,10.008535708499858,9.798298119301876,10.070488540088808,9.92707392493218,10.310977903740092,10.625814683351248,10.78545621145289,10.304668985140275,10.215886073041744,9.889908330297729,9.998906213728196,9.991903525091175,10.548584726458708,11.043904783878636,10.482596382332716,10.118591417706421,10.453896221516594,10.128995853150357,9.958803246330381,9.845766458387288,10.019387777903466,10.069251013855121,10.369947428132324,9.723223149481479,10.331867639809875,10.529335895398189,10.358826118451994,9.900010641683759,9.60603577059162,10.8300128061727,10.444214357433433,10.44580729403651,10.096245922206553,9.40417333475645,9.868320840974015,10.93875649549173,10.175361281661587,10.00846877026142,9.533601266073065,10.818747141008618,10.011068039138861,10.082953984322781,10.032836071206756,10.615324172515594,9.84686496196189,10.28314678749073,10.522127373733317,10.229790646656998,10.02363221984097,9.99364040087909,10.08769404012913,9.570355059144154,10.195734900667915,10.34186331790206,10.535411846515695,9.685629251455037,10.218581615337296,10.145177808359584,10.134244697763481,10.227232559953912,10.080419034047845,10.31073096440292,10.95920640551338,10.371355038285756,9.91661175756352,10.107207795550604,10.037619533949057,10.826601489466595,10.266270152669888,10.156147753483246,10.397805532120266,10.26914475343092,10.576868873009131,9.893904349198321,9.966624807598436,11.05321670113801,9.655750018937393,10.336720535710247,11.174217573875984,10.350522051369763,10.04850194242689,10.009389163169722,10.275370727562375,9.970952056871749,9.794689321978012,9.937830616864815,10.388652375582735,10.369223301663292,9.840762538583926,10.33536562900393,9.73960122079432,10.445391456813718,10.090055809047588,10.414226575804134,10.355055261042434,9.996184929311363,10.280894412448815,10.258690062200149,10.359146613320933,10.662293944449498,10.15229610136514,10.460909476508155,10.04120086901312,10.962305792676748,10.354633852840534,10.304565687768212,10.767213817796796,10.800295409145601,10.888171356774789,10.47871369905266,10.04233143433276,9.835765246084193,9.853435951193696,10.216116612256071,10.134182409692503,10.408390427090193,10.151177766480119,10.046147249118626,10.303968757102918,10.11820029533515,10.435893317061009,9.620737985420607,10.02211049041336,9.540135952662792,9.807761995719797,10.315237847028001,10.324478137962823,10.218301152289364,9.852105377660342,10.760445382280574,9.76389322684535,10.357363845834477,10.174969330311361,10.335476298627471,10.136755275618446,10.021501468908783,9.73127127372808,9.348412701068117,10.769734705347178,10.318675618627875,10.224816011048311,10.1229983046611,10.524036038474229,9.73323808401801,10.432123602871709,10.216875309805806,9.937542132497676,10.065950269033197,10.250769299811935,10.081625079031065,9.618500981701006,10.102509692106462,10.53939845186493,10.562143851370458,10.147664629984561,10.674587105062379,10.39195102041824,10.094157533284132,10.340643841365257,10.413604277265083,10.757957340670893,9.780376206193464,10.25137962464571,10.006329948104375,10.244158130295512,10.287690075701226,10.15077738589071,10.289325409946793,9.889338282294108,10.43863460377253,10.270514647460514,9.5568879344421,10.6243817465571,10.104493238131091,10.362498034351482,10.372514012331049,9.885545634064062,10.423102645320002,10.416585829022015,9.30075512912587,10.350265504990073,9.985036428384875,9.803668290237907,10.154289517812149,9.76391508261875,10.087725685870467,9.606860331086562,9.665189184264149
10.208544608515838,10.620939151509718,10.314625438589957,10.305556822129747,10.366392382162601,9.99100793288441,10.653193068830335,10.557863220565471,9.653090240030716,10.546297277433776,10.64462688560951,9.775283428010148,9.955788833915678,9.820755746940035,10.046208564873247,9.964575910789609,10.450004131432177,10.712471394162357,10.83052505973995,10.310428352969724,10.159088525964375,9.869515705785636,9.959881971065066,9.968423330072945,10.516822413806903,11.107446829165566,10.553310553789629,10.214683411047698,10.53747606777481,10.022517125525981,10.023407674874278,9.820258366603278,9.835362870565739,10.001327338896635,10.563209580473487,9.696505914617703,10.252380607694237,10.67744012643987,10.373798140480188,9.65274044584737,9.847987723397267,10.927001111465882,10.35495903520358,10.472989701853086,9.985301872115743,9.440693513508924,9.854112172651876,11.07349717347346,10.172174919765805,10.104635988147399,9.451823308334262,10.690535732203934,9.97540793918258,10.116455740617443,10.17638475055159,10.508904297750885,9.811563802245985,10.278977819580717,10.648352166366125,10.349924278243456,9.98495719295834,9.947665905497024,10.119032890282881,9.71205000537238,10.22862124545417,10.352437079419195,10.469165828305224,9.69812539946855,10.280075396828783,10.293117937384157,10.160145195249136,10.297258637618558,10.055225477041466,10.21297877778674,10.918141873096468,10.393782757497835,9.931543274007492,10.111971160086371,10.120339818900968,10.824128048773956,10.169032971205404,10.175088880382662,10.406448404508378,10.215786196235724,10.635732112727412,9.967278261765426,9.93475655895089,11.16360529838583,9.572021169858186,10.294581889834719,11.151841120870778,10.326512737691711,10.10915516617842,9.943944991700343,10.240317618061969,9.756717001550824,9.697352964386813,10.137478484554993,10.366419282352158,10.37114447742358,9.938456459377674,10.319541730295288,9.894401180515867,10.390918188465195,10.224093162229195,10.438384813190194,10.318390124007179,10.034458981051184,10.319103028094121,10.339357684090604,10.390721867158044,10.728167666284453,10.168113482739795,10.430464654038191,9.888737227946937,10.923076021810095,10.34730809034404,10.367843574395842,10.78344109951083,10.809297682503496,10.929440805649495,10.50096894754763,10.14492888231913,9.735687458813567,9.795554136447205,10.225581143921929,10.120396240310859,10.477803525352785,10.049162028400469,10.08993155734116,10.286105715000046,10.182786190594184,10.401550826639692,9.566833524318058,9.99367975919374,9.459180542275003,9.753061565551691,10.324181328302954,10.335110919672067,10.207399654529164,9.85670605578593,10.805779369353328,9.710730612817928,10.434929142883874,10.141631674659608,10.319036563426042,10.238554807439458,10.120830065427544,9.595693151024697,9.362880701239332,10.865319533088751,10.233526681383752,10.114193901105976,10.090964379686119,10.495311973090864,9.473901862225537,10.434438758535858,10.261466356880305,10.046101805677635,10.064763354172934,10.129559708191508,10.14122143122299,9.66891164244675,10.1093677279107,10.524258551758122,10.536367759909803,10.07933470345496,10.505129635782376,10.271776251705981,10.271627157059463,10.465057476889475,10.29035112501253,10.787179030537564,9.722116030387074,10.23757188026083,10.003038881309195,10.169742917694204,10.349284362920319,10.056105707807792,10.385405605793046,9.881470217992906,10.471199403629043,10.3361954192573,9.502217942363595,10.751479226256883,10.051804790960102,10.425531741270479,10.26264799875991,9.92475445969963,10.394193423719791,10.63713903454988,9.210964827082508,10.37504228645422,10.01326666614018,9.779349134731131,10.127246469578818,9.78337100078177,10.08867204199539,9.562301385225489,9.454975071818522
10.149996356138551,10.570009393976962,10.44190502317897,10.245516102790331,10.292412930214958,10.014260274349809,10.492084322488711,10.5158861674497,9.61295986848631,10.501177469354406,10.563827927264521,9.733587319292816,9.886584354474586,9.77677283677903,10.132474398395395,9.858466422615468,10.345120468618052,10.681488053685438,10.693008979427843,10.320544730469239,10.241620161166344,9.917011208916614,9.932968235731677,9.827037833458133,10.383485365733165,11.121269505991162,10.551426798951264,10.033394748584946,10.650883255101041,10.137420527213841,10.07239790618781,9.854012407096073,9.726205335652173,9.983981171737975,10.566767233199739,9.619249251394944,10.24524711475972,10.732387583184957,10.406206805647878,9.73620430899916,9.899266604499505,11.003473167907373,10.507980091836064,10.412555198242934,9.956398197999484,9.354798960922642,9.744808924922596,10.926143923342908,10.071760971276836,10.113786553276364,9.216710208164699,10.709248709935881,10.03964111775575,10.11613439694003,10.36065773681758,10.496989266301549,9.760457854257103,10.346465105335627,10.717685091387457,10.345100493219382,9.807789597300244,10.069232811829345,10.10002947506687,9.55940655989719,10.079695255559933,10.446532458978425,10.48845012691184,9.80264800684355,10.17533758139612,10.311113395111693,10.193326547897687,10.386146356375404,10.069245922350063,10.149044277135044,11.025760400735729,10.396706907428566,9.733749221842952,10.21681192760696,10.104153823500592,10.903221665465331,10.163354483088153,9.901671491214183,10.44066904982706,10.238050553937097,10.680072712273663,10.110690359934898,9.990277260541792,11.104186317691747,9.54283225218649,10.392070191480306,11.097036092999451,10.222799924391245,10.206072196605627,10.068099607940649,10.177435977629148,9.837421119737668,9.844783180373197,10.28150578211985,10.214031709165855,10.45756877898666,9.935513304987282,10.173200618689368,9.837506541418119,10.32127644210294,10.286140552158427,10.545646966260854,10.423657066827456,10.190371859990632,10.19288054097503,10.462399875270599,10.445119448671068,10.68502308248773,10.128829783187836,10.50445924419032,9.961431158152191,10.882486355800555,10.450298872679596,10.365098350362828,10.853628506232512,10.856487025494273,10.983637181898981,10.422754192775027,10.186176150177962,9.640639306081662,9.81777142716404,10.31387411121094,10.090235253177744,10.359934579714484,9.964314346958126,10.10677213039885,10.348851681126142,10.159774610732018,10.486110328957562,9.480598722251441,10.021728851992178,9.54421152221148,9.861087204121903,10.461929557409992,10.430332642402687,10.360527635627646,9.671060924540818,10.693380438270339,9.859295740243182,10.401714508076907,10.209601153867284,10.334022300135834,10.235892943231883,10.18956780127533,9.628047422443368,9.28854371527125,10.86762181813151,10.092719652209613,10.056822604249612,10.005304223481355,10.4136768329781,9.417973216011083,10.445337735772181,10.400541522143316,9.99433193460345,10.083079938593304,10.14294880723338,10.274422473255818,9.594801583751087,10.142763443113923,10.54370058020953,10.563347755149936,10.071561525334204,10.531027050253188,10.242830385313342,10.272066862532727,10.384510197064643,10.381420703900243,10.788616017676453,9.666104503846515,10.29850618928261,9.963448650057071,10.207013480434874,10.4173943399609,10.061671687724303,10.432017070255185,9.953508151676523,10.463222603990397,10.376886538015137,9.436439540257057,10.753358558705363,10.06281757466534,10.365015537940284,10.23329751835986,9.940259408552116,10.184562899889375,10.629275234517264,9.16422118762885,10.269058291530502,10.014537146334474,9.700117083822034,10.267300723932271,9.682930015080077,10.040750742347944,9.518588343953265,9.487423169016568
10.090246021478098,10.41938666818346,10.35854966936326,10.300738721269958,10.311749510812334,9.831470404734064,10.634140926575771,10.489574240121911,9.461241141558693,10.532272281264428,10.634369859451775,9.766741571102708,9.883141231724286,9.734311607543722,10.209367458140598,9.843186187633604,10.29450488716173,10.599061740818062,10.683625090507396,10.348205315762266,10.255000671567675,9.928951518452246,9.925846744279154,9.79034779019417,10.331431415208094,11.128972685662683,10.43534514290961,10.088636787877892,10.733489406113357,10.083651582524963,10.105280633323567,9.888520195173792,9.62599541427383,9.952725223871838,10.531121022719136,9.598925292338217,10.394089730369304,10.760460388059109,10.491601249495249,9.66499496935894,9.804661670546531,11.160126959668867,10.385572359276841,10.535132603160559,9.880251996037423,9.400313434523737,9.786055372541055,11.04082025495636,10.150874075456244,10.238952449115514,9.109336426200601,10.743361396188709,9.962567705396708,10.227095084024645,10.304083790523688,10.589968501613999,9.63724459909148,10.340033527539969,10.748367163541953,10.27692632487423,9.930400740479353,10.037260641710828,10.342240453213277,9.63179644809692,10.0853802673524,10.616040804269586,10.660786168511445,9.961284432423849,10.087694551875263,10.379085939998758,10.087393221239958,10.370745700099716,10.036135750663968,10.156344157737168,11.080330000180039,10.215691531465543,9.855826651388707,10.281674393934324,10.106557734630448,10.887515145326521,10.151324216756208,9.873924126386326,10.490314827061304,10.24280201489163,10.68122784664565,10.202180105197828,9.844422194773882,11.279404687517115,9.576043466828981,10.443200004043636,11.194487657195134,10.193777113627764,10.152234284648399,10.177417400470073,10.313865565604544,9.81551900916313,9.847385381441923,10.238389350062791,10.149469419231028,10.681721602363858,9.99523607826775,10.1918203116426,9.869349092794476,10.296996647887493,10.181218577342497,10.531009036121642,10.512491780397617,10.137738839234252,10.125607115832906,10.490238662260454,10.43630891680531,10.69209016650275,10.171162152001196,10.46328493109512,9.900590550710419,10.832595719744159,10.5006520277862,10.500583975311004,10.882193204097055,10.937296408123533,10.933170912137747,10.410133785711436,10.097147435136842,9.76479226638688,9.842633277128765,10.219085085495625,10.07395315404369,10.269915696795376,9.991492217211078,10.160167876824586,10.427900648358332,10.198742069773553,10.441344749969549,9.425700620603262,9.9332309710881,9.614984716022605,9.941549665632866,10.432841952414332,10.399501658099512,10.39324216666752,9.767096524467055,10.680370726747464,9.88454053128428,10.429032558503447,10.250172910723256,10.428162461493944,10.231860071800893,10.189518349170102,9.556595798123412,9.374687817276026,10.865709211287289,10.093576415983124,10.116589860335655,10.010141738957632,10.423100834088913,9.453547294353951,10.511071343059914,10.315394564941647,9.996678637444795,10.203436578605924,10.180874693895895,10.397862306856219,9.556051154250424,10.243644698895617,10.506442785752073,10.5179230982578,9.906612082758343,10.490863374290905,10.231731505791485,10.262736011511171,10.341149417265953,10.371280045542086,10.838259812204587,9.796268985704257,10.44050009184228,9.981194578574662,10.362569736504097,10.533015865610444,9.930257607873024,10.52047588763206,9.893503627798848,10.528622786181504,10.421141067976123,9.434364769766175,10.784985282689664,10.139237214383595,10.448367635223722,10.360616892255788,9.91387222330615,10.215582506175274,10.529388632754008,9.18555592227465,10.273858991764644,10.185947868356367,9.688521854859209,10.41424768517999,9.62443218701738,10.073642762347573,9.519950778509056,9.605519993568986
10.066445387145107,10.452220642487948,10.440935040611302,10.202086059308971,10.355991585236096,9.816314412865092,10.803951263892953,10.663483095580787,9.40950530350468,10.568359252626065,10.67678752886228,9.793863914839623,10.021099756587217,9.843155017156453,10.274290221451421,9.773261074779585,10.455532256619,10.694054013237498,10.824460343313945,10.460664211730052,10.235924919792401,9.959039771113009,10.013126055606778,9.833742413450713,10.322691169120445,11.008666193066995,10.455900468899339,10.137721693983272,10.71733724962506,10.106216806085495,10.113657060730638,9.914549062735706,9.635557624474309,9.790780844550522,10.565314765151781,9.462701391399193,10.505576939818832,10.780983504268661,10.492211508994986,9.696288148918672,9.839034774471749,11.352245950594957,10.474274202948363,10.575032999405742,9.898507995962133,9.394281904788983,9.785255606384615,11.014915220405255,10.078763329175322,10.247856347745676,9.112510670854363,10.873344432820701,9.97094313747215,10.3032471920732,10.129494512542308,10.52628072017975,9.620042764296894,10.327418132522814,10.768730133899297,10.407496863911199,9.714102991597747,10.098176043719297,10.307075088028565,9.632783403064156,10.157565534397275,10.661342299711588,10.435352313966643,9.898716195020986,10.00935849465061,10.41210167348635,10.195074597678328,10.444169571144363,10.086840882025985,10.069950530485904,11.067081001113555,10.138654927962886,9.824424925957661,10.253571971509595,10.14002138862321,10.906078369496258,10.148022342826081,9.895491649528127,10.478672966559541,10.396385520515638,10.716417975976151,10.26049545231886,9.761010746532499,11.350346196334641,9.663616193938466,10.362207495054637,11.284892712346792,10.266869847240194,10.065175020787375,10.037553499715218,10.420155247250207,9.886091701217063,9.813104850013072,10.28717253149609,10.238739310565133,10.836817525386746,9.886211191737104,10.143096283294021,9.912143311839865,10.37785808261615,10.23450068223391,10.436932237282866,10.606560461585977,10.052514069408112,10.180103375133202,10.416200286779803,10.439719764842577,10.622552757708666,10.208298627198443,10.562429746149252,10.074270091608511,10.768311821763533,10.5070403234726,10.470298014574878,10.93009224126782,10.869593817717531,11.030104618982287,10.354586258065064,10.391269988002,9.828548967277477,9.85796419580272,10.146409177229863,10.088398474496678,10.240744754285792,10.09828777961168,10.140410418769541,10.515868010959204,10.217388419445331,10.517766906314273,9.668322980351077,10.07958654482795,9.70022236421441,9.787399250311703,10.401589159585267,10.351458155432118,10.450538913129861,9.815443998994155,10.640223517838155,9.870655740693945,10.453945441879958,10.12789014972211,10.463696955353223,10.41956940262964,10.20489740126508,9.66638902284434,9.35968611316925,10.81724240814607,10.090299900799073,10.15710430426735,10.106939170255613,10.405257262099788,9.476921588208985,10.605352822155448,10.364929927606791,9.949309377920525,10.094963610923157,10.111498116301124,10.409348085474583,9.58221315228614,10.302006875182208,10.405347093009166,10.541413511707855,9.899601036468516,10.489637766688766,10.055224226261862,10.318688458982049,10.295364959027479,10.517725494187145,10.77802824434487,9.823137013322267,10.340581300973199,10.136343587037558,10.399157777299465,10.481773137239198,9.877412029158727,10.579698175466731,9.929729430919497,10.611552565497487,10.424323606456069,9.401180558542334,10.79549889373325,10.090714325032252,10.418712429708586,10.307075258672898,9.974131743522825,10.225504116704963,10.548403689579464,9.192191506686935,10.194606729906548,10.203855242571906,9.641999142879639,10.519391501199353,9.67665676047348,9.957838913921293,9.602428100496901,9.550545751099145
10.156160573298175,10.323186955376501,10.346877406281209,10.2755353854556,10.372843617088764,9.790929824065955,10.8572837724372,10.704138505710993,9.571539073234726,10.65368286591243,10.518460048983446,9.78074592926302,10.171010286564059,9.890433934752703,10.297939631178041,9.933420217327878,10.404811074866421,10.47501153865675,10.78315394372516,10.489104369391118,10.325733501428182,9.933370590491695,9.960236878237602,9.849878459955367,10.33012977167087,10.971022199446475,10.439388798025648,10.111839507848272,10.829878637748493,10.213819443530136,10.135227448698728,9.81425315196071,9.51835791711575,9.821043819474434,10.52148541750529,9.338766504888833,10.436915955457172,10.82471796558446,10.428148827266458,9.740452549892526,9.732665839696894,11.401048429570952,10.464946120160649,10.553956188429773,9.782943645575646,9.613169672730153,9.740990547204332,11.015790765625342,10.129737687117181,10.286237435860714,9.271421580982858,10.755329954766655,10.006686137381177,10.259112496352827,10.21361269857098,10.499327210608953,9.664422889981546,10.35796214180171,10.726450593464296,10.459412371164987,9.636477795167442,10.066647913553668,10.299502888042829,9.612562964130715,10.167569160863163,10.766997043350287,10.456430648295227,9.940361263933358,10.119138480354946,10.454356033380563,10.198524607255996,10.435754504979837,9.985917980479472,9.96819824604433,11.091804504442395,10.139188729947067,9.862205764930332,10.133139879429429,10.162185021176933,10.855833873895888,10.15591689143034,9.96694366975035,10.371532587179948,10.392361842635552,10.930388388710876,10.26769941894365,9.750688088987182,11.321696136402934,9.697807357438457,10.333897181595502,11.332280682987797,10.376310335384858,9.968803234426867,10.057546315578634,10.34967474473104,9.762134586862018,9.785773099494198,10.338937607552745,10.255815748389596,10.804732731082625,9.848521112106228,10.242926320497375,9.933539777246859,10.438214037252061,10.225989392723157,10.449867292113035,10.73712846732758,10.137643919963935,10.063076651721683,10.468287287041159,10.481349411908138,10.598411350886382,10.04953436720134,10.37469084133845,9.905689496440003,10.770098978521888,10.546215229887672,10.367623333293798,10.817832656123677,10.86738292323387,11.050022425156333,10.257630126483244,10.500489791746523,9.81811164467533,9.770205175094391,10.056610395435605,10.19931833226661,10.24127939419457,10.17348361452509,10.243177347791901,10.407015472952859,10.15024847623442,10.452401248183472,9.571749933491542,10.088163639585144,9.843309392539652,9.68284643554306,10.39957592766317,10.390186581107947,10.426903715629361,9.729138673746647,10.743245058945066,9.936814307023036,10.363268059478962,10.155780803504566,10.580147973153391,10.343376601538536,10.346515646594083,9.619555595243206,9.395781421406957,10.752975529401311,10.176835854607475,10.161050943747803,9.999044260136914,10.465660822631797,9.49918213415233,10.742742739873183,10.346477750735811,9.815315231327624,10.20698561388495,10.158604683472428,10.478921468551679,9.65058353390934,10.20433944068556,10.506041765991613,10.52262696122666,10.012807678669736,10.45821378231443,10.091891086129928,10.333412375662181,10.279114290770147,10.510887496692613,10.857861598103705,9.764580540440617,10.310769078180224,10.087671499297333,10.466051371342255,10.443639490818853,9.902021979160745,10.61143882141,9.935359343344764,10.678951321427101,10.52149704325464,9.328620044372721,10.725908653442781,10.053973674077957,10.491638369623269,10.32818562545117,9.911211185499427,10.251803648638935,10.550841461143902,9.145429328691847,10.210916766324251,10.287764259745765,9.738432976636972,10.418829824875619,9.689889009993147,9.887176567573226,9.391508921598836,9.554284928537712
10.2231542749683,10.295868458919545,10.402600795134392,10.165618783921126,10.463351379189449,9.823830716202009,10.756857045446942,10.70424703187363,9.568973274774246,10.542133507968732,10.569800539364039,9.7950099182955,10.13073728426232,9.832063327156375,10.177656800150856,9.921732718755441,10.438639392752469,10.431425035567647,10.89821940469299,10.557697647133729,10.214985852737934,9.848932682688513,10.203204733697696,9.92182905573491,10.348513455541212,11.008161904573635,10.393631049510578,10.223697119228499,10.94956104167883,10.094362978500147,10.296970607058928,9.782494896182396,9.524467285396854,9.824414106243143,10.512420726188472,9.322642059060362,10.39576956745375,10.778533382940688,10.439382332042017,9.665238172701754,9.76014614892443,11.283410845646303,10.50329543309787,10.48522196401118,9.83795118196967,9.715163536104743,9.717490310893888,10.848391094546812,10.200455840835035,10.439680998786962,9.251202711773772,10.810509042899074,10.045053233846456,10.311747592805908,10.119465841665292,10.5922710123431,9.684304442334673,10.399330895213883,10.69998081856966,10.460715073098521,9.500630828097467,10.013061827214795,10.376903808902023,9.555953176211206,10.008471483562785,10.857591196386343,10.57033500765359,9.916343923065972,10.110975088951651,10.43200007493786,10.170209721111647,10.528943640897134,10.110804441721674,9.958346529323752,11.203332555822112,10.158078167951615,9.740145534449718,10.075480372185055,10.04606246256739,10.863525868710818,10.039217327122026,9.946173279797861,10.34874615221398,10.39348696073464,10.938510619713512,10.230705533297499,9.824248606531421,11.244030563687161,9.772012848220774,10.195945694956285,11.302367121365004,10.385423796781106,9.99126772187878,10.077374410887105,10.458129170871375,9.773711892791658,9.733905415657029,10.349591474158943,10.327605609678853,10.95168177984974,9.833774439005252,10.360414650795112,9.862772922531335,10.312542711879352,10.284441336628891,10.483076514782619,10.704769965727651,10.079546394771183,9.877912489319389,10.479448535784522,10.464207166182073,10.783371337375579,10.109352380229318,10.422348578782778,9.99581068970473,10.79023875402693,10.527756541834469,10.308890472746908,10.891520552279616,10.905749270543238,11.094188126830309,10.312290040927362,10.403797793182456,9.947097882954127,9.731625864383627,10.03446832706739,10.2066939211539,10.490890157251075,10.280287326963842,10.174168346442109,10.363111054901976,10.090460652700928,10.498224546847453,9.62995846373619,10.12222430676179,10.019075293289506,9.792344370715576,10.468056048573033,10.544641536897052,10.45531632481538,9.799081547802317,10.791793019823961,10.023073405978037,10.265200476117258,10.158182629889643,10.588620483027254,10.292722873548083,10.527839234604942,9.624084751750335,9.358924633231432,10.880533062386418,10.254947914334204,10.14937037104863,10.095386379984719,10.46064572356851,9.527091478794024,10.658644182235012,10.336103944621135,9.831783307268601,10.44319202449119,10.159769507189235,10.467413393379355,9.870986669564148,10.070882856373423,10.474610038483753,10.613808717765865,10.126077523714034,10.521367295343321,10.118002444620112,10.43385969669348,10.265147448546218,10.44663807970778,10.889964960468062,9.83521855743416,10.216779915354149,10.030769825181114,10.545119113526289,10.482413429645568,10.002359793141622,10.735773812470416,9.848590373153034,10.680143965428936,10.586291192000525,9.29212183463872,10.53743109405624,10.012875853059008,10.508471474305692,10.312225681985518,10.112127897819772,10.217503869006151,10.589422611688066,9.120537088603259,10.146257450188278,10.233352658993487,9.718921547892059,10.431453456345407,9.643864127404415,9.847791353882926,9.347623619659858,9.69720050670456
10.237885814425823,10.105129671274378,10.458431258015404,10.120323017110541,10.407512754316055,9.743245031296343,10.883359969942143,10.811486153153583,9.506012409812369,10.52711882925717,10.671178349805725,9.850998055539883,10.08033735777158,9.803525017435812,10.152468017596261,9.974563148235836,10.41715702174879,10.389364300927358,11.095847938467244,10.514208028491417,10.281688450755713,10.093615365343002,10.199174790066639,9.842622878478142,10.456057970270262,11.047860604306255,10.400264575111521,10.348157466796009,10.97471820878814,10.102201236432181,10.17662741773962,9.714577223030492,9.543707094790955,9.690684965026538,10.525922337715109,9.246203885748384,10.398773786397138,10.704831168864716,10.487879604850608,9.647850836069871,9.785687074511326,11.332154700946152,10.584564529487698,10.668726698818114,9.884625253635974,9.718245847462333,9.861778836262447,10.88694052233938,10.17441705052282,10.546760389443149,9.25489932199674,10.684194375172718,9.981594043669068,10.375101706762537,10.111839306685805,10.621931405650129,9.670988859387537,10.378163848263364,10.630658110856162,10.586967142144191,9.448407685166448,10.006254477204513,10.266518696222143,9.632609094838823,10.046338195582704,10.78919847589516,10.740518174141508,9.95850908955596,10.07815944201565,10.40509521937747,10.13631869880307,10.575801224493375,10.165235419553534,9.926427578728884,11.262212643530471,10.146886527901206,9.764182702858422,10.044863965503868,9.94085431768209,10.952730196379378,10.040170831039813,9.988381615215925,10.362768097641032,10.441721670751296,10.89845631698313,10.313074762377148,9.901804515294765,11.363214707243554,9.857407678372015,10.206552103051555,11.323822981361243,10.299940704904774,9.933536607495007,10.050730692451522,10.613105384043635,9.825913637684533,9.832542233519824,10.383896662286134,10.513950423701896,10.96103320072568,9.94335264664752,10.334973573586963,9.828352059980652,10.359609921934686,10.306174104810843,10.50262484308957,10.680025445754097,10.087624277950011,9.911052300878316,10.508577622028145,10.349958027751551,10.890854350775784,10.130845558743308,10.380670189252896,9.882158118788794,10.796669838904668,10.39957429685779,10.271521983607238,10.894273686815797,10.99935058198594,11.075424995249495,10.32975599686819,10.365787374807555,10.022255742083429,9.719622603054521,9.883986580971014,10.278970163863736,10.498956459963047,10.369860818028176,10.306706703540197,10.438517129966893,10.146829394598319,10.469902746945813,9.694395014198381,10.145375664192612,10.003845979477614,9.837006233582688,10.497048354669499,10.600575601838413,10.57536611988673,9.735107540045167,10.768588447195404,10.0536621507289,10.258969650526065,10.194521460580749,10.664348131005859,10.263534555974761,10.652465367295159,9.524859629394317,9.272653703039714,10.875885880362466,10.292575213751443,10.176729008275728,10.111891314780316,10.5589676678861,9.494678375904957,10.708375999058868,10.354796946217077,9.885290410874765,10.480121107222436,10.083980174414734,10.38733933189314,9.952867233860657,10.163937794642102,10.504435800968496,10.631223491742759,10.200730392925843,10.511104101093812,10.105941434535348,10.507601584760145,10.320132885931365,10.363656842417333,11.023814663776745,9.88852787166174,10.121876691432396,10.048208655004736,10.587969186301834,10.465786141233737,10.037388096717041,10.749288046700961,9.84493514449088,10.719111788958873,10.532625276893937,9.280611132753066,10.500260105081107,10.04672399369147,10.518095553663969,10.451639975791574,10.273336609453025,10.302690052185834,10.739280842621437,9.177779541754974,10.224171857005535,10.201601016820538,9.703060097846288,10.47280118747416,9.522159348055887,9.93513360437994,9.481557736863815,9.723273591669049
10.21882094414727,10.033447882405067,10.454919535922764,10.128532496446956,10.521808335378806,9.739295100357348,10.94063813583778,10.808406663701962,9.514059335586529,10.608682218635545,10.75340743807977,9.813753566003182,10.153168384123743,9.780213656263104,9.97875966802505,9.87368251698168,10.406197213328904,10.384083734096869,11.053023926401414,10.520498883809717,10.325561057715005,10.024455692393044,10.023682063676185,9.874745953502282,10.38860251908784,10.96284799153277,10.288094481525029,10.459804572540108,11.059536053758656,10.142220055341234,10.095143643084885,9.752328634049963,9.429467722156259,9.741083485203925,10.595001578815962,9.306347915697927,10.40723200333945,10.715280032188636,10.604878614740334,9.487495482629647,10.000773775290007,11.302620360997102,10.510128776926784,10.639494744256274,10.019242098870627,9.782923057713203,9.762184598106055,10.871241945461618,10.138717464943033,10.610216203017206,9.211859613812583,10.621488704624596,9.940522595847376,10.318331369075677,10.106777859265192,10.511235033668063,9.629581328543694,10.44553510261794,10.673470743490338,10.801395470946664,9.365841197084968,10.078450647449438,10.271893660149942,9.6782553729145,9.936557479409744,10.790420111635973,10.795605473597693,9.957060968561098,10.095316626053046,10.542358500385472,10.185129897553757,10.496389078775337,10.246985103582277,9.766635623805671,11.331074388298982,10.326182926793793,9.762626285597243,10.034035430852404,10.03813920377962,11.039116123556552,10.02110164947526,10.077812806143355,10.350827871660245,10.463085274406804,10.93173003370491,10.330532186597075,9.945924268824772,11.410723368846027,9.877789728155948,10.171142656173984,11.330490461539886,10.172966468730197,9.879434363000586,10.021122535427931,10.603084588908091,9.878429761189057,9.940704641919973,10.391421639804392,10.593171500708312,10.994216846688557,10.048101960665115,10.275209269875944,9.859302924912884,10.426704557800823,10.370812724756,10.562278338114796,10.82849082293442,10.214859339498135,9.99966487935882,10.511072317119718,10.350224735363794,11.072814839543186,10.02989966925366,10.403551693813931,9.801901658487647,10.821897456868426,10.374376684748462,10.277667195481879,10.818802629541588,11.142796534003528,11.229376103505247,10.411661385415671,10.426339503402124,10.14457983912479,9.70787908498537,9.880939680833139,10.474801952456174,10.482417664170935,10.398579469178092,10.356510091080185,10.35481190617488,10.068113935432557,10.43810933314174,9.770837912329723,10.107581046322027,9.872226735094381,9.718708864769704,10.516376469955185,10.598148341475172,10.557259342332896,9.855644932735052,10.852809061962311,10.159856882354761,10.464556128471074,10.202533230000498,10.629510204484998,10.167404876558555,10.628101205028283,9.498762350825302,9.33062603806295,10.876628288365563,10.353422048002521,10.176991787571446,10.155682922099764,10.591503905530324,9.572304016485752,10.702836352620379,10.31329429929625,10.033267104360748,10.56709764272437,10.20272926683639,10.43097981525547,9.872893887246077,10.145424334398623,10.551632219083114,10.544147636093044,10.271222927658153,10.488411874577846,10.058787118253104,10.536606905771947,10.215365490083752,10.366653423972426,10.894217230422154,9.898936702118556,10.14146762597828,10.103119298997555,10.557507843767652,10.543996609776023,9.925922597813493,10.751501375706054,9.923982464193482,10.751865056183679,10.730212551768654,9.20702532992028,10.50153697679245,10.154346668410804,10.441351515064024,10.496424569568926,10.295990906543064,10.267305833535936,10.643135221145691,9.153237791834025,10.184998249250757,10.188364728247786,9.802617689204732,10.533638909309534,9.457113338021575,9.882261310857904,9.438686980545512,9.70144833762572
10.229084051581998,10.005863192120827,10.340456646371491,10.032572909712961,10.429191647451207,9.727820794460415,11.098534491262015,10.888064020339304,9.410056349466315,10.566775649017517,10.713246418351842,9.87065105525362,10.183536520255743,9.83394067023805,10.038878065991367,9.92550647650589,10.455921421489013,10.253792186754108,11.010243620358473,10.430341757273862,10.372500232555158,10.125579004031838,10.104284751460598,9.851272399508717,10.410571950817438,11.053637367047692,10.286653909928749,10.54663581562077,11.104632598064644,10.162558463409043,10.08528141729367,9.741656127280406,9.426899223917221,9.789167171487096,10.608637296070343,9.346120447516881,10.408136402144992,10.68175811433379,10.618308051686627,9.472395592320856,9.995231049302934,11.375908853942226,10.542849585942411,10.848403962109137,10.133425723700295,9.676469784963443,9.784661740170993,10.896561702365265,10.166679314358221,10.706279105081128,9.117055151651504,10.555819949193713,10.089231811010213,10.269636408428678,10.110636239251715,10.659373958583139,9.666854770060008,10.319934141638251,10.73215856683903,10.87232395825943,9.315770761865647,10.143235963316602,10.378287078002684,9.718740747646013,10.01896180100184,10.758923059738542,10.801914777215769,10.101524001095475,10.185997744796039,10.416953836030666,10.178748880117944,10.314233949131836,10.31694057554605,9.604993760728167,11.436691665460605,10.233541552438695,9.755153706255664,10.143277242024093,10.069186805018614,11.047684395521904,10.084136461725828,10.144419453882245,10.240128112157153,10.446066872960259,10.897560314947919,10.41691830218613,9.823207236988505,11.364210207934994,9.946107414602253,10.23020340848409,11.305501352876707,10.052183397845818,9.768171668932423,9.995292996326175,10.686800902311944,9.83633525291964,9.898729645431896,10.550980376770598,10.544903380195818,10.91859652043231,10.078076721631406,10.313897790986108,9.820385747810674,10.451743105864825,10.468410329309627,10.589119885446413,10.819700222916387,10.382881400483383,9.978321376019574,10.466534323566195,10.292196358801657,11.126291481506804,10.085462445405938,10.415223172904565,9.745229084219632,10.663517504162566,10.442259368737776,10.36683889880957,10.835198973183218,11.195807246040857,11.196322699390842,10.464633005391983,10.418240838342202,10.164279669821125,9.670575315252957,9.85113079402339,10.317753676928623,10.574801758077788,10.421043449196409,10.448121754955341,10.283278782251285,10.060240609886858,10.582923152102516,9.766819885521091,10.062515656827967,9.730842703766935,9.657135462492409,10.58085734638995,10.53396671228047,10.442094767568696,9.799058501839568,10.922354033628002,10.121442754800023,10.392329330201042,10.208826309455642,10.639356026238177,10.075277550204797,10.66410824707285,9.525707665049872,9.311253333740908,10.9405070320718,10.366545217285738,10.162519146721333,10.232083788152737,10.537556142703565,9.680782486300725,10.607526794082206,10.260754409786735,10.071861217736727,10.634501171817947,10.178565768248182,10.461024354920932,9.882008057585553,10.0895107429351,10.536028753280167,10.614399893825803,10.288247024049431,10.446733675831025,10.065541016555706,10.454175725378061,10.286742205113844,10.349337972759459,10.765632278427892,9.863824330219504,10.18593182261038,10.130245949079548,10.536153086600816,10.430122450161322,9.83021821756011,10.562384297149483,9.911847303364624,10.607627311018128,10.757439803451044,9.24626905923948,10.485284071149739,10.065211766736079,10.456841695856717,10.542836087599317,10.271791585394753,10.343505969565083,10.700365984540591,9.224289343711694,10.22813582509814,10.17351192050553,9.861265425071398,10.535848659665564,9.416746445666536,9.939131547545887,9.474760681618747,9.720211041445108
10.230609616217404,10.01524251577422,10.322289221389036,10.097159723789353,10.57010188395028,9.544123564664666,11.106468521622919,10.849812670997656,9.413217372740515,10.494338176202533,10.67396367447581,9.998696191255284,10.171980891520962,9.856534182373737,9.97777565964801,9.890945392895551,10.44748958479037,10.162609752374944,10.912800315566072,10.439724711089552,10.272968177314505,10.087575530848463,10.03916179397183,9.933229386195688,10.530673743040087,11.049641174352265,10.389492465380835,10.6868813226591,11.124114821712661,10.073149497464387,9.948259326091462,9.842592156257282,9.48537014261749,9.882230975955196,10.664640195275926,9.348086564425719,10.344986344100912,10.683822180877758,10.662106852965277,9.521613890495471,9.935268371314468,11.418667356958824,10.523627124585179,10.90455228959956,10.096970542228338,9.719035204338445,9.837840702841001,10.76465214876914,10.348746011460083,10.674132521831998,9.040643918544744,10.460918961202765,9.950350868314754,10.371918788856712,10.062421859945264,10.645601770126971,9.790500992976629,10.308744252907955,10.657900806149271,10.915589130855537,9.3463582880631,10.155106960662664,10.430881311690863,9.60169208767337,10.036664660787546,10.640228081724507,10.649406615294884,10.03752350536164,10.128580652505146,10.283018249175006,10.181059664653832,10.309688057366463,10.367021763469836,9.734017786066772,11.453339768723167,10.265340983308036,9.758171198982986,10.106693753316605,10.199100942492107,10.912218234910354,10.049786140872056,10.104440151403839,10.28763405708902,10.39792670211059,11.114102061783807,10.562681197553164,9.773617258957236,11.423864483127621,9.92795311908206,10.280253404594125,11.345857903498556,10.190398719651414,9.834137776217085,9.951934844705944,10.687363020713557,9.942112705978012,9.952172306561605,10.645073406150004,10.626608853728474,10.967041573102358,10.118782294830645,10.337612926982006,9.835796300573627,10.394732818145682,10.606775317909948,10.615215294449888,10.810628192306146,10.42446596346254,10.05478860751327,10.46016041842517,10.355641400892626,11.217465723746567,9.996700599714208,10.404407501976646,9.784447434321892,10.523212795645781,10.5509933900179,10.306047098933202,10.79398998129739,11.135348201039495,11.22191349980587,10.599120316194114,10.427930580808503,10.163976512674127,9.656217113022025,9.894854252475689,10.248979060752964,10.458525936068483,10.475664949003086,10.409442121492585,10.410124967002144,10.092002121158094,10.484424114480598,9.722876001586329,10.10907767967722,9.776842190065889,9.816228745322988,10.607259238845527,10.486520770688402,10.378255175377118,9.708020922314622,10.989295599622608,10.190520282258527,10.31271506017373,10.276696551541098,10.704404366378242,10.130380086331654,10.603189544916678,9.390398066814896,9.36769730541477,10.98327776833405,10.205797681545782,10.228639779493351,10.153882562805176,10.539988155416756,9.593659167293431,10.613474382228915,10.265335755478265,10.102471083059125,10.558787274937725,10.192540917615979,10.430797346789612,9.878563020013491,10.071645581356591,10.608464968756559,10.577145644280229,10.364998246090108,10.335319189640751,10.07539303688548,10.430451531605122,10.252011706002165,10.36658021889985,10.827793596915072,9.886004590263997,9.999070060291034,10.013424618237087,10.604270701947312,10.379675240212258,9.88147119585111,10.589832567785809,9.862531615759762,10.717796595394486,10.882641206636762,9.23920425748733,10.416646428517147,10.13068653967497,10.520874418868885,10.60211497167475,10.211628693536786,10.26405207172586,10.705608475581538,9.228264241601172,10.294529711002333,10.141518113481334,9.813597358914903,10.644761984999967,9.523898981902422,9.849516597701232,9.52610094591641,9.68937800492611
10.304053881774362,9.982053684520023,10.306795650208109,10.10306542504164,10.675387892809367,9.359724649614598,11.14050337418651,10.87159862313758,9.473159163366041,10.433520340925575,10.754374224044078,9.989067887891178,10.250862674794218,9.895762471754734,9.92286138781184,9.937826606353957,10.52229010724559,10.163852536419162,10.914356062525803,10.39912290841274,10.30019560964674,10.000375285722455,10.057222677409671,10.004710221875934,10.495295862780658,11.061281640974745,10.414078598234193,10.653638956220243,11.05918860970231,10.139950494431428,9.856907614959427,9.805975034742872,9.594383267233162,10.04203271986733,10.845759711091018,9.349967916637038,10.23348295006713,10.806864453772684,10.662431354380004,9.50405253904885,9.871126631031268,11.447037238582633,10.321767298629236,10.894466697656085,9.867738234118608,9.8737035390518,9.779296039178584,10.876641220139458,10.318211241734856,10.633569414921764,9.147006145444147,10.429479409640196,10.032014075003755,10.344089861385463,10.025824772067754,10.61841086607807,9.731066234430758,10.371066475449052,10.60613853982892,10.982018563685099,9.414325006497364,10.213218688017824,10.531331348871944,9.582788204953644,9.965904708580732,10.634818960531549,10.591237938899944,10.02356638138895,9.896443482969095,10.295230978355049,10.307336056380908,10.39074717763492,10.392673264220043,9.703172655547123,11.5584015999043,10.242029048949377,9.893699388014797,10.012586801671777,10.106481683695362,10.766748818670598,9.904671229154392,10.189134694857218,10.463947766996158,10.350942062476125,11.014064431652855,10.534065702621707,9.86132829229683,11.40870554130423,9.990206617906162,10.1830856449835,11.32322395004718,10.208827586961313,9.869770568959527,9.927226573994382,10.71386741725823,9.829838413872055,9.882790346373726,10.735323336105687,10.8647832364272,11.01006394044181,10.057556175429223,10.406997934794598,9.851792441242429,10.339478220128814,10.633578976372545,10.499399035911548,10.779820558704273,10.462212651843325,10.165800128335691,10.433796659633876,10.472320639535955,11.213550170271914,9.961175960087573,10.405544253170337,9.699006977778366,10.618133630110519,10.615984406597924,10.311160754313313,10.85585771118864,11.059314722236758,11.263442886772665,10.592712360956627,10.515765109940316,10.043513479331539,9.679886650637243,9.960018007605642,10.319336189237687,10.417095679491075,10.448239770895539,10.264225239716703,10.444451901872608,10.239066551532991,10.525908736780693,9.726351837739832,10.22128355642342,9.708671960660922,9.678719234131211,10.782773275119856,10.43393774471566,10.417520157806504,9.484375058225039,11.011661794983867,10.243466749778525,10.326222737777307,10.111840396011623,10.855921563571068,10.133479083411475,10.644590581108625,9.2937250624529,9.406817502654743,10.913173108783653,10.087847360573551,10.284251476249516,10.159529756646352,10.582349164044775,9.62871227098256,10.51483176047961,10.360732815964264,10.02858917050458,10.637971748956613,10.300224525894246,10.545500900553272,9.829636205833681,9.977812611133324,10.548781574600245,10.667256951442234,10.24747104315853,10.389323611416732,10.12487021879944,10.448853314669705,10.09162917221732,10.241299564742862,10.876778498274845,10.028889926698954,9.940675133638646,9.984373467007629,10.507225722109009,10.466919809114545,9.944848636786777,10.60835857523445,9.846160570983875,10.655773161546579,10.812348498233037,9.273641540938007,10.43757058088409,10.225293310620225,10.489359065647026,10.508107035663068,10.218363073739948,10.097848797333423,10.715768195660567,9.314544100532425,10.3674435535386,10.01508204749172,9.72755919304514,10.716602146559698,9.670058768468916,9.897292764255115,9.433218577458916,9.655296408110678
10.263528151390984,9.918098683977032,10.355369983600582,10.196683898172026,10.737280096547039,9.423128917177673,11.172470591497557,10.92126114392937,9.472599286368197,10.452566389783156,10.808532396392307,9.876614542581084,10.223594787913386,9.876691736210855,9.893157915535346,9.893835722724996,10.475747109127793,10.0399042303976,10.789063255084747,10.469817963857565,10.346457006210665,10.099254067383741,10.059234731847791,10.17124479011785,10.434860880143415,10.962603278249622,10.480574198675589,10.613207562559325,11.149033573965037,10.147645048495116,9.771730424314008,9.841509946978924,9.667594748254746,9.999653797399933,10.750343589631779,9.311875160673186,10.202651685654292,10.746631792462063,10.835512012077466,9.69605642081992,9.772043808513363,11.549567175775696,10.388599633293268,10.764928522928901,9.948803286038114,9.943280263601286,9.862535972696088,10.757401371507722,10.37714356218032,10.614660708357901,9.307574492431854,10.51385446830729,10.088633965818236,10.264112959607123,10.103636944749988,10.762981656448664,9.694327483797712,10.369123557563887,10.701202615489535,10.990086290158851,9.416686818773783,10.220290161996198,10.623320059516043,9.682374670086372,9.972954816637596,10.761810596638353,10.639141578901551,10.187551412045623,10.002493424514308,10.269509313726743,10.277444800380989,10.4646710540792,10.455028230589562,9.766429139971974,11.830656426394889,10.157007180299136,10.023116905839316,9.903154216095077,10.14265534586006,10.939255550517744,9.94126740067322,10.12181869644115,10.518031886666787,10.302111334111071,11.09133593148591,10.42797950977942,9.839312178001942,11.452604161568665,10.05922900542118,10.080366070435604,11.34887764240037,10.250095641416348,9.826686501246309,9.91651984838663,10.721334561240187,9.87404811198365,9.829768497095374,10.738367696560747,10.954748119621856,11.025273358361385,10.145009984981952,10.578081218687592,9.9161239050971,10.20268873055984,10.647232751605817,10.38670090412357,10.82903383441944,10.457196034302978,10.157480455728296,10.509866949834574,10.562577216799962,11.308613803548203,9.993670705075438,10.570677772701714,9.677222101210726,10.537589008282735,10.61046721855243,10.327579033340042,10.937033499848399,11.206636748822836,11.606120020305271,10.694622525071079,10.483066761498508,10.254961857559318,9.667673540440356,10.085198495675915,10.266592968117,10.40654691708362,10.508407628123438,10.267401453441968,10.578411461520371,10.301540093900712,10.587754253474026,9.816929591883245,10.253564242005703,9.75431097354325,9.740289317640274,10.762075990497275,10.293679591324313,10.351889700477889,9.514069852563008,11.058619410693922,10.23157169726138,10.147456236370116,10.191929845564252,10.895605359153532,10.252482183685697,10.70707528020174,9.372146773107652,9.324385425531784,10.871915332703194,10.149278343427872,10.346221955607367,10.330067062332752,10.630579277224406,9.627032033133405,10.508911274655663,10.385564070237349,10.111807632166048,10.649354082759361,10.292931429879797,10.616447363336873,9.840958039725672,10.010152709331104,10.554658450807867,10.760168499528023,10.285097913113349,10.509323355322632,9.990847580599343,10.545856360018238,10.256577714504166,10.287603279738669,10.859241781204208,9.975603504478538,9.836673197047663,10.10687719716192,10.460912981957485,10.478285704500124,9.885210616508305,10.573134944851837,9.986244412328517,10.649669018444891,10.713181589466664,9.304462123585187,10.385291120442055,10.216808721290922,10.417408848598242,10.407157403516383,10.177797749724995,9.96054994121659,10.673048328989404,9.299481322028107,10.382938522653328,10.11237662646625,9.81285883338042,10.553324571139145,9.742427684262438,9.951335614317623,9.31613555568558,9.552944266072041
10.273032558712123,9.856016475704505,10.360683445458044,10.269530661448364,10.62890842926066,9.470531261194989,11.097373814766732,10.89279704084991,9.489141954443577,10.590775458713345,10.913890558934613,9.898588269464772,10.211809841990755,9.97506616343258,9.929262803432982,9.999029246491975,10.452721191803523,10.039952306526533,10.660783522013503,10.583745013865851,10.497435751252272,10.038429960171852,10.078705851220588,10.038187222003117,10.560289857638548,10.973773358238857,10.493516985498383,10.651785630701177,11.196774798725457,10.197997074027787,9.831529107286174,9.831531795132875,9.752020447742144,9.983051497535605,10.884375622566102,9.215838771579495,10.086341873515098,10.780148704148031,10.9158986510911,9.814368953953986,9.843706626643229,11.626016496897897,10.19429122499318,10.70786148635242,9.930675558033144,9.909527080990758,9.907049143444285,10.912710915398852,10.474634750360499,10.513501161199827,9.36049947196129,10.465378700581214,9.983677690747276,10.27122297161976,10.161391057688983,10.707008304535629,9.678101966624112,10.35571156637318,10.446575668702309,10.988162352729075,9.427124218834697,10.333934646189832,10.73404238281742,9.738971499687167,9.983269772120831,10.834088232526216,10.679679076385069,10.131567041904871,10.09165950239748,10.435289064439626,10.276773922134812,10.50231886795484,10.488771923654122,9.853830771990443,11.948977938870579,10.18750651689584,10.105248882908931,9.811448872660737,10.12564311774033,10.898017500665047,9.961191706300918,10.212736321213532,10.470735668643727,10.297258632141615,11.100967190428902,10.451600220216218,9.81119394245793,11.465382420565106,10.071168888883943,10.061375615778067,11.400755738399992,10.270064159946294,9.815096761454402,9.86223236850642,10.64251277243682,9.845933334312672,9.91107319071587,10.698806359546118,11.003345630168809,11.208729367208461,10.284389018052845,10.339237696151374,9.73146617469638,10.18204224322492,10.602497239328862,10.433742138469368,10.828731041432798,10.418777290608206,10.176949728273435,10.601903117277402,10.665987856382307,11.220153303358071,9.967876137512654,10.46928054407851,9.666261981897614,10.584549583927426,10.43677435862153,10.28580132438912,10.98872069702965,11.171731870052419,11.439623581890569,10.711124919184618,10.480568396365507,10.334028781762953,9.728604740949216,10.093639785869744,10.353110830407529,10.440978924991862,10.613997723979047,10.33293659784802,10.713041715042873,10.343709583504555,10.669491054940842,9.9312014429493,10.439764534633982,9.836122551466007,9.945675521098057,10.720301693277506,10.35960978295536,10.24206044718458,9.62764378452452,11.091894678135763,10.224865811819702,10.185233370935475,10.12602691757777,10.840267218541507,10.229995991127653,10.771092062385097,9.438723009406267,9.224948449488263,10.775443078721093,10.240556563771337,10.379632667228229,10.441441184971213,10.649968399820553,9.728693759151984,10.55119796704683,10.44832718684546,10.17987848980919,10.674658451137804,10.329123173572462,10.765901512459267,9.825763713036217,9.844651586951082,10.608324644851557,10.739451186791612,10.20451830181616,10.559113291483229,10.043572118888438,10.643495351754162,10.16300409379261,10.34752991706607,10.918051951267087,9.915402088172465,9.874565071641483,10.068725759715484,10.529942164051207,10.404870460612141,9.935299512287395,10.661359247182236,10.050351000902866,10.597600098670895,10.802177591042813,9.352398014337792,10.47518318489296,10.37882769557925,10.359244991443525,10.473427455219705,10.024410710652427,9.942258722307862,10.69695205691293,9.275204140049668,10.338226499017068,10.10740452321124,9.904846118248937,10.726499104833481,9.80431925863329,10.015230509883605,9.282061245916312,9.617864463107042
10.274947149767383,9.988593514657966,10.412054510003175,10.241761527910505,10.689673554418096,9.532613914294037,11.082960241004928,10.8513767500268,9.555057919385634,10.58301744311793,10.81362866616503,9.84654338630372,10.226239286505475,9.949768812165043,9.946157810364312,10.087119127577372,10.461356718131698,9.997749685616593,10.532664574818945,10.663234032812438,10.540884989591083,10.050904122678713,10.02299937425406,10.025490583644467,10.596580538476182,11.002250277158522,10.528921857356414,10.759000608959878,11.121298694901855,10.174214918305243,9.883840215905686,9.857088238667833,9.864394559654615,9.985715242304952,11.032350426271824,9.287885343513555,10.079434924745929,10.792474815128324,10.899406128709492,9.86850048788132,9.855259895399238,11.684336858148702,10.21793939925963,10.735885341951297,9.968024081127572,9.926929368794136,9.82155009698386,10.851548511770524,10.537332810572112,10.452194100488471,9.277504969570884,10.511618766081966,9.965200511459281,10.2699837026252,10.372300245169509,10.844206184942308,9.645676052625017,10.281821379598176,10.549688740468541,10.933371660247243,9.471241183750688,10.367972793605988,10.62080622010699,9.699071659782938,9.886527481745194,10.72756506448452,10.723808691154376,10.086013160161388,10.126447945752073,10.384023934324455,10.188139065812676,10.455092414294391,10.378851859887353,9.823121801568323,11.893615421046956,10.136314666900244,10.182372322860806,9.732664118696258,10.191481843183334,10.935234955861505,9.80197599218177,10.231863068704465,10.543164516427415,10.295897985909912,11.332010494753135,10.440145743786601,9.808942020878709,11.47540382668409,10.07876279493719,10.071103224202552,11.312288260993725,10.246037849434646,9.867024548686445,9.719674172960234,10.595666753245544,9.802040301592863,9.831260176501068,10.87456005797814,10.84305162815788,11.23528604748507,10.30456924716239,10.472466429674364,9.62373337792921,10.26899741378346,10.51116013622332,10.399666887910263,10.769233835844707,10.384740305574274,10.014237936463413,10.593669094110846,10.734053873234913,11.342724965506111,9.966369813323237,10.444368781543293,9.76347138075883,10.44596027189649,10.326295289596906,10.358743376624073,10.850703919771293,11.239249619401658,11.338153256528589,10.779666112084684,10.446287801974924,10.340242468006405,9.716747237657103,10.17601889961367,10.449408863205544,10.46120877431172,10.552379949036396,10.321537679622299,10.839944627777568,10.394654345659548,10.605937562432496,9.942190564759793,10.378887785046771,9.829913787153373,9.923295217625396,10.757063102784949,10.38751235661024,10.103202533172826,9.520978420320947,10.96357278985859,10.228285687204547,10.278075382384825,10.088761494786493,11.021095674149525,10.231219189166977,10.741557497305243,9.479045354925233,9.402914040249033,10.86489529208668,10.215414027262344,10.441032697882275,10.390969397340422,10.612545886573567,9.845624440843416,10.457662914689354,10.396979512395317,10.16971885882752,10.774306581628771,10.240675410686169,10.742888653506085,9.89989380499967,9.781803554061655,10.613056782452766,10.71712026171602,10.199060821699854,10.596155825698826,9.855768609259513,10.634238347737243,10.138786299630771,10.465424671167174,11.040142102188195,9.870208126825727,9.956782475199764,9.974710075118644,10.511717975387755,10.455951463966311,9.908965198616649,10.544791132486933,9.961636336071658,10.538071968795022,10.80340247932672,9.318331447416039,10.27488598696591,10.512892448247912,10.426374574845637,10.571202523423542,9.953433276356627,9.957004646688594,10.723288150623642,9.212674655816803,10.307111969742706,10.146928037835053,9.711936387641614,10.65106714486028,9.78040604671016,10.01371822472166,9.146551297637618,9.585879503899463
10.280762497699234,9.960941713491561,10.397435958826385,10.152879319946177,10.656643216010693,9.575179581568568,11.027356225434445,11.001949381734237,9.654452214963973,10.57176480735945,10.876994757889591,9.772945539781277,10.20992894374456,9.909231364815106,10.053131676619588,10.057653972057999,10.49396908537895,10.0189769702388,10.635933203197014,10.634313258483397,10.823211415808661,10.143503111299605,10.0651960240501,9.962237160892904,10.554978958142648,11.033968087880885,10.563674563254118,10.879020381751946,11.053834086445654,10.27819434408157,9.871325317961968,9.899173919587744,9.8637784553677,10.143974158824035,10.940291540052826,9.255226693791508,10.271018362780737,10.907859266925835,10.848929443868052,9.858006659888256,9.896184112338146,11.773427932401466,10.265219332963492,10.782690831905194,10.052812940981923,10.074356353689858,9.786498324397195,10.850626726390354,10.489202413709501,10.291280537716965,9.23104559753107,10.574166254306707,9.89408833383132,10.30250004369032,10.25683006869337,10.750972070618547,9.734514367270844,10.112394674588565,10.602137902617855,11.09368405885195,9.420745896676472,10.3705238098384,10.757809188344705,9.673161027504941,9.867655388255999,10.831099702900078,10.709388669931256,10.02524685420504,10.075961122163033,10.381112353441074,10.217140063357313,10.509139792207712,10.42605326093467,9.922316072911904,11.92321690002314,10.213273830595742,10.289887260878137,9.686460983761435,10.112024103383183,11.021429210953258,9.79789235622915,10.235960775796784,10.561840017826121,10.285669402358128,11.54117841868058,10.597899412765376,9.753664067543324,11.52841603873132,10.01759378364207,10.064654243914912,11.250738875263314,10.251239129632356,9.956276111416505,9.64088357968777,10.597870963694946,9.695740918563962,9.851932523583045,10.841691222837492,10.86101827001956,11.335554890360285,10.331995912483908,10.450122327589105,9.58644922123409,10.124877347074557,10.384030501595632,10.382283498794806,10.808568355025637,10.35709935459057,10.08733055639457,10.543743928999518,10.727939064022461,11.20968388102971,10.044714983340983,10.601408640075942,9.857367790686785,10.501846153826799,10.445808863719638,10.284888031446386,10.965204445203195,11.209905055062412,11.326747988638488,10.827654472729975,10.307879177201256,10.265207043337735,9.573930809458057,10.187374946762047,10.554294217316679,10.561162838652518,10.508751729290797,10.303875665628636,10.82220509876416,10.524182809032288,10.399720399470189,9.946218340554198,10.346319782374819,9.821191530545223,9.97416346586342,10.854480713781289,10.217838662249948,10.119879161521402,9.518785469055212,11.000779538480687,10.29390143585306,10.34451078050206,9.995944454148308,11.13929776097751,10.120664496950086,10.771017401961375,9.585683175999208,9.477157934023118,11.038850789457445,10.360935032961109,10.512135070851357,10.419935681994088,10.596718356245463,9.955530146193734,10.46472748458293,10.251966880543865,10.230944646877065,10.799332231188222,10.264665248405512,10.723719675628702,9.756625775065029,9.91932000658979,10.484982248439728,10.733063061903614,10.168600238130175,10.685957768506222,9.896941823148428,10.641474442419305,10.11658615076375,10.376692606141674,11.107881761861806,9.896437933105272,9.864581644122602,10.119225141286192,10.564747322812073,10.41527641819587,9.854045308428438,10.548516987635436,10.041133465980174,10.525673583342412,10.857917272710074,9.274553784999656,10.247449226271263,10.577412481073214,10.428263603754937,10.482970261922135,9.932655159521552,9.917312133890167,10.700485985974677,9.218328789558397,10.321248304962369,10.083306452964127,9.665457186777642,10.746883026133741,9.855467842598248,10.096702915477792,9.083287151323534,9.756915841874441
10.310699910384427,9.96310967550103,10.279524822538502,10.129686739811774,10.625267488346058,9.56212536574387,11.017147690698385,11.118940416441651,9.685938033283376,10.63887783853795,10.849769519051078,9.85100477730182,10.313204607654924,10.05026655220064,9.82740556568186,10.054844599759102,10.424591607353197,10.19484738290172,10.646396234552729,10.575289239854337,10.783620029718668,10.152753872866867,10.07689715611112,10.144217086999996,10.648501979164346,10.948308062735475,10.46491975849829,11.013167231555343,10.90614344831076,10.468336449595407,9.807043107655968,9.8567347985824,9.983689834059328,10.321545531030662,10.931521952529174,9.106240342279408,10.174503803366044,10.936224860802147,10.8901387646105,9.80220315674058,9.9161204776169,11.783059170768565,10.389997507559755,10.826300318598804,9.991387422901145,10.024824537652146,9.900561097434508,10.84952784506529,10.54332231412687,10.366670404308328,9.095797498685803,10.725443412147573,9.797524198388688,10.340055087232745,10.220205305434948,10.740316815999227,9.743662550608422,10.080013322146316,10.564698384098227,11.230504315509627,9.334952306349674,10.32733480812182,10.708975129483676,9.76372860758926,9.769610896149176,10.650435072083281,10.728839298770893,9.963198307427817,10.076868879431835,10.437967613297781,10.257584046643057,10.546082116592881,10.5381502204586,9.823001937161328,11.976386493314502,10.262642176978659,10.120419777758931,9.597978170001475,10.173506561315412,10.964010646286946,9.898038554903705,10.344238495767085,10.63176707995742,10.46055041965425,11.627633712845691,10.523972219016688,9.735557088129205,11.606981906711706,10.009410896465143,10.102123536407502,11.238642547228055,10.339307182773569,9.947300141197681,9.775494172624613,10.66445979915169,9.713110059223572,9.95947232594718,10.978319193473347,10.958072758461661,11.285348365267364,10.41016816647047,10.44135247862535,9.58581065893841,10.190101613440811,10.291144019593277,10.388065075190834,10.808077376373593,10.531052028771924,10.071126003270196,10.558889941450047,10.817829959141486,11.390264422826887,9.970085448103662,10.596154410681741,9.900115252688408,10.500583445270914,10.282837129397427,10.280982565129385,10.983737495596095,11.107841262916518,11.319935923846325,10.775919897743005,10.199133230754706,10.325955471328973,9.657047802776953,10.208884376682459,10.595086185690645,10.561527381398419,10.516167658686884,10.308190171948322,10.902928132028599,10.467075733613104,10.418042624584446,10.067289173754448,10.462360952288167,9.745015670072561,10.06667127144302,10.668681339911945,10.205693455916453,10.102911489952694,9.517800673140517,10.861340784839966,10.309751173574476,10.457933059269092,9.973232180456769,11.065564337761003,10.147424087979681,10.811142761654782,9.566050227643629,9.430515834445583,10.995565821124378,10.429273829831825,10.579495635144802,10.502987751641738,10.557927922321877,9.94302451129347,10.502647659654995,10.247984271478424,10.18416816833299,10.745763593810148,10.393207340944278,10.665217108187049,9.886144560492193,9.919402035408627,10.454992818332911,10.715131959221956,10.223981574476142,10.654724674540713,9.892462170079558,10.66518500899244,10.143783818104106,10.457362191037364,11.146579087190819,10.061101817476313,9.816071923626739,10.085959778691565,10.429663615005452,10.35984524417065,9.862541151444509,10.525137961185848,10.124757262111903,10.526479787824842,10.925985148051536,9.297847302988341,10.247303690650398,10.636708404072559,10.392933720076169,10.529140193167276,9.887042171332284,9.924908835668576,10.612290957708115,9.176374122163512,10.40840731887547,10.187297767927573,9.610434723485078,10.828088054961556,9.837046698097794,10.100381746477073,9.10226719700802,9.74985435407917
10.336512717667826,10.123843215711528,10.287009562438659,10.218820061228394,10.64289793468546,9.623689096249047,10.956656902159601,11.017500415458072,9.554048099677175,10.62101371481883,10.871490986385787,9.977466463395157,10.323485910352643,10.064159920220165,9.853839581821779,10.08816675620457,10.344298177696489,10.10378251840181,10.698471506546175,10.573200110244873,10.878424368730597,10.182805874164782,10.06464957495765,10.142676116430442,10.817858467565435,10.960142470900747,10.462679322962673,11.03008692022856,10.727756438796659,10.416512932997259,9.7249619276532,9.910432691489381,9.986661363482316,10.33889154778429,10.908786964609618,8.958876874053429,10.059341392574133,10.901172729530206,11.032950857258657,9.86221942251352,9.92518868860233,11.88491831513984,10.423256091642864,10.88726382621061,10.017119801212518,10.08428088784137,9.841695342085137,10.83178074600092,10.451564412194415,10.266358277650713,9.154281339803514,10.834514013420439,9.815819512941085,10.194668294637726,10.286688238586796,10.757220136680514,9.80968286273392,10.123129152016995,10.549787124669256,11.183004357139929,9.464168970488926,10.30486355538472,10.656594002049095,9.898422417556311,9.762304679700065,10.690345675736847,10.778860207121966,9.949305740963721,10.071205357229765,10.398026919659504,10.293126725125445,10.72755377135942,10.566868574789083,9.82870751914164,12.119680410354764,10.373906721969744,10.011188468591582,9.485883589377629,9.881068751872663,10.884166895675754,9.880273847922368,10.466167222211599,10.6650785094343,10.47187729890958,11.56274363398873,10.593630480927628,9.705318198433096,11.658028254537456,10.043398011345339,10.19547062912077,11.232427091668379,10.208266861063283,10.095025207838793,9.612255207575565,10.605776173921333,9.652355767322689,9.965228372704164,11.029544161140066,10.934884512010614,11.231332515251477,10.396757306442206,10.387456255339984,9.641132861009087,10.282641932057643,10.278487316692123,10.549588227888531,10.729266030751443,10.525894898127236,10.080236372436607,10.735226945042166,10.78864988380466,11.492958212078095,9.877843057125,10.77259492364761,9.830182509590992,10.459249588415572,10.472406954779524,10.233591577465559,11.006669676803657,11.055600491470722,11.329430644382185,10.720860443825533,10.098715980005728,10.41156376220142,9.62291577976012,10.349469166682626,10.771569867847985,10.641940207378592,10.593007449769887,10.396051362651113,11.061661152912452,10.677841511579595,10.512365265767846,10.028940450399482,10.519092389850494,9.68476380117439,10.08202778122571,10.717868049214763,10.254562882938206,10.1284302810822,9.601310669448116,10.756056995311368,10.355134155667905,10.503973973358216,9.912359301040388,11.041536045365733,10.298238892301745,10.833522521931615,9.646587097204828,9.3750398954275,10.976491257925227,10.510411706574951,10.745642709921437,10.489820198636211,10.478960179175298,9.802768073332127,10.471058849735916,10.373466058711907,10.197934893799994,10.590237311031757,10.485962190120263,10.56498036425727,10.059921220210274,9.92804230954197,10.486104582568906,10.658956512684254,10.313717091642914,10.794087215363128,9.920438934541922,10.677633464078493,10.037710771378899,10.436423745815956,11.197712752758726,10.017971947636735,10.032674002435511,10.116617142093055,10.533584595923196,10.367867831471845,9.828895188292021,10.647150336263651,10.19455289060066,10.492349557469757,10.838894074842843,9.238486211240884,10.236179801239297,10.683954856217808,10.415606705857382,10.497230371683013,9.779239343709781,9.947985428354295,10.61206212003017,9.106930731473042,10.484629488733743,10.128836593322937,9.588852861658255,10.749019203290754,9.97466236242881,10.217418460585879,9.005710872360336,9.868009951570174
10.453300603607152,9.994432633092584,10.40870961661904,10.095840584409624,10.791688545246311,9.596696521458476,10.930447578592917,11.199391703634507,9.628828936669018,10.560025227383509,10.89856170362511,9.976345386583741,10.314867555952894,10.174742048635897,10.003761623880939,10.156648276296181,10.358104811098258,10.043059704419756,10.726307023304262,10.39011150923459,10.875184550208553,10.276035189590457,10.154008007541954,10.099137427595453,10.751550458965205,10.949003823515566,10.363779689154386,11.075797927680886,10.661784602341392,10.446256408186407,9.765120398847639,10.058798161079329,10.071106422364645,10.411192823782798,11.064669235073884,8.90354045076125,10.1173137509834,10.96281208225688,10.986810213812115,9.928405141796903,9.887700128772215,11.875438800092487,10.417079798183787,10.86048753565099,10.177669230648116,10.141432277744158,9.933255615106596,10.733123079495572,10.53369897932737,10.233144699878412,9.147127867785738,10.928997727378242,9.797040145910275,10.288948339966089,10.350928823852396,10.716695141231504,9.884298778075086,10.206934188485004,10.59164664632349,11.221346982741549,9.512603584434675,10.197865040842531,10.49213139234579,9.831595348889513,9.658712455234527,10.657810260095866,10.757832403582894,9.842645399048461,10.086104447723601,10.504527449167453,10.260590129109374,10.733047125928676,10.5660472190111,9.92911493917589,12.21797617934497,10.382654602971973,9.920293635723075,9.386269935528208,9.865871657903796,10.991420088160147,9.878183425738873,10.462316480290758,10.677965413081594,10.410155002075406,11.548507912116657,10.593708966143376,9.750093877530459,11.63145964257081,10.040813165069823,10.100440999518906,11.257382182574757,10.286520240497039,10.066418495635656,9.553016094066463,10.683838487578523,9.54384593468202,9.976260198973915,11.098199564690109,10.942666769579388,11.173778380197621,10.512498423406575,10.299258825069288,9.548779182406633,10.219559519377503,10.32771322334755,10.56891884668823,10.70184417670234,10.562749628814672,10.255458320825284,10.806477455129542,10.715258488313731,11.504918174556726,9.901225724377587,10.74590000535407,9.759328821914856,10.523610189769043,10.573103679334162,10.172881160001971,11.26332981460946,10.998300657000286,11.224350894240684,10.841680112060473,10.052269409886266,10.548600715891107,9.659965251380397,10.35970142887684,10.746651668813438,10.559690018948109,10.471961788214669,10.510659020582969,11.065246636675985,10.763607724543999,10.474066918439629,10.024997606200667,10.52166546752282,9.69635645920744,10.02063114499066,10.622672431214411,10.148906538441786,10.356914507445401,9.571641496447489,10.763503136479338,10.290217312404202,10.397531702800126,9.86280081723995,11.022352117798954,10.316592215358737,10.759542019964321,9.810715786679076,9.480538747091433,10.912844761291074,10.399160266628256,10.82436431266962,10.448462020251176,10.571775822964561,9.894137686111202,10.56629462209345,10.509043547356386,10.29231441102467,10.541071671102339,10.341758582035315,10.596800125389235,9.947818967292726,10.046514171531058,10.566119870292304,10.645854340728729,10.270917475091268,10.86404758168735,9.915452910835796,10.774009863049105,10.051964423179934,10.41220945383854,11.137501353530109,9.952583858324836,9.998623912617909,10.132300837453581,10.464987377671974,10.409678273320257,9.831160625066072,10.610624805794394,10.269618860208482,10.455646104222179,10.802325053076608,9.219472368432033,10.225786993271678,10.753051870182166,10.373651625031734,10.424152850177618,9.705722798987605,9.928768373016943,10.846176259723986,9.102147601214716,10.557257663987736,10.208794749829723,9.569257964880261,10.628903313503757,10.0345514756214,10.097658900547824,9.107275269706552,9.795546359443007
10.456350555104942,9.83892104795074,10.35051739324904,10.185459786258038,10.779860410578479,9.602811797551214,11.03251704779224,11.208254160172011,9.507864192888807,10.565733643189562,10.891904208303668,9.960542384670259,10.203945511288739,10.260929087570009,9.86641511681265,10.19288637695188,10.256084880999524,10.097425253243216,10.758704544265688,10.33869815672358,10.793745639658782,10.30811231554815,10.100124492761678,10.134345593502418,10.740633213585923,10.954884424044925,10.32658206144173,11.006034572068865,10.654914645196113,10.36720634641879,9.74028289938835,10.043419351085193,9.936039884408025,10.440801189510928,11.112587069413856,8.922230271541522,10.20961710808696,10.919317185620834,11.008308717444201,9.96366692823316,9.78590105205806,11.777706923065256,10.401323597499418,10.909910556692854,10.18164413430547,10.166816331111937,9.923344244998964,10.76034663066736,10.501602610487167,10.284622522058344,9.26293462010416,11.057776533640281,9.735646621465701,10.227267436511136,10.258267830764256,10.692168069510515,9.898610016287094,10.280484981167458,10.632433813178991,11.319191657425664,9.511458992487631,10.20841462245094,10.563382875766255,9.96946796110137,9.606270991914185,10.650320225435657,10.840183731018325,9.813333003856044,10.077352319652784,10.604788193647506,10.236020266519692,10.715543247902646,10.567002750691433,9.906154679815904,12.196229523053832,10.284891928198737,9.876643253774239,9.387066998982112,9.754313252636951,10.939706362635365,9.872593064692015,10.531747148372482,10.766368559674428,10.448756027462055,11.364144534228934,10.575086010693752,9.830854671066621,11.589508064679846,9.968810533202033,10.135682519431954,11.31011758627898,10.258728239042568,10.121566498489953,9.533328463388816,10.727450833830568,9.517603360046193,10.081179486077,11.08599442653511,10.883224434071503,11.168676357895711,10.47553260955127,10.167214251644765,9.526510431752117,10.319747574036459,10.264693821447429,10.648665084409709,10.620726815365606,10.627945623534005,10.25790952021044,10.822114543423284,10.701310041707899,11.517354741623858,9.887377916967433,10.71309144288315,9.808018923370398,10.501075630677455,10.649167509158957,9.944736615091685,11.287522730546149,10.859853545320089,11.15244637220948,10.883873505233687,10.056521927922697,10.6566977177569,9.782483069177525,10.444398654157485,10.73888077087123,10.663734637130911,10.481671964257455,10.55013439915971,11.04389572720224,10.888983876788522,10.45285294562192,9.957130042749705,10.582025345551536,9.84753780847992,10.049352587143288,10.668665983355101,10.121506175702928,10.393807880788254,9.651120671233338,10.72797237272953,10.311557425599833,10.27868942472094,9.914844968991265,10.948416628647736,10.280864833195658,10.727093700630084,9.779826937219205,9.513290789720319,10.963038382523147,10.285401138374649,10.768168681212071,10.571298107930179,10.568282302492168,9.682255638763914,10.63911863485113,10.430682111804572,10.281428370864854,10.51582721651389,10.32775316148663,10.504440721817579,10.04252031488028,10.020329076775779,10.542550085130792,10.627479483825166,10.12148567236007,10.890958650095914,9.980730424211345,10.773452452855242,9.97472590625569,10.398736756530427,11.180042595861842,10.035359050973332,10.092539498044841,10.161478283595565,10.565090724256978,10.414170612997971,9.83002504082645,10.572927241062889,10.205640315099354,10.39209722278499,10.861487567677367,9.172274810540975,10.161108888172462,10.628800067785512,10.391515110501418,10.504684979254685,9.732446344196308,10.1063081204111,10.718755509437115,9.049433407132131,10.626578744844515,10.367447020629122,9.7143137783904,10.688754156613772,10.063096675691288,10.158298218526872,9.119237079634292,9.872819373016121
10.591273138580853,9.767144826942564,10.278767907007534,10.066098890922387,10.6630747468353,9.555730796214577,11.065807532586856,11.199602974854638,9.581984085147926,10.611930546145578,10.8382190207017,9.997944128167832,10.09174466682481,10.318108935795978,9.822624942398246,10.179058672015973,10.279624081393882,10.191234472309482,10.772483223101016,10.350592748561747,10.834015575371598,10.321461561078483,10.180537227811199,10.101004831155853,10.832983741130711,11.016969149970558,10.14553852765713,10.959841021128442,10.711805479942065,10.284437427925928,9.804939539302596,10.028324327288638,9.897889268943006,10.411906746576722,11.052450148479828,8.956801071382833,10.291341157764855,11.003921476565825,10.915039916928112,9.99929698440064,9.818025978219381,11.758538334050101,10.406670758393263,10.933013954757982,10.198045856092081,10.179468728005508,9.901195732493195,10.73921391935996,10.671455445232413,10.227692008696641,9.259924289958906,11.198867672846788,9.81052794632492,10.295584726421287,10.334050195500911,10.560077431546157,9.982622762967317,10.346222893167466,10.613204823117693,11.287238908212242,9.566496082946633,10.166489967593952,10.516974551746372,9.935514067146825,9.686611565165137,10.564597380221278,10.678784755676526,9.738479231296486,10.111310570120365,10.558088103658887,10.133772755837422,10.747688845043806,10.453736172199713,9.83273353599695,12.3004585964223,10.232887975654117,9.86279394853774,9.31055375088987,9.760600624424729,10.987429236980786,9.868266526637106,10.61005884210053,10.748216917393995,10.458049751962225,11.277290464905928,10.685499801279907,9.94836877470682,11.643239277400072,10.023723560970362,10.26964509528734,11.390998687110923,10.221327643957578,10.026199761266575,9.58616934223997,10.762008103336264,9.529871251857118,10.175237738105587,11.037565206445173,10.952592739604246,11.209272805186927,10.375129654396213,10.114458984855462,9.682219289462598,10.396730077662298,10.280728956917573,10.617227343550049,10.689226402364177,10.568406983901662,10.216985926433441,10.771904898025491,10.588339109133434,11.51884390758303,9.863403795108695,10.71263460499971,9.920884554518675,10.464515150849717,10.79438158445264,9.839649479444395,11.31819081466449,10.883087568183534,11.16025465848447,10.83174483097543,10.195216411560592,10.693605681780486,9.866270388384873,10.276567851542282,10.862409746884545,10.581663724488463,10.54905392909531,10.591127283708428,10.99592721003746,10.990706844081659,10.498369269025527,10.004434325380375,10.526781418645287,9.884134408277218,10.058622593649435,10.658707700816075,10.206558731885234,10.304625974200542,9.76842563379557,10.707198685901478,10.431299266025883,10.236597800783267,9.855098885938473,11.073885998416777,10.327723386731186,10.762988217565415,9.89236579747779,9.495921968051622,10.900696695143768,10.27730870743768,10.679785879462443,10.581525770422983,10.494712190649762,9.61989303057675,10.562768213897922,10.453017206573856,10.25514991765158,10.543895974554093,10.407325218310364,10.506805138824467,10.203735270406343,9.90814688894202,10.389538273704945,10.693526761572889,10.103915454136674,11.033505361132653,9.99830537769393,10.71924339574447,10.036086825112076,10.538240972277773,11.148399940669382,9.984782853510868,10.16421142965021,10.042168422329311,10.587115945877617,10.35940566946182,9.837247244706598,10.564384296210514,10.237234937446077,10.357727136341746,10.793586979113414,9.187256839596701,10.097365050820951,10.711228818128752,10.385446074669979,10.593388197672544,9.960360509663333,10.034702375938537,10.636924179602088,9.011887458876599,10.452331586030088,10.346096856106955,9.716131395478971,10.666012531116046,10.028182906389763,10.186342178484244,9.106170480733907,9.996414258232708
10.576804896887522,9.745486760288347,10.134950649268594,10.115586273470733,10.586620242188154,9.405958324185749,11.032201186047127,11.11436619690405,9.5859420148374,10.628393147351943,10.774596299427005,9.91619473431095,10.213713504889718,10.38700252109078,9.746027792270597,10.123737925973902,10.317133856320256,10.138930266592343,10.896171792525475,10.31985454249167,10.81851141389744,10.500905724604,10.112037679255184,9.9716541266994,10.814859015172821,10.93998735624823,10.14269266995653,11.093658795634752,10.730698068429612,10.235607394715972,9.915776079150582,10.07045698136585,9.869232438731544,10.464697606287931,11.067095863699175,8.927082675309698,10.228478002220696,11.017116386556218,10.91583554313886,10.095538491442229,10.01570870563039,11.774252962062416,10.468882576598102,11.135726746034177,10.212954635628519,10.241562914039907,9.92370809207745,10.719303330993876,10.638647187271188,10.269386458603837,9.318638116254487,11.273757241011554,9.762886783178535,10.305724219436394,10.417371281071551,10.527169536849753,9.909049282130706,10.223857114384119,10.608175238688098,11.132239922154877,9.632890754954355,10.198153566885185,10.49021341576165,9.924348670387857,9.65944411062186,10.555572854897845,10.712185349202022,9.74294901134335,10.136716767995267,10.64418036987876,10.180366667672113,10.688248606187193,10.39980802523483,9.793476679645199,12.204448414937637,10.26546859495069,9.98872645981452,9.436700718859395,9.745051468311214,11.065901353307487,9.922995274910182,10.538680317905438,10.713561985306587,10.301168917140082,11.301081947010266,10.656544470437222,9.948900711548221,11.558823106995085,9.984186344082932,10.43883443532229,11.404458590767012,10.164283334022254,10.106868419700232,9.560422264477532,10.698188663678517,9.556558476837052,10.182509813256196,11.124954526583336,10.993359084360673,11.30968028859934,10.35536745961213,10.113680354535239,9.768594492411927,10.418333379600067,10.231005993662697,10.590191447716142,10.517901882139977,10.567042645742891,10.17478076043832,10.830733985532431,10.613703151497655,11.41800935935738,9.927093075352776,10.722648380878917,9.936463024391209,10.54574644275698,10.742407096265163,9.75733468121487,11.261587957064148,10.77335710984845,11.114162907013023,10.768564362850565,10.098993891973983,10.86221474968255,9.897008339504787,10.260758747409902,10.881311909110954,10.63262783826359,10.553222963407263,10.755078392253504,11.012702768409598,11.081836384858443,10.50647324213883,10.051275626708582,10.526179999535149,9.909731777946233,9.862120749098692,10.660163809596892,10.308437520758044,10.448952664416003,9.776609387507603,10.695875088368801,10.374985469641363,10.219082545913801,9.83384889644684,11.178454767728145,10.34596557334643,10.763787055528475,9.817651309806148,9.505482674615024,10.973864775249853,10.29100736785609,10.530918980043483,10.559124100388056,10.464179067401401,9.491336846299319,10.49624349051084,10.448123918538291,10.403771440096529,10.511769444356913,10.501628692890463,10.510701028056491,10.185751589583292,9.942310975788306,10.413322432546128,10.756088281206576,10.201706722288506,11.022306155651759,9.964308054055063,10.723980601255814,9.972343217956551,10.493852655783865,11.27403642645327,10.034331250185062,10.184772136607421,10.009767049813512,10.651951951881372,10.412778061053586,9.816073113755255,10.620022930210858,10.170112791115466,10.344155889617097,10.705449435750257,9.271704613197914,10.093722015842781,10.766001582266497,10.399174961991019,10.632586453087418,9.997396740128917,10.081852703319404,10.591936817355833,9.188663455907921,10.427773343242196,10.48073233204045,9.542632726366369,10.6572498889184,9.974444916687574,10.106251303774625,9.052617877812155,10.092268645463033
10.548586383505265,9.663687204193351,10.292958706907307,10.159325830519396,10.634938325795263,9.29423897582938,11.098021162780062,11.17786277351972,9.51835662687221,10.565560131928342,10.857433719016676,10.017508388533502,10.305375604477131,10.319841229924489,9.774939278285746,10.039293005667998,10.418827765506888,10.226474455054586,10.79319563048741,10.343435309197533,10.8356497680581,10.669875951971104,10.136996886241185,10.05414632511687,10.716334416443928,10.85953756452428,10.218913470634151,11.185948993548381,10.659053223979107,10.250875672835583,9.927023182554638,10.163174085687285,9.976562887706919,10.41301791761879,11.11390805024305,8.742314675702808,10.128068709869344,11.109896717931377,10.96814250526033,10.083727956527106,9.992847492293729,11.87388763288774,10.315009923046949,11.134521312778153,10.195886283601958,10.237418691078279,9.94974220946041,10.733393814673718,10.56571243623344,10.259743291217843,9.398499969877046,11.408886580261607,9.750407391920026,10.477849056897579,10.445473522694789,10.499762387899269,9.949114049258503,10.1685983617699,10.562843301708773,11.181083318275105,9.645774870962924,10.247034667956056,10.480896456146565,9.936188385384336,9.521435793731209,10.390507590553943,10.686272105736737,9.703212823167425,10.070239067294269,10.667340424800706,10.211643579418302,10.745390892452544,10.421215436929543,9.69292246450151,12.142544212115324,10.237242781842431,9.912478102611697,9.446061327541013,9.819509635523154,11.291253142757977,10.011937783805138,10.473170786796471,10.642591607155344,10.228685883362578,11.325221467646394,10.784527824470361,10.023764940814818,11.549138052494635,10.038455493394002,10.486361444742867,11.380829509200666,10.07394916103291,10.035727306728356,9.4605373955539,10.822934484688197,9.610256996979627,10.215755393276979,11.028487003074758,10.993343276787833,11.497237243627248,10.359032231500324,10.148372770485016,9.659107301131337,10.446704172685477,10.304182024558525,10.55496323744669,10.569935080114691,10.672813977840343,10.083289162564721,10.832152910839964,10.60259826188095,11.50555314709974,10.015401336252683,10.699583482528904,9.986596909741255,10.557256487444869,10.7953118858741,9.747142611827377,11.139965721683595,10.80516553714288,11.013350684228746,10.812159051940453,10.15754868729899,10.997093030506322,9.86876882420415,10.32768297632928,10.942738374701543,10.470691428852147,10.475350130414679,10.785930608906915,11.112547334554822,10.992775599992875,10.47245354745755,10.063395155677412,10.515710859950621,9.941414051920884,9.980746508290691,10.610734002544675,10.256756331428099,10.518841920980883,9.71429372963769,10.776184625057311,10.36276541418195,10.355866232237819,9.838616336400321,11.227013002175648,10.234849602846795,10.748845229992444,9.791959491450285,9.450931842191478,10.933239830459302,10.195662381303562,10.49099248328477,10.528721701219418,10.445825308703615,9.451581416656255,10.49679777225267,10.561867347241236,10.3265104099355,10.591483171724688,10.596423187656843,10.578552264116173,10.31994935004725,9.918258131308603,10.330677823118174,10.80977121256966,10.223726131625087,11.112114925909113,10.006973671450007,10.574217084430016,9.950233605335377,10.571800784204752,11.200563777885996,10.069596167013222,10.23838650596063,10.010784385501614,10.552833497040943,10.463297620242082,9.932894684755933,10.512339236326214,10.23159856308556,10.394291325745872,10.75861574872688,9.14770310106758,9.979423545728176,10.828378604655219,10.275475653940056,10.653864577677547,10.08082466091302,9.919606239137986,10.533290192132483,9.254247410023384,10.389164624116457,10.52054620888707,9.650906665489364,10.868493811982153,9.983330036165482,10.07851896568801,9.16714072377676,10.00236589914514
10.566645438605493,9.670238800130475,10.218440801524046,10.094214746621704,10.588508261028737,9.302260678938124,11.207871392210398,11.274824546373848,9.499418449079839,10.491629121407257,10.82584945443938,10.035150776450095,10.284769770489937,10.26487347058098,9.816057734596296,9.837850193990386,10.430267442460957,10.257497996502815,10.797031034264718,10.328667519260238,10.600632744175229,10.662506263807293,10.167060002197394,9.974111181178545,10.631183574057822,10.785517073905474,10.115875998706796,11.272145297103593,10.656229835565775,10.252126389047522,9.828425435411942,10.292067127997518,9.892124186944312,10.296237517226148,11.256969058444055,8.825383614847254,10.182906592413886,11.269771761938044,10.961299701523034,10.064058981414856,10.007560409200194,11.882024143538374,10.366147238901906,11.18870946862216,10.142061404397621,10.141300412804675,10.007138762293383,10.635162268623565,10.650173750439356,10.252274218105386,9.559982930318268,11.352698863882605,9.681201431937938,10.475293458704023,10.461685757543853,10.503351467587102,9.916779961665375,10.20348473256787,10.535158941794714,11.13228786296488,9.56024924856722,10.276252384106309,10.637896999223846,9.8648057554202,9.537399351475763,10.306073399201189,10.603651046498612,9.707001505425058,9.979544378183519,10.607158809542168,10.17411824642117,10.827957771626,10.331722819918172,9.70714810375422,12.14154431949942,10.23183311299197,9.875370352059043,9.383663294906338,9.849386373436449,11.332514597459538,10.093473547483594,10.472119169400733,10.532507867913237,10.375761273199586,11.414990334919372,10.822766964175045,10.027307728450827,11.530478926731632,10.029760802962054,10.52480440023857,11.320063767666248,10.134436320698104,10.05029397872312,9.575358090312598,10.745181316000043,9.704944442270543,10.291564502150571,11.012001074830149,10.958064598442204,11.418523075979229,10.316826367741236,10.09982556173709,9.635042160453487,10.439782194891237,10.238531479091384,10.482141182717347,10.635783719979113,10.629098160781156,10.149433196694243,10.825260620484324,10.677010805516943,11.362427545258235,9.996895038643313,10.87121766597837,10.05343000958097,10.500522866794885,10.907212121514947,9.952910764018096,11.135282859116655,10.808100186143148,10.9534312417996,10.887286850762772,10.255303301661739,11.182017706825611,9.88393539746928,10.488801210479162,11.024115736479464,10.409937938251064,10.555989734070799,10.82320524789257,11.257424693198884,10.99319108659811,10.503111101381293,10.061261989588608,10.470966355970425,9.868073011785581,9.985962861598075,10.573945692206832,10.280584278443243,10.499875833670297,9.885744269624588,10.72278920597718,10.347579877579982,10.269921508777136,9.853034741033133,11.298758972884738,10.33737979016381,10.81745857194049,9.707267569385747,9.511914328772004,10.895817330753033,10.244088565848223,10.547043475764697,10.588334102108607,10.476798004213773,9.490731956496706,10.540683949936954,10.643644277689832,10.358468000834751,10.718795189256532,10.55415138535947,10.650585180999956,10.343784541333353,9.877483602285647,10.369625633292932,10.718000607574744,10.287152900646177,11.03892253770096,10.07546777649149,10.580852783729416,10.079108969234516,10.559485445654145,11.228844772441978,10.190664216262379,10.267103367123454,10.08703569718855,10.68455815116257,10.46924798856906,9.950078645728441,10.450758309896306,10.18768664648721,10.557284984526941,10.886650013514032,9.143921171990678,10.037149242990358,10.798218103975945,10.225339632861129,10.71598925186334,10.296233213879455,10.083424933123926,10.514765886721703,9.17241659277258,10.38095100588752,10.611869570063744,9.817765591874638,11.038619788340437,9.907188067166183,10.130736250318947,9.343189777482761,10.006766562165053
10.605080516393441,9.673094987219818,10.313178226978076,9.98563898649002,10.567462595466493,9.396345798199553,11.174638062614681,11.282782976337913,9.55674430700984,10.565019963552162,10.881366535718652,9.989672818050568,10.232703056269587,10.372681720987282,9.837833560707764,9.920168898999464,10.314275864285662,10.266274817772878,10.733153288195474,10.16937284429812,10.665028242961132,10.746967972012488,10.11037788133038,10.04912489907118,10.686084783381089,10.856335564930658,10.027896849152082,11.324159460499914,10.55951404820971,10.320580732859082,9.775671826079623,10.172172411142979,9.982927624097375,10.330828753112208,11.195703502107802,8.82284812571082,10.125386795895015,11.386527208560585,10.998995293411864,10.015981850886652,9.960948591472729,11.951447485735702,10.460370017039335,11.263658348135591,10.148035832071193,10.160049122029779,10.127095028197248,10.859259408879412,10.616550972774855,10.261549083403228,9.655441717670223,11.360623778358024,9.574095523904099,10.468261475174161,10.5415155211045,10.464773457159545,9.992065497009571,10.21650584105379,10.597453526670723,11.219395909598541,9.531356441739387,10.293523275007848,10.717975829819293,9.901972987020168,9.524590781935194,10.311234108586637,10.538981114696568,9.801207241163707,10.12306282728361,10.49551835158151,10.38830998037121,10.854135474301094,10.31952869652094,9.688907818542416,12.187367002127463,10.209742438522744,9.846340528546797,9.368494391579464,9.8667728608344,11.410396535250095,9.98163994463962,10.387806863938465,10.532124041011876,10.33753888326619,11.53163920232477,10.725201718477187,10.04506763253629,11.526899737254777,10.125109796718881,10.571972021466491,11.312339568898254,10.213295312093782,10.136670839162909,9.714843092717453,10.872968922333795,9.68816506346111,10.297956833165289,11.01092271536237,10.9501845904832,11.33878521036206,10.35304151006851,10.064820843833514,9.640754832281756,10.432810080956289,10.240989045112512,10.413731132558476,10.665279225368208,10.575175834352496,10.288416021010114,10.929999764724966,10.64696638823837,11.440638096744218,10.036644134526293,10.828118593225339,10.088616741697862,10.40481408341288,10.893147159577087,9.926212859098566,11.125357174089052,10.811069809387929,10.96230478137809,10.89667228964697,10.168555341851734,11.112824262847552,9.92100230623027,10.510114836622403,11.09978028669895,10.381665748079303,10.5895898614982,10.643700072000664,11.299583034023607,10.863686177340622,10.536192995582129,10.155912219430705,10.452126167744758,9.908120089667161,10.020499823588088,10.668319431827383,10.310302610188785,10.538214077608727,9.808894171053854,10.711499330422678,10.27865414114933,10.272214237491715,9.863864152727079,11.2158183074772,10.340746708853061,10.834863081644261,9.663059812239323,9.599397144947229,10.86957541210988,10.380221361034685,10.432104218038011,10.626605786895352,10.417756867105654,9.514739486998955,10.481469107659352,10.66284402408126,10.417924320386213,10.722696586960563,10.750927876670714,10.73155604739059,10.387483671719956,9.775938706731312,10.283184976971151,10.6799869856795,10.29780379934755,10.98316587578819,10.265702409894887,10.718813021988097,9.971913324033675,10.645008445211053,11.088752031959856,10.024852588836767,10.35244070621884,10.241148581700854,10.66072383013202,10.41411546910168,9.900085146882581,10.475871683340669,10.149539961636435,10.586010778667355,10.92475341536188,9.123242300980541,10.116965966299984,10.957122585848117,10.291868894873518,10.739521284227319,10.288760078646124,10.013879505038453,10.580919464735869,9.190995570316819,10.213245497897598,10.623058023322612,9.849646795438506,10.920802259845686,9.782844329253518,10.056323205146077,9.257076399677997,10.0427619518794
10.636649508909176,9.558981317658107,10.335973473447648,9.988064508569124,10.716958830715233,9.370941416032379,11.104654928774455,11.347425304635452,9.649081492732876,10.696617768495178,10.865300849460253,9.918342547014568,10.291215230479928,10.467293540475579,9.875218843725499,9.961723058065298,10.470620651918752,10.223974331954262,10.675018059938795,10.21757884918431,10.726370574357826,10.801340750374491,9.922904497289004,10.131203008769257,10.715317743289134,10.743414815871313,9.990389530928315,11.39534406708236,10.618474602378168,10.514489983706511,9.871010040936014,10.187716053665277,10.014899975495366,10.308032625302527,11.151533923358183,8.818119102196592,10.120967336614456,11.299257200680191,11.181107429240086,9.87208191330301,9.893001733949788,11.890016220903956,10.37622003885026,11.30358835564496,10.130644162308856,10.205122064733326,10.067552205254344,10.776555569480673,10.691582358790138,10.324400439878936,9.634355880884431,11.338019285211809,9.36444707555981,10.489338528172082,10.469624796837387,10.517922354837804,9.916997691705163,10.210782630580017,10.664614930824127,11.246804320826858,9.639303758517814,10.131792624201312,10.669309182914779,9.92060097254901,9.52544683359042,10.319454161502659,10.443384324366146,9.817905656653624,10.05783818990297,10.561383886462485,10.44523818135493,10.724951576383651,10.182196846603706,9.782273373864394,12.240200464911407,10.375483392048588,9.748615930894772,9.30389916511132,9.897344708580265,11.361566314037256,10.047407125220682,10.353163650431462,10.55630787696086,10.336794820367933,11.540084754625273,10.762434599400128,10.077254040140746,11.413230840702035,10.208830495145584,10.733943988807333,11.349687641351386,10.182124600233191,10.183979752008405,9.580495627110329,10.918667919790945,9.772983579394426,10.345125935048948,11.011623163532425,11.016054607335445,11.281332709744644,10.322006615819083,10.070594413607635,9.638540851102436,10.517784147564385,10.207106398431355,10.348739514671982,10.641821633480495,10.780539160233936,10.344086897590604,10.928644651392663,10.527698535931622,11.496279387755122,10.089324206445902,10.817079750179216,10.029888052384786,10.39835087662939,10.909648675619579,9.959334130826655,11.169228507510146,10.983085821864421,10.832679052313194,11.045761918478096,10.024845876769689,11.165984719561822,9.903177543966311,10.478014156736844,11.106884281758685,10.369015961157844,10.65843587724021,10.708222343543943,11.26824313353957,11.020789884443435,10.45967081850451,10.299273173494454,10.463398509209343,10.030830105696397,9.934232933915295,10.692660574117834,10.219589481070308,10.358699455673353,9.694669030740997,10.81345880045257,10.40189048348148,10.295968688588411,9.791593527118819,11.164194217316272,10.248248122401865,10.692448531809116,9.762898684151164,9.553784231249573,10.830721242471611,10.384555928741353,10.488840731118,10.542897053230107,10.330216821215465,9.592940021619722,10.436523799383586,10.725169365591993,10.486882255365343,10.691796222028009,10.850503162660132,10.823606765776328,10.288330014024234,9.793263469063604,10.28729343432737,10.750287490579202,10.365223655135233,11.16962698885251,10.38787655652431,10.6971303468239,9.978840859399257,10.563454449001158,11.202379570150825,10.005697150449757,10.445792332366201,10.311783523446858,10.700626634204177,10.390902251405103,9.857996579478137,10.50357349243151,10.250160326627334,10.605979545923146,10.951204716932194,9.156064518490291,10.116145908589676,11.007888507796817,10.334652910662097,10.798214977886788,10.334414288860208,10.048098031579563,10.547004527031856,9.211616281897317,10.27335801279853,10.541572236104475,9.869455430142022,10.984025523641037,9.679319922751995,10.161189656910354,9.272694065388519,10.145376437974964
10.750006579580214,9.581843083696253,10.335802373540199,10.033452959059549,10.711850678006039,9.395154232583284,10.97431794917077,11.23356747224702,9.664846592906825,10.676424062519809,10.95430416501556,9.99294837950717,10.23800345867061,10.403572959024864,9.74651588692316,10.123672996007567,10.49101160566453,10.179597135871683,10.676462223173747,10.306717829573243,10.699359063476498,10.836078100698751,9.857269770399055,10.239825596772548,10.810975631473784,10.861112421654488,9.96914591066395,11.239905631950448,10.618847298693808,10.53438637852828,10.018227367059094,10.065848147347664,10.059527328499799,10.398190652013666,11.196462184143778,8.96723808857872,10.061375226251617,11.234585803640991,11.072005005762056,9.745918596130455,9.95589223909885,12.000168176915661,10.219332865056954,11.202530912750074,10.084751787303468,10.258396169127083,10.145387390893962,10.768842054382725,10.653890781234898,10.33854067211076,9.702276264824986,11.380124258108317,9.350078013066653,10.36224947100294,10.518966896809456,10.383795180110111,9.974569773261775,10.226601938856916,10.678232513677692,11.245257564565105,9.6093238370696,10.10100556937321,10.713233849482025,10.034622578748584,9.639016355355684,10.403466112429356,10.35344542764728,9.815341263623655,10.154849520325769,10.453710937603121,10.458113669813843,10.630308536805217,10.145694829642057,9.865175785142014,12.23529896738416,10.337372907897638,9.711627692103384,9.315841016503054,9.961467749386136,11.391788271854747,9.92474653458302,10.257059907865372,10.603584300227523,10.268298362079793,11.590270280934014,10.747220405652815,9.91895052318074,11.612820234502912,10.295682434546658,10.724598883696771,11.281582157768952,10.123881495060855,10.283028414109165,9.591335041781011,10.949480065491311,9.715448531557554,10.402955548564286,11.15788597763934,11.015685953309614,11.278323502038809,10.351745770632089,10.03066363869901,9.613927899443066,10.571054648753007,10.169095230735316,10.217923694646602,10.62375445336562,10.80199124048149,10.262951480434092,10.937948201906384,10.601621321278124,11.588503337615586,9.975720286292237,10.731717289535212,9.908427637461811,10.441268106554238,10.88101255606355,10.044777477999462,11.178634613149587,11.00116037999577,10.796439880226899,11.114046280105724,10.1460794844764,11.14536042192748,9.932437160727192,10.431698451966529,11.309834275036438,10.291112427194326,10.627928756238378,10.712243947055098,11.201011165449332,10.824728623552986,10.573031313504405,10.261222809925378,10.602013898446087,9.997498208626471,9.88742659485728,10.631165536172654,10.157301887007378,10.379894912888856,9.74789100470582,10.730676783491571,10.313441258073116,10.389242916167722,9.75858247930372,11.257243164097943,10.347109111194381,10.586355606105952,9.806003855117787,9.701761368644492,10.835513722555037,10.3287944270578,10.53085861584203,10.606379424120533,10.442876841816569,9.55716414057498,10.305363177981484,10.698044682161942,10.497683491511161,10.784728460588132,10.675017728610593,10.70653876406838,10.259187099639615,9.744844587344128,10.197521404190375,10.697279258620354,10.205887127171822,11.22746143842612,10.491022567938378,10.755308290530314,9.983366915698923,10.610899196685994,11.08021844623576,9.914595412588064,10.569544219735647,10.332682143761861,10.587132141322323,10.46039522950128,9.878591265846326,10.621223221201184,10.353175364416787,10.584703888432346,10.960602457588458,9.02397025674592,10.055299922940247,11.098181539048428,10.332231008875642,10.801242618505203,10.268520619299865,10.196073029068943,10.667850339062822,9.194421356854836,10.306187571594618,10.41199469330744,9.832250963764306,10.950808688500636,9.725550611666494,10.199277720884663,9.278055303641326,10.052164360955704
10.851154017886236,9.476891094136741,10.351890181427212,9.93709795653355,10.698370994937552,9.354172907077336,11.02135345264275,11.261842445485408,9.640593780804931,10.572059042013262,10.942211749327655,10.068488992230373,10.286270287410822,10.418211219346224,9.783643618593295,10.21548792205005,10.456277852463446,9.973050229916144,10.893031712855448,10.529501708232546,10.620216433623458,10.92598026050837,9.644443584922072,10.090405068263651,10.90407173893818,10.834280405336926,9.877928663439748,11.140406570329304,10.590582659776821,10.539890364423277,9.962898389312471,10.132247062178418,10.10923546104412,10.336793978918973,11.129420553540253,8.976267066843315,9.967958880603677,11.143584108095817,11.121319002298014,9.705751723579759,9.88544177104849,12.036291822404513,10.287194059572608,11.014561465619591,10.112657513828596,10.15155376039796,10.14695568748154,10.746529258913151,10.662004930539744,10.330380707460515,9.7182572840894,11.439364770805957,9.372974074220783,10.398463564886976,10.60132559020895,10.419310920015674,10.023317997331825,10.269560186984474,10.811113586494107,11.320730705676379,9.537083788994405,10.000083627641517,10.67676510848038,9.942493729987486,9.70345542222809,10.30938457042226,10.507944303969223,9.803964920876398,10.070582786531025,10.40245192993937,10.442032653798682,10.584534158800958,10.095254845626652,9.922300319745231,12.25238159171005,10.265786000810065,9.77401083430401,9.418609025933039,9.930957188181976,11.427870626089556,9.858735130198356,10.285314277060474,10.64779437105853,10.343912875537049,11.613267373272858,10.820713855693269,9.722855921897914,11.646841786354818,10.298878476580862,10.731938234403183,11.37169979251371,10.206713246731368,10.241595108040636,9.537037050343429,11.078439702378203,9.519849318982843,10.472243483094369,11.14725455578417,11.060277462963525,11.175574047600744,10.192641315156763,9.985691308084704,9.556327726369622,10.620602957861598,10.186759732701812,10.182020785373906,10.67809564209914,10.733318351785648,10.171075226111336,11.052792613157365,10.410569154914675,11.571540435005849,9.968186399614298,10.878778434440285,9.874037571189913,10.520828951169353,10.981381981474968,10.165003120340273,11.207053543979361,11.00251872250607,10.685457014961253,11.26025609469553,10.235408165960163,11.246772560120874,9.860969297951401,10.625392804579024,11.149161283559831,10.227252842037442,10.56963669167556,10.79990170616811,11.293925665522497,10.820845228665771,10.623482100173508,10.25061715165466,10.532083679160351,10.033044529564814,9.859823126420224,10.75969860549526,10.17938557773653,10.340254299766073,9.734915458051573,10.7395392436413,10.454539244304126,10.374182369542142,9.743089720905125,11.260976774768169,10.41678493018638,10.584018370322335,9.887467430840127,9.811888863530111,10.820488210481074,10.259821510900709,10.43553875586464,10.5702061924923,10.494495860304406,9.663207390056812,10.228773488754943,10.73973701793422,10.464459559851385,10.680601842800737,10.633184346539352,10.745828882340586,10.274810731461528,9.719211075167047,10.24075107522735,10.793981255004878,10.265282305473603,11.260636948771534,10.534057715451796,10.733577551680208,10.038985867386408,10.740917196341954,11.064807987810397,9.835920922326595,10.66460394982527,10.408578491808813,10.628239217275818,10.520581767623481,9.923401597173758,10.688679682739531,10.312804933621127,10.435661632803336,10.873409474217603,9.101139503278954,10.125001344492986,11.111798379981662,10.322750093745539,10.819913844503748,10.229453309810701,10.324496709470504,10.568675680977458,9.09234326690679,10.326054796833791,10.454328049151366,9.803209908674303,11.029929017485253,9.647592381225381,10.22414904376746,9.38547505726437,10.11269196224504
10.900709249735923,9.542735698878595,10.510522238969065,9.976823041613088,10.60150813666827,9.226728452827935,11.056575923286678,11.235390127107927,9.71489076219633,10.552776262383064,10.952197457988408,10.004366606888164,10.313032150426084,10.311210933694268,9.747406515716309,10.277322256037923,10.494501635233918,9.928275338346896,10.890997886795283,10.528415681441217,10.69574348335438,10.967539464839476,9.664336753828104,10.022811340619644,10.873467592263138,10.863627581499015,9.756134026099524,11.071723053946258,10.528687245020922,10.561914824175284,10.149840670482158,10.198191298009336,10.188038300214666,10.307220765786706,11.033308881645375,8.930134960899839,9.924223549827378,11.313678494672834,11.118854422775339,9.854495196548578,9.96452407355157,12.02289779695793,10.261965345083038,10.899085957303772,10.12945941540232,10.37324578547318,10.196997610371165,10.757600961062973,10.72998560070183,10.386195743497748,9.660346724484318,11.2764401109178,9.368963076265638,10.442976023503912,10.643813755862782,10.36572223630267,10.048088851973917,10.289586912227314,10.864684504965247,11.315308758650348,9.58909430894662,9.887596414065502,10.657377867383277,9.994851423173271,9.857955190461245,10.297331275454356,10.746054735195465,9.880422001166027,10.057551183151547,10.437485363319837,10.526494583538229,10.589154912907832,10.076666772301511,9.90868428930488,12.079445140702214,10.472429477537121,9.698376353081189,9.381995984598401,9.863411498069773,11.54783009566182,9.751506233476308,10.29203966595921,10.568358935585955,10.301396966350516,11.576715312963941,10.786289236482997,9.636356546942354,11.559550096049616,10.218247806511739,10.77055233622887,11.331735559144738,10.332300436352474,10.28022181357194,9.453786090201623,11.082083362510954,9.615591485561515,10.493973917586025,11.104039800175107,11.02881454761171,11.24226496046111,10.442743173446972,10.155669659604184,9.505760191464121,10.540638083885776,10.205390591593227,10.15947260622951,10.756658329276515,10.669577354068608,10.080674812572987,11.029241030887505,10.400549660267522,11.438631142158092,9.9323699633894,10.933995510717986,10.051064393776391,10.55943846756554,11.073331297813928,10.20087965814853,11.356387290495357,10.981543478148938,10.670363854163975,11.36358291339291,10.360439093717206,11.242219362517602,9.972003964660662,10.635789121156636,11.256772044439444,10.355417124073764,10.502082970850616,10.876325338306424,11.316367192574472,10.797911372726182,10.580491749067534,10.338618632299363,10.546630811276163,9.961108379127701,10.053725563716318,10.74021603488645,10.074960394776983,10.311973978767998,9.765835890439392,10.71883277029887,10.532291756303147,10.39143786234099,9.749296050810905,11.246047983413462,10.572170079222614,10.472447018016577,9.944525519724461,9.9846468309211,10.789364914629052,10.291816378420869,10.530804799609934,10.546767844654093,10.407821308158105,9.639728063557213,10.298029539743913,10.80713083059602,10.394511512075393,10.727933542965182,10.538986870871563,10.80185311811783,10.272747565741968,9.815019361954644,10.329937151589302,10.88984808843344,10.366147627027622,11.28262807474119,10.431953364536646,10.678718242820437,9.981328418749975,10.730601043428827,11.050379070094927,9.783118704863323,10.672196837805808,10.514041214949485,10.71444983253905,10.501493040516452,9.925891616442907,10.550643108702728,10.21669993819994,10.370078906416976,10.994115208719215,9.027875486603433,10.12572453655765,11.088322207143802,10.450487338348335,10.76627904138412,10.212680378610253,10.394153331655627,10.623852904048475,9.138928010463435,10.318985244683576,10.378347565417027,9.796645514883293,11.032350270064494,9.670407803128441,10.381960199823357,9.489488847339217,10.074433612003784
10.883802349004998,9.570279078482498,10.65676238134286,10.00153150642568,10.4976995992835,9.214574477292494,10.893220164880013,11.22250309400272,9.728578104359972,10.567097832678199,11.005541687417455,9.968028387343557,10.283691896308433,10.218516665383833,9.667238340935768,10.276455346476984,10.48696714220681,9.812006997733667,10.977499513954337,10.55862257253057,10.686661189081025,10.921563168672233,9.7601892218181,9.928584236878859,10.823351907448691,10.839688759781927,9.80331328562097,11.175164235825621,10.47347439592142,10.430656087662868,10.085250309869803,10.205243858115251,10.114125359521662,10.170142882547085,10.957712723547145,8.887620481560692,9.936901866976939,11.292520952884203,11.12189902369475,9.900643420726455,9.97636355702291,12.096080575768882,10.289179611552383,11.04888860254013,10.251312139711706,10.318699197304714,10.193202528232426,10.912827834575575,10.782052202327414,10.322351468741394,9.762673769163905,11.368611986439541,9.286685451357334,10.455485387359339,10.682725265757247,10.473038094749045,10.049094779384836,10.375110462713078,10.871320069983158,11.449954806105309,9.651603996951158,9.910629555709937,10.59484673103167,10.133150086035299,9.902396507306033,10.375847594895149,10.73383774337154,9.775971924174243,10.023449509570234,10.506245513230223,10.513132791161702,10.731548550403199,10.093699812172668,9.820160654487742,12.198717369354409,10.585886633727128,9.67467078327218,9.520930899981641,9.861687915126865,11.502365799419712,9.734677342864968,10.277419765856289,10.605550841622842,10.2495543291437,11.574660043869978,10.801970096498232,9.61500908185475,11.457341645442368,10.335441381324783,10.938285717909759,11.415960665771394,10.271827033342298,10.332638072660098,9.50376046807733,11.193775735676518,9.642585477381113,10.483013833563113,10.994584936245552,11.05814642215478,11.28731541161517,10.567873842767774,10.098254767355249,9.3468698121512,10.615460448890774,10.11555317472834,10.08702688690458,10.886302354439334,10.605386330141677,10.068976019628247,10.962017459943551,10.400076139551848,11.31003578325968,9.798295288605285,10.960152616206958,9.870625931933212,10.699056038466686,10.956010306151795,10.166749045456863,11.413260132472566,10.91294949592507,10.753039943247213,11.291707073426815,10.310872662847942,11.247857090622341,9.930740959792908,10.680747887677033,11.369814482340022,10.320239928372331,10.515501753334673,10.891747985174822,11.321326814862672,10.79068649153182,10.523785264716084,10.350660776525077,10.43298723581066,10.023704407766578,10.010146128997503,10.581666362339881,10.11959636785604,10.23108656275108,9.769390363987771,10.765335035137706,10.480513504594283,10.432695258835125,9.877990269674207,11.32825416536476,10.573567321516984,10.507029526209493,10.0173163195154,10.056198780395228,10.809292195882513,10.207107833256384,10.59014681960494,10.551123575384112,10.36454376963704,9.495306332217115,10.288751987886235,10.779548245319939,10.39655927384112,10.77574914454172,10.555152187050826,10.72600549202573,10.247223892648794,9.767630815404509,10.31962799597318,10.823978282794258,10.319965792654848,11.241612102580378,10.456738490684286,10.782662654501934,10.012342160866075,10.614079682072814,11.076157128630536,9.962155688624158,10.613389224331495,10.501580531290147,10.747910788084164,10.452814052379113,10.115914131931179,10.737852308402115,10.259562222225247,10.392527616336139,11.034033506470719,9.156680725795015,10.16990834750894,11.128374739029656,10.499925788052408,10.841073694352524,10.290509607933362,10.460580411788662,10.54454733919589,9.19145378860585,10.276345745856567,10.467215905472612,9.760464351782774,10.889002969199092,9.647873463851383,10.429422991139516,9.525582486199918,10.125362228698338
10.88575320130043,9.755219731836156,10.707996586913183,9.90601793454499,10.419165782195009,9.233845425047273,10.992832559102586,11.28136794889307,9.727363487285524,10.614102292856183,10.998767763292774,9.860327070126328,10.380210481984706,10.225421649835504,9.660913601686808,10.16648171022545,10.437435090115954,9.74919785607309,10.942238601137445,10.613377018045465,10.696245951485123,10.945230382783475,9.87030478474332,10.030512656305177,10.863374063372099,10.859101959424194,9.841614017707954,11.096709337097003,10.375843107977145,10.542175067118269,10.173186448563122,10.29430289684865,10.08442755861922,10.100437281490207,10.976224029356546,8.899570546719278,9.834192865891513,11.353147614960584,11.135480857232391,9.926369202666226,9.930643293907961,12.170404805400423,10.297694730802483,11.019168558611813,10.361171462937998,10.216840553316242,10.137430670771549,10.93716369082668,10.751703374757161,10.451466036185604,9.761312935098985,11.33898618611453,9.524285131616185,10.562050998920546,10.647050966023738,10.462553510314994,10.17542838981138,10.320867054293167,10.887195000251552,11.504258203515828,9.798189355162501,9.992408081104282,10.649484306224668,10.14026565118404,9.679917865082613,10.481007437752572,10.595771298145204,9.725337648262268,10.1305246564621,10.404732463780459,10.375431894975257,10.620463946884906,10.192256794095963,9.827388825101336,12.148481396819564,10.435062061071367,9.688627569897674,9.583447052154213,9.956992305586004,11.598299672599927,9.829133635629772,10.173410592441233,10.534917312628115,10.390949976537254,11.668441013966838,10.789484347664182,9.696555912682369,11.51645433881536,10.237811162919465,10.989367228444982,11.383683017511617,10.362207934342772,10.424646026834699,9.442359756976856,11.156327757114665,9.624187438576215,10.519182046308156,11.205093565952874,11.011814084308108,11.18959596823186,10.664445558957992,10.078833173182037,9.397370496549875,10.555224689015615,10.118656670128376,10.12489663559788,10.93413824297134,10.581171445550824,10.124035756489612,10.92901898129833,10.3845722144349,11.116422344586416,9.833090785423156,10.950381762042698,9.971264123695594,10.959280850349623,11.077160696061322,10.016351801820093,11.443085609411007,11.100378852708223,10.778558656106062,11.44882753853636,10.273290356167523,11.074723376111747,9.894272554691607,10.672699000766267,11.397845239213087,10.352052457868583,10.6413748319232,10.900993762952883,11.300367429664382,10.93777872887597,10.499760275065379,10.402784867520849,10.354569290446369,9.90225597435758,9.918957529937773,10.642858634093958,10.148076396477217,10.132067441168237,9.759618578419298,10.723335857510143,10.369246966721832,10.312157883697054,9.909762642893332,11.292303161977554,10.55122157836807,10.589182581578017,10.093526392470018,9.944932590785548,10.807155372290152,10.139447935373923,10.711667859957245,10.59606268027833,10.381621831593572,9.482361750616072,10.212839936135694,10.8781887610627,10.501338170427442,10.682505455569366,10.545567198993975,10.837579048484868,10.172005732170165,9.81065434156363,10.312512894026653,10.731522293426428,10.292413795920702,11.182895822405845,10.482814554908263,10.831389807542049,9.952689968766062,10.621259676557218,10.942180765045242,10.025895112048927,10.535520065232546,10.535162828816874,10.745275215270143,10.431357658388695,10.097879593763412,10.694759808059723,10.29979155523548,10.429523358798361,11.015382154288616,9.262639977826364,10.313350477763425,11.13278504342593,10.510102494521536,10.927804479671405,10.337671466110095,10.380252366327158,10.656413401397064,9.227166362076899,10.283469379005886,10.659841909359772,9.719878408105496,11.012954289321385,9.538100184687767,10.589133942552953,9.550858607306383,9.979244311888941
11.008825042734172,9.830895157865848,10.68419501643154,9.761953065041558,10.44049989533859,9.223493990672734,11.150486644108318,11.36516652226565,9.728874338279104,10.583426738491372,11.025808738534625,9.845102898237789,10.454130646920932,10.26218231229404,9.76285899100114,10.336456028328172,10.389974857548003,9.580917529304582,11.031541598154366,10.63664317407708,10.697319410757022,10.816425707442876,9.978446595716171,10.03228750834298,10.729531563579416,10.868656492813061,9.899478591418221,11.248594429529769,10.499110507251503,10.660208077492737,10.22241140134325,10.390152369668126,10.113879869543267,10.14890087961494,10.991758427442427,9.012195754844058,9.865377323724305,11.267059476131882,11.05650805474961,9.963796725251063,9.888335203029893,12.134559564607626,10.288586223185721,11.0380158576129,10.347429538746363,10.209149208679614,10.229988275086782,10.903141897372864,10.776922761681018,10.482768837653783,9.721188379588936,11.265535043870164,9.50215681642632,10.55269887548217,10.643750491036132,10.668510939276826,10.271171505252893,10.290645306250077,10.8771825581554,11.439049173200146,9.876411606109722,10.0261108450858,10.687932618263456,10.148458245020342,9.688987675913372,10.496543397510782,10.514193252862766,9.749577203982637,10.28782784594242,10.39425974494742,10.36400037702909,10.626009599252017,10.219650785800953,9.875462080431644,12.087304328105363,10.436447722860347,9.691590447579859,9.645653362925414,9.860363124700084,11.644019364458257,9.690055510603262,10.120102189464122,10.531184750827622,10.408010493349103,11.690127170469575,10.824931119329388,9.632621365248415,11.528308007475745,10.235699335702614,10.911408360341335,11.502575110519999,10.418317968733756,10.427174688294938,9.308689475816113,11.248144400773025,9.629653976680258,10.569570849425313,11.091263339224177,10.998110836168031,11.138919229220834,10.703691821637873,10.058719637174175,9.522237906782422,10.49010005122723,10.065239220630648,10.250414098777823,10.997118885838052,10.529446653167662,10.090044169647857,11.00180036569567,10.35785792876661,11.263919821091028,9.811070733901776,10.869488744008349,9.993989423848257,10.870084584508563,11.103534952157114,9.865761078116408,11.395390451231494,11.114094201269477,10.890792204102704,11.464197907242498,10.26345458857147,11.081902446366472,9.889334935990323,10.648103501845934,11.487568458558517,10.385479188349628,10.595198097899521,10.895089326774606,11.363171775601232,10.896723452161872,10.457846623540767,10.440529745941843,10.357738977644207,9.886072096604904,9.828349818336449,10.701005572057403,10.190270627603057,10.101548021703262,9.793783462349639,10.743235988896668,10.319033594134712,10.295059249640001,9.875323867679965,11.240748263435922,10.591083470605948,10.438845018057838,10.005863034912474,9.916389463892633,10.95947004950213,10.11543820803546,10.67625824422973,10.462024891229799,10.442313108188515,9.497801685900654,10.19354286258399,10.887111758451477,10.504908366297792,10.78186364673904,10.60082395565152,10.765017971574133,10.149936302672879,9.892747297732083,10.192501662805268,10.659620649988604,10.204340534640743,11.085923364077718,10.526903693197337,10.888829893387346,10.104806783094578,10.639175940446934,10.937772986919226,10.07419251172161,10.496146404211846,10.624466603219133,10.962619923877925,10.47414444083308,10.050972335290032,10.632011714283461,10.23744731593181,10.456738514394912,11.00197555252917,9.379128679933205,10.363464198481404,11.1721468603559,10.524877098176399,11.008218254994983,10.379525697362297,10.34104399723848,10.646292049518783,9.06168501789553,10.214082863287862,10.618594744630915,9.770695765089958,11.064015319700191,9.532135920274975,10.511461396610764,9.50258278106868,10.052392548087104
11.03652537256225,9.824032824355664,10.811201608243607,9.765465852532108,10.578794148467702,9.194264825275472,11.228897722468172,11.38420045422499,9.80266716591438,10.513371103883728,11.074682735009198,10.010633119890235,10.44623080770289,10.312838455901007,9.819924216046449,10.398632948237923,10.473745817389416,9.583880953064222,10.920418416558855,10.585952645157626,10.769733101281622,10.76529598049343,10.007220095324902,10.066179729022194,10.755514781563113,10.940509571362194,9.801888797568875,11.440905243713807,10.422721881885002,10.649021887868173,10.039021105835838,10.377401474496281,10.054740600265744,10.328510844014602,10.835914879758569,8.84566688648408,9.82953889720286,11.193944735135235,11.162210595247888,10.004757483074787,9.876947223460634,12.110406234438296,10.2786884231525,11.063654514790139,10.270866550902314,10.249582464447228,10.471162257870507,10.854485527531157,10.719020750282036,10.576254751391438,9.594700503892154,11.181725506106142,9.521586542042424,10.54983700571623,10.569611374577125,10.74772374983342,10.273118159162228,10.389268054227246,11.080022416044974,11.554701017341703,9.900494983018463,9.966877547778518,10.648942276433184,10.170893166412116,9.727475184471775,10.533493086751992,10.671345229188583,9.680276281596827,10.471812155448141,10.432430785257642,10.319573374856299,10.6185928186013,10.125699934964187,10.061341269374761,12.040339952180766,10.504285097350053,9.721429532846894,9.641255133594639,9.879829692207629,11.68509226691357,9.615340426870782,10.231384383160956,10.534261570632086,10.47259320471248,11.858481605879387,10.963937504849385,9.60425264924621,11.544651285321992,10.249834454204676,10.974316113654316,11.602055778132977,10.46008121581856,10.592708698410336,9.408071759212346,11.23370693299622,9.639193894803096,10.556989710731653,11.175204736362979,11.04419519496468,11.165345970783283,10.769506031001397,9.923655472814644,9.556700809779292,10.491762315936024,10.127488833711316,10.225823480867883,11.027598700772565,10.575794340375708,10.04721201626058,10.926557337285367,10.425901127485398,11.330729142267149,9.918765128896878,10.89332770867666,9.98204204706054,10.929047271340162,11.171529738072875,9.884812775963017,11.405714827964035,11.14625175704667,10.813646508639145,11.48686968668983,10.312161445398333,11.06635116018938,9.855359439923772,10.543942776451717,11.558065590007145,10.305134338964193,10.729194277244993,11.018873362250767,11.45140159252363,10.84145976318057,10.41377759308856,10.351673836703966,10.282739659459551,9.954660636605048,9.808942966656126,10.687822553674744,10.259280572851157,10.193894778409717,9.700336765590484,10.823782311660771,10.164192589490673,10.382766357689432,9.904440084974615,11.238457996098244,10.647800633723934,10.473067693957823,10.025947434311504,9.956267780112533,10.946848747247587,10.12271203913676,10.712778056744579,10.441102260752713,10.410019225008567,9.517815711110718,10.217864916510528,10.975085122673995,10.400704088469658,10.814815457964158,10.596445121629277,10.834241571812068,10.132405578285926,10.009058995264871,10.201676954580165,10.663084258744245,10.228310043286225,11.217908837683376,10.512330522180596,10.877089323624253,10.077530575486993,10.647321303950548,10.796928333962052,9.905280689194743,10.370525076302906,10.518632792596225,11.037258220489605,10.441969270201357,9.964608014892773,10.583944345690249,10.248891167343258,10.540615351382495,10.839863301455102,9.389600052001416,10.48096158384269,11.122505941359957,10.570570068393561,10.864596448624118,10.35318728107056,10.462503419176377,10.713756077032073,8.874001266508113,10.253604999648363,10.513720445768254,9.929354437807175,11.138578115410354,9.52474235792543,10.462419005450007,9.657948582464893,9.939508533945446
10.94166352189187,9.861028263248368,10.876949638509345,9.74251739586154,10.526867254996777,9.22395004767272,11.410267980507246,11.495464290448641,9.768947617491955,10.532943063426377,11.10929156255175,10.011033518037511,10.301501712196135,10.301157869622063,9.748776301880556,10.415311466417872,10.484208692617628,9.752019072067952,10.819848123794802,10.302569005107065,10.681999420729666,10.796352666498436,10.03313197349067,10.154864627525816,10.842383640886995,10.933651314891225,9.837667984914507,11.559255685153785,10.411131108537568,10.592427751691027,9.98513503341547,10.422236879411892,10.018696189281195,10.131929438412453,10.860653531037508,8.919688574488317,9.651714554979705,11.173586212981757,11.185819896916255,10.005786403004269,9.841475058644235,12.184533589136493,10.336464902493352,11.185537345943183,10.514018838453323,10.132566955999097,10.478084286246833,10.760650951873796,10.71915059367952,10.49861035126572,9.612860182723075,11.044610264928059,9.622602818623134,10.535917967233122,10.665234013788798,10.936200594381116,10.2838812828129,10.425564942871368,11.087240711419991,11.605248004018776,9.978806495064909,9.903922220706406,10.727941730805783,10.18326258422169,9.699295729595038,10.60881913045381,10.623944880757437,9.62617936189723,10.574302524644592,10.432769717683886,10.287975402347348,10.596310842156154,10.15755011931006,10.155252414951088,12.01166023219521,10.516323594358614,9.799020969892236,9.50385351035175,9.982018023887472,11.709152702674835,9.561587459018346,10.28173447667643,10.604236187815099,10.379316144569295,11.92361339895595,10.810698653647874,9.70830951038286,11.582046935129974,10.359691852997212,10.97213451691818,11.66661834868269,10.508936270540168,10.625879799866562,9.290899185591615,11.209870570755179,9.592581448231215,10.517357156188503,11.026155846590422,11.187745317068678,11.279334571118095,10.87464749896703,9.968782645532473,9.472038087040717,10.337716896477,10.108366241461516,10.3280729598734,11.064610346045216,10.676252352812677,10.03205752981768,10.998775281936325,10.422671122230492,11.196701362524102,9.948853719253773,10.885421115390082,10.024980753411851,10.943529420432633,11.129466891045231,9.749171126075215,11.485979765506553,11.145519094081767,10.740947423879962,11.368189460692424,10.37736948882567,11.012133219957976,9.929728930416198,10.46643206787906,11.526327116773185,10.416130773879042,10.793135462882036,11.180352579990208,11.500811576129026,10.74481594761708,10.435436933951678,10.409060048054169,10.201365955899123,10.08282116582288,9.75157159444156,10.84060537162346,10.122855047837916,10.291140059483277,9.718497211891295,10.805833306869635,10.107676611678476,10.320754725191296,9.849154430864719,11.226753104639046,10.70215527110595,10.455346463705357,10.018062534409523,10.037256543109798,10.973645264801512,10.067380329585564,10.620704807957523,10.407772739526585,10.53583135474617,9.51211122421418,10.165270598154768,10.996240039238398,10.327640036097643,10.898340861537529,10.667372997610169,10.795969489098159,10.144711284938818,10.021906999058022,10.044319048889188,10.801807896589375,10.295139205580034,11.171728447379884,10.579743766101865,10.869128767787515,10.0639004181086,10.682737439351584,10.749486231428733,9.92774180246024,10.479552222677883,10.640219425718445,10.969845342739655,10.372316174392088,10.137046473862757,10.78231727101862,10.185578800309917,10.633455293222381,10.805665518138023,9.254423719190022,10.394491697704442,11.118958331578238,10.603959389649846,10.777210480374288,10.490375672926875,10.528368231917653,10.80196190873048,8.968346675671768,10.195352899465668,10.506459324730864,9.976721985564092,11.194627402764596,9.541218503508341,10.392622699953005,9.779408702849826,10.057641801900516
10.896498303328016,9.882208479740244,10.896604842587546,9.631366501814318,10.54292315403937,9.244907706531333,11.408653241086133,11.543355472547049,9.845281024654131,10.522031575215768,11.12671918740235,10.19794992099932,10.411288651226577,10.360742975984106,9.613361744623182,10.490166958681801,10.559522965880088,9.955710296418676,10.784138605625731,10.322387274411772,10.81135567448943,10.709447554963718,10.01304960479435,10.10396712834756,10.742003234774286,11.10588501436668,9.966738490138628,11.533486417738958,10.420101507534744,10.506707142328027,9.965310144806567,10.402323172675795,10.061513937767664,10.135654199005588,10.959948744815843,8.857228545888201,9.718958421462023,11.116337503505104,11.123050567416621,10.000137409296782,9.97550444339723,12.186902285634245,10.241191303070623,11.144456318319525,10.540253952934595,10.094144493799858,10.58275756979872,10.695421867252403,10.690659450726491,10.395150490266474,9.605869093078098,10.970794638506286,9.567866050025406,10.463003415899019,10.595672347335672,11.014828597876884,10.160702268410034,10.602799583402183,11.093469754520989,11.842539166820117,9.900845008790025,9.917985844184642,10.707461292181936,10.17708053296306,9.66005340215641,10.518765141321378,10.718605349885335,9.563426476898348,10.42866813576125,10.460538105602948,10.402464979843815,10.604127766117385,10.18323256293914,10.107901135085656,11.953446384522023,10.522198763996906,9.9121788593779,9.452163275971238,9.970698767736936,11.719793463892929,9.637474055672172,10.232877607064118,10.58911596605293,10.404117135162984,11.841569423408451,10.98917328450827,9.623942721171165,11.417624581022947,10.331410537845194,10.993746317018923,11.704783161984398,10.620297995501447,10.685302951688376,9.24728721534569,11.207636054690338,9.664986852831849,10.500456299222193,11.056565655256259,11.162996469239578,11.225904520945033,10.88014650444105,10.054365513026323,9.459078607748465,10.382079434754633,10.063723287650046,10.224280749108107,11.074484578365311,10.66018297595485,10.02837650404549,11.143836231116564,10.425471561244837,11.119604791282242,10.03246253558372,10.853970680106967,9.999055472011246,10.979343785438857,11.085698222295761,9.542272979989919,11.575156810704902,11.146948214179977,10.689883649972092,11.418369930356365,10.259800616036726,10.950520038421796,10.002232329036424,10.384533837843552,11.66161656966789,10.480366071511193,10.727242157007607,11.237028923440068,11.475211218806564,10.764054904259341,10.3886175729086,10.444099293802871,10.268575493994407,10.10863523847412,9.617621107814305,10.899222403861822,10.103086775669304,10.39653155500649,9.796316421703404,10.760779208215196,10.091048474251437,10.229257989960178,9.912832002121203,11.197678127146938,10.710007809306658,10.36746907723435,9.900264698998425,10.108296906248482,11.047208766667794,9.91834014810441,10.658969234639406,10.399626543037325,10.610105728617103,9.544996154161673,10.38069161241487,10.86937152759389,10.320604760830632,10.99677455661221,10.668705695898039,10.778799548502498,10.154129744566736,9.984687148606563,9.974388492914063,10.861168377774721,10.396018061596994,11.088666697948323,10.469765722752431,10.796461811673941,10.143677575992307,10.641945371889163,10.801060186830716,9.98702176149081,10.414548338921335,10.641865223946342,10.923467231268988,10.427632423073975,10.068184819610558,10.77627811876967,10.171790336191718,10.585051662784794,10.783690653907613,9.321058906661234,10.340694364221024,11.086835021354894,10.601742107546395,10.731207108041396,10.460932347859611,10.491495561530295,10.776106553017183,9.073829600028095,10.286909062632251,10.402214272725164,10.076462926782153,11.229716172404359,9.567223676545014,10.243074014501325,9.885895694099938,10.184043074941673
10.860297244669503,9.83242752562999,10.94834734877133,9.565145415552507,10.593395236607721,9.296605148558085,11.299448949383219,11.683375521622187,9.850586946841666,10.45479786494476,11.17382203913835,10.21877172586069,10.498451014002548,10.27520013104402,9.675279247138665,10.555926433902378,10.445072880214875,9.909130485406655,10.778269377356647,10.401046719388097,10.755124121658016,10.733500104670211,9.780081000502854,10.077194908967723,10.799372557254497,11.058393015311841,9.885961519813288,11.465890723487922,10.436524763664284,10.590825886736548,9.831972107575675,10.616186420004437,10.100301393062594,10.106650096373953,11.080083466907967,8.888736772452942,9.78474163072754,11.189006413576385,11.145256055392515,9.878005109608575,9.946904708270669,12.250109497850385,10.340344641276536,11.16077349488393,10.622937815221407,10.062198309377147,10.594997715424517,10.64860694276546,10.829762233979142,10.310726593113186,9.605947663722876,10.923034060278795,9.580400643993373,10.49509262441606,10.626643946531583,11.01225949525669,10.161136395265382,10.627784151151786,11.235057230551142,11.78929075413366,10.017663028300468,9.882158213864047,10.74586842649443,10.26580455187795,9.773860700097854,10.510666770747942,10.690704353932835,9.678206596788907,10.423425918898335,10.40732069624395,10.410712409821027,10.637559813070405,10.163848428234774,10.114761176878831,11.92982295647675,10.507856793409001,10.043980542735394,9.387900154325143,10.095197070044161,11.762135224870681,9.671572184514545,10.341302817023305,10.538387171405583,10.285915194723596,12.00783044454332,11.062243271296932,9.643107994248444,11.393934215670633,10.293828478498433,10.956913715285905,11.814453715642616,10.701000561911203,10.721510960589352,9.260827701013541,11.407261612441307,9.609442681553185,10.541532192661304,11.124228723306635,11.26224242457513,11.217263935846088,10.979622484780434,10.135094356607134,9.42876210643938,10.471202637621145,10.108641249632807,10.167895310094178,11.142733640126348,10.415870274226313,9.90463136650987,11.127142455520298,10.526275709665008,11.049804664960643,10.046976340224395,10.95694081038023,10.04593465740026,10.779786413989383,11.064933224329948,9.447642553360586,11.568123658072775,11.188209114563426,10.767080712353495,11.549323569594044,10.356923664747852,10.99651899610654,10.004394722581498,10.405143855302228,11.706158778425207,10.461515875479247,10.77360577335288,11.291416069310468,11.486933618719856,10.669174105091956,10.298769523311144,10.390563259225676,10.344002027367015,10.13874505176453,9.545854656592713,10.86779850622408,10.014455533043957,10.375647983797789,9.754621117161806,10.793400923167463,10.147958117749985,10.287080060863067,9.818007484303351,11.063696310066623,10.64313700942682,10.271755679700407,9.83466364169355,10.13629307944815,11.054968884510183,9.85145426098816,10.601334883583814,10.372195406288402,10.601859640550753,9.577099550325524,10.324942249894914,10.962874240474099,10.510695155490463,10.988420236246316,10.633783601408876,10.775331823973213,10.073534288776731,10.053760895932847,10.002223015071516,10.971050992996588,10.36573047364655,11.201042980134568,10.399997678154458,10.62147930792991,10.244055627663712,10.539605698930627,10.805912760032228,10.051267693447956,10.295056512391927,10.671541279136754,10.895516759383755,10.275684121254773,10.062063795941427,10.772349874052507,10.208462148897233,10.573075617504896,10.629762063672109,9.259701544798759,10.421416460538135,11.152627073466986,10.732921128092975,10.706408419653776,10.419888747797005,10.475748982491066,10.844053668665381,9.106836616620683,10.195791064779703,10.373202545354047,10.068612853152313,11.15233079691631,9.704166405118773,10.236908447463556,9.986429138779847,10.199159414754241
10.962473626299557,9.725580526653832,10.89848135986506,9.739781329500959,10.489122112740024,9.330278339037474,11.354270608999306,11.704682030970812,9.741397223617625,10.537878243123782,11.099206461158634,10.202686062492958,10.580108480607304,10.2516183031558,9.821312922161386,10.530459236496414,10.4299498028035,9.930423309035232,10.813991275065492,10.367799188174121,10.730972481885553,10.724161202504694,9.833588294014003,9.935164213382306,10.691469510938232,11.158748310655842,10.008544874235097,11.336473076300024,10.463541455507812,10.569167912895848,9.72497566937138,10.596411648934296,10.15853270972766,10.116632258285058,11.018836845397491,8.781738897464304,9.745282339660472,11.172581993931514,11.041107937174644,9.906921839054123,9.951076658972902,12.337604136953265,10.376241325638594,11.195270805971175,10.611750686541649,10.062606061523281,10.676670454521378,10.697331013256072,10.656767385057494,10.38682530121016,9.632172309288746,10.952258999259678,9.579617793691924,10.558977122107246,10.552342695507448,10.923314186540376,10.246880749934189,10.603716010952505,11.316872539414012,11.72119679910402,10.109793950174538,9.963413189589728,10.631660597336909,10.043172579480252,9.759276533587123,10.598589926583498,10.579290151172634,9.62098287240455,10.486798377222971,10.43996350142065,10.524773700661946,10.714416614287082,10.275880833056192,9.960708238962987,11.967260213391288,10.468583610206625,10.030607351143317,9.304950168401003,10.184167399465434,11.830562655764043,9.757028931435357,10.255949555528517,10.597085058079026,10.04403120137164,12.160055276896424,10.983152151096702,9.618438901723017,11.403623674347461,10.197893568665325,10.940041413677186,12.030640513519876,10.724471294741303,10.688251381481011,9.154545776962895,11.508110488099588,9.654495734350125,10.63191299113245,11.249476858937228,11.312761647621818,11.329018518764546,10.96337378913245,10.093194231742906,9.38440050341391,10.584533120141623,10.177257422295348,10.225774376928957,11.27816322082931,10.428305922454797,9.867292397996863,11.050598765074874,10.48415723036148,11.219955627654695,10.108547245639144,10.817820044136722,10.077262925776235,10.776774860529668,11.019125946119495,9.558752199366413,11.625302026920721,11.111139441695206,10.774073252999539,11.542069039380973,10.331272474370145,10.978527073842876,10.103232982835848,10.389233658340343,11.785331813700086,10.376729133093676,10.759766470715212,11.369218918478499,11.482667129342257,10.80895460299991,10.198541855672163,10.445195329549966,10.388931099383235,9.995828902342751,9.48470608195047,10.73906211074807,9.9431865371066,10.444797381355002,9.863658510261795,10.723401756206298,10.193523364450801,10.29980694557069,9.807553832867102,10.952831187976074,10.559949047895213,10.212848527612993,9.992001112303365,10.138611590920416,11.036568161999028,9.883714960168732,10.654572502162525,10.546611407941441,10.657346245951558,9.521680043743945,10.41397055456638,10.980470437923469,10.554548786333564,11.016447717925388,10.667419539413748,10.929416183111842,10.134812373139967,10.099653306390154,9.975501659325321,11.044659227491888,10.414017197171066,11.30565408937464,10.33696680413337,10.661814192048304,10.434033584806835,10.655027779470476,10.78192033775669,10.132671697814049,10.166726851637296,10.614008724325688,10.959588323173177,10.37401976036015,10.149213542844455,10.856693030506914,10.151772772413775,10.514888492240077,10.566903060906498,9.310554379232553,10.381905915955178,11.142974298786354,10.772884400024004,10.783834450416336,10.445508580869081,10.516201271937867,10.901416937926028,9.056198096607378,10.093497171496804,10.438229811841271,10.135327183562861,11.093205716632069,9.656180096044652,10.42039228004409,10.060838680441718,10.275924173430326
10.963900507513625,9.822912636710178,10.96806165514604,9.795639058257192,10.468782148602983,9.346876105374902,11.331250895887244,11.831051895358888,9.679518310778715,10.43012088962271,11.00900747131796,10.280161490405304,10.567158163243079,10.188812587088654,9.74147930044062,10.593575259667642,10.47409184210935,9.895680834012355,10.776174418940531,10.335115951553469,10.780748541443403,10.68058448232346,10.031773535238274,9.893905662163151,10.64710474658055,11.168739924464703,9.926502752025733,11.311912559739515,10.547836447764414,10.647328928765482,9.740759186009745,10.681241758551574,10.283677766427278,10.0150756439165,11.072923866679423,8.690391836808546,9.769094056268049,11.069374672302661,11.142510619474537,9.928387061625795,10.063595453004382,12.418282142716192,10.295863489454856,11.245371411097327,10.577992032412363,10.046068207744032,10.679067945491411,10.780032805612624,10.78059803774987,10.51100172335918,9.589981480479011,11.051323454259663,9.594879844879623,10.531692279018442,10.418067398049413,10.957273498957546,10.19219729721141,10.474346686732146,11.359930862010652,11.708067044163744,10.15941601814428,9.926639040194722,10.598801072171758,10.02713561373828,9.816621852197057,10.691492330090295,10.619786702807778,9.592820931756062,10.54287779431158,10.460057080814234,10.507262386937573,10.690809190661957,10.317430797748715,9.95046732008402,11.957763487476846,10.466516605882342,10.186638563657267,9.419552953241032,10.296273692598717,11.976328818924912,9.804032226580436,10.344560811605646,10.563263736633086,10.048677293873167,12.220899108753628,10.96481727045048,9.649503321253661,11.488128228100397,10.174501819987766,10.959837014224844,11.984311996556169,10.74649654925406,10.699431724235422,9.226831702716972,11.539649172739205,9.579835261612025,10.709652478474553,11.237115326099625,11.425940954916626,11.295815334600764,11.186825963700972,10.283653782820018,9.481207343219348,10.661736271231861,10.142760786738913,10.241703333623517,11.214684884322804,10.325938828547269,9.770568511589907,11.23874253265033,10.537310820359172,11.178512757198222,10.129821877435777,10.833353397877755,9.982544715405954,10.763521820728604,10.970086520381267,9.52541393263629,11.59098606862666,11.124122075231055,10.804338586739096,11.53417647157817,10.315851241295421,11.144532071684608,10.104540043321688,10.426040254083675,11.756598303874387,10.350400683284768,10.76354454437441,11.455772296144877,11.650894695164428,10.918256615892266,10.030073586976938,10.455799984900503,10.424245094602975,10.00861292450118,9.50930554125937,10.598163586271577,10.029592167323928,10.528007000847172,10.011070509896166,10.721784703047538,10.30050722937347,10.343589766083479,9.840131063130707,11.026930338130375,10.50189580467015,10.163127034201175,9.85496019169654,10.146093006237782,10.98302767186739,9.909028807476584,10.810118432479626,10.385881801154298,10.675582198509778,9.504365702907105,10.480761666477415,11.016124307790774,10.557699882332408,11.052843992301012,10.74793580319424,11.019923699535356,10.168013199640235,10.063767066002258,9.911939947595732,10.93691170893892,10.47024323031807,11.323974245712373,10.497942628434018,10.776611062001944,10.578594010435568,10.715775681774492,10.791604147344223,10.139507366944617,10.106444916183603,10.652047472056667,11.202823133714327,10.364257405744887,10.024526622729462,10.768782020368878,10.01762567180608,10.522818860104213,10.622281975089264,9.328414889685616,10.524065130843734,11.261961585316977,10.669615183540108,10.741373665951507,10.638657927954409,10.754190761300926,10.82582278807039,8.877673052815389,10.205333421375732,10.404424584976516,10.053488590692229,11.047722010936909,9.66195033576131,10.470781777037894,10.039479839514229,10.213784640717131
11.154709049411245,9.953862234923312,10.957279513233125,9.842506500988458,10.396205763514487,9.354722190794012,11.351746048050567,11.7501736561731,9.714973082755435,10.350947126624838,10.968837389686664,10.30214121404231,10.558998864493201,10.126646310387445,9.818449971006148,10.630929635898998,10.531436960622838,9.921699774855991,10.65135616324448,10.463703686960116,10.676686314764948,10.764627155752866,9.916735555667406,10.000672466357232,10.713861704432409,11.070077593986149,10.00716094786003,11.223629806176145,10.525987350947158,10.70324584359688,9.864158141358828,10.55231415671411,10.321432535198568,10.105606642951157,11.16759537041388,8.808236347416493,9.887117478385875,11.013373889661478,11.033740911211314,9.908891703518199,10.298592704943495,12.456669901864492,10.257279731824516,11.167050359644927,10.503035200810286,10.034543172801007,10.774179829841154,10.723741746400632,10.914117263161254,10.57232734292407,9.637014223744472,11.116970520066115,9.777018611329021,10.552764249115478,10.34004407894714,10.853458409823892,10.172518492722501,10.50884500070635,11.38069925386463,11.929791696612357,10.233930951679872,9.878957083385698,10.557779951943026,9.97701210440265,9.770923975669323,10.603395897199732,10.73753359660462,9.536031470160873,10.502141555451688,10.575957950788137,10.602358132101118,10.588078398586592,10.209676286822113,9.976653009846403,12.03732202433922,10.640482286997527,10.142485690428698,9.505317618276841,10.199089799802408,12.017157591330355,9.690708175956944,10.343214013880964,10.532495192013437,10.142055263660188,12.164353565415437,10.892779076839869,9.47716956539803,11.62558375975793,10.217021924756272,10.868878287042541,12.145021536311114,10.632268255233223,10.723328005339278,9.291279872742326,11.713813277033351,9.640933495773721,10.756597486462065,11.134709670229151,11.464022188895035,11.360668521559221,11.277838866451546,10.198999364439059,9.579346949148176,10.787983200763417,10.180703172647396,10.254474559448427,11.239393602541664,10.321957257142028,9.680940332996089,11.392038092084636,10.527847788446769,11.131532668326024,10.122803322189101,10.844794909683177,9.949602970491302,10.719504431884857,10.930694796253096,9.536942000209862,11.552387083087057,11.084424773588383,10.76887020831908,11.480195805502712,10.284864616187276,11.045323486762745,10.114858033111561,10.248388286823621,11.803116627949283,10.309087234394868,10.77159677580488,11.464040193150685,11.659166524140067,10.949611226388205,10.089937140559115,10.405786703039627,10.54069768592639,10.02398572995025,9.458111813640878,10.585609711291283,9.955708247935931,10.517200359860903,10.060716941548948,10.819436643635127,10.231171612728389,10.231160779812694,9.774444535577384,10.924319704579625,10.54291230563318,9.941737521699885,9.833448068846131,10.154789277149993,10.863768932381058,9.86993895963545,10.783191759537187,10.450759456285619,10.668305329666474,9.764280922484703,10.408150481593752,10.970815339528514,10.48471471429563,11.069773025733456,10.789373852647227,11.217118036939194,10.285837499196932,10.14077758755153,10.039552236319233,10.918794675825447,10.347038150078127,11.400721196812292,10.657579365594268,10.848216397697518,10.675989874845706,10.603911020404938,10.871312306018124,10.2855975801363,10.106124009513698,10.52190772386752,11.122230280791397,10.22144929310505,10.21819389067053,10.71739751507966,10.082074306767682,10.654181847238238,10.539763058547019,9.230996193574791,10.524335188964546,11.318520695722086,10.681265063562678,10.722240734731624,10.632507735614062,10.759340397473949,10.797009618206262,8.918618427716057,10.263589400677082,10.356782615052694,9.97541015022217,11.069090009545551,9.591995214404763,10.4820367784778,9.987543100877902,10.35551258063888
11.21723860703208,9.926199393797006,10.949576366800628,9.785004961362425,10.410481645479907,9.330746566547003,11.343618108755747,11.822643822451536,9.744618923361365,10.312829817298232,10.972029439235522,10.404790076123337,10.600455514250399,10.141434672267959,9.874643257681338,10.754964694639213,10.516186027064963,9.937397006869904,10.749528351565264,10.589394137414418,10.693829113591036,10.930409271162194,9.918583912092531,10.00427727111613,10.689346673874576,10.987114373584587,9.988145950373315,11.252897951238435,10.472487599216421,10.72018497259174,9.960085523250285,10.595836927893458,10.453477023208572,10.000918221714644,11.14541508759503,8.876988398771603,9.84790764703374,10.921624589919249,11.083167031584964,9.959014870448144,10.427389179618569,12.531187485672842,10.275813898861928,11.331569458082136,10.571065372897255,10.194786762902643,10.87829876292374,10.944769636844553,10.908952036658462,10.566562810912064,9.622024536091159,11.122887933505805,9.73754263153305,10.542176616776736,10.297715710372971,10.94332925224089,10.031083329566545,10.612516871324368,11.394533209687173,11.709159909458243,10.279649443656075,9.802083354569973,10.613353945197527,9.856438512646362,9.895172145414977,10.688577347523326,10.820716392735413,9.548001471666435,10.415477525180725,10.457462104050201,10.555583020432431,10.64070522741521,10.324582128280415,9.968619554432468,11.989951923189354,10.602054985366292,9.982711887860397,9.316773596822507,10.129766215222554,11.990814849847352,9.649198889939342,10.400266665112396,10.48344553855181,10.205702837853844,12.261246379041188,10.822105121118613,9.472722483328232,11.641921135927674,10.210012940791984,10.838179000185365,12.270091062369216,10.66382484266934,10.696515142513258,9.279467158168334,11.548305626413722,9.60153911330155,10.703344595252705,11.13618474541599,11.417835282137355,11.508919526720751,11.376607416676356,10.236519378206289,9.615712816885834,10.801043922959547,10.135729076446772,10.316565094109817,11.23265184102413,10.302300522770704,9.75152043787198,11.277938115993798,10.442461112138806,11.212739225814767,10.110758612959964,10.788025818606213,10.100632401920342,10.753236561627114,10.953487116743204,9.425194287087757,11.55952369165472,11.196251936483257,10.680662771395799,11.432591435065172,10.089167986514202,11.106082386885873,10.189300708581735,10.331710731182257,11.843904021374405,10.388717898245677,10.80366114068582,11.520344272465138,11.72683519252086,11.054519177335237,10.090844066243152,10.403836639956856,10.653149915193893,9.996972832323033,9.445616655086251,10.61926587268913,9.956538238885523,10.46437424235255,10.038382017708129,10.828922762346458,10.235725151351652,10.303019029024552,9.832938456801307,10.98771254037982,10.646747478098488,9.96296181164652,9.730155876384773,10.128090341360174,10.858832919950377,9.964148674239533,10.944257544436576,10.480932424635093,10.687610543229257,9.73176970264114,10.36315141957977,11.073268313311612,10.550235613571445,10.98102764434645,10.706417344570797,11.243673457437868,10.205793011506481,10.20502546707513,9.969951009820559,11.031540142671242,10.208101587688663,11.564292400252032,10.683697981754896,10.783494895107635,10.741144836531365,10.660963074663822,10.93731999718038,10.146338738307385,10.191998657626135,10.678501388118107,11.014219024651345,10.340391979653855,10.271770660485995,10.76492329917131,10.171577832479379,10.824534475445382,10.422245065829872,9.26812132644172,10.50492715305319,11.319059961460223,10.788228480505031,10.690044086355746,10.663845984751186,10.827894279147259,10.865301217521592,9.040761619214225,10.440187887921885,10.294056825638618,10.103127007595113,11.032509541026567,9.560660996681172,10.438183324969401,9.954267930866104,10.314642243613251
11.237223153058496,9.914976499479806,10.868135595711928,9.78945934963284,10.350425213283957,9.243774547049743,11.146717469569317,11.81325851933191,9.712550601583652,10.354149946188475,11.110300920234822,10.354965839095595,10.713322571092663,9.959932849712223,9.868647629844473,10.52419121458006,10.527652173898796,10.023061413636333,10.871189209914585,10.591911803245416,10.688996117329369,10.911895523358869,10.001768873313289,10.129367379123401,10.670258566922609,11.065891816009689,10.174432526648804,11.186732070720046,10.551904292093566,10.780323659427369,10.047217154475039,10.621533262055953,10.439270644562304,9.921381488395904,11.12344551117532,8.897991002471775,9.96448428441795,10.816923233412757,11.042035137486652,9.872605628798468,10.4152175828621,12.663875715411942,10.202178370523553,11.311703355162244,10.828799337738172,10.19762155105694,10.816327321191055,10.835756490689732,10.93061571331726,10.464551875526398,9.617068718847326,11.197009923699365,9.81550001273435,10.666782486065845,10.267229271234015,11.174914501928098,10.093489240626402,10.619098910041682,11.329783492172552,11.816291027537439,10.312084712511641,9.823867118912867,10.480069336260168,9.890272309427793,9.882518175492358,10.784609432356966,10.87656877194941,9.57796830109342,10.362408477176556,10.406432740846249,10.518027349872147,10.607150491298285,10.325141413601235,9.918481614324886,11.98882722787283,10.586244154093412,9.924569252344018,9.282136697898315,10.054738800049535,11.949710032636654,9.742104149972914,10.35297903664218,10.519128699538856,10.094069581266455,12.31691771179528,10.892221989651627,9.46774651887591,11.573503451251625,10.310874480083545,10.962251721196118,12.361415763900512,10.624295490567283,10.739220583182036,9.060629613744007,11.629697319357405,9.633828869589573,10.805773556501583,11.20148991396122,11.466359435917452,11.560727246853434,11.39423359646243,10.272872275587773,9.651715079876872,10.65659969646602,10.218168298246304,10.299707708013148,11.16556863128017,10.30053465401253,9.803699884911895,11.307813548805104,10.472037589619955,11.122521621116347,10.124516092364448,10.679676764209168,10.089431684149497,10.797492469217856,10.945123378304624,9.414591384426227,11.628784588113254,11.21492802121939,10.63792620612214,11.571249117233723,10.144641527087893,11.040620909494828,10.21937285406258,10.458029671176794,11.820185845498315,10.471519468494924,10.826849681678091,11.433742347587096,11.714521089440922,11.165498526735254,9.972382568836633,10.48447663543698,10.639864938785086,10.099225846293676,9.441888236435478,10.66711374480097,9.851795941867305,10.589967616706401,10.144091110320156,10.802990036347985,10.15406961952293,10.233669814929092,9.872949885890009,11.055273626326555,10.75686058356681,10.114128484971479,9.827661808543798,10.153232324924433,10.933268663063146,10.04965243012248,10.932425815126082,10.431717912866612,10.594098023520122,9.683154292031505,10.424184276672264,10.985579355493616,10.587733606579512,11.046415834379971,10.623209473665618,11.205527590522923,10.298518569416743,10.20061050726591,9.963000884012388,11.172720545783017,10.244223361547183,11.494088276428599,10.821332426603028,10.902832721031839,10.87649855728388,10.657308774747797,10.821689827860022,10.152202433332029,10.252141139400463,10.582427312501983,11.081968451072388,10.338635420219763,10.18297139703076,10.777627721699213,10.083733279110836,10.84671623729364,10.483114837666095,9.318567760010552,10.521174483138427,11.27340137116016,10.869051570626716,10.757191366417858,10.64094149100704,10.786203823046216,10.979016833458225,9.177815521128066,10.428523279838611,10.384890864389666,10.08621816234759,11.018763115477404,9.5446124223708,10.299859352246648,9.935782236315646,10.362263128583415
11.212366839536216,9.885641867061999,10.887006329070363,9.883169534936938,10.296279002170525,9.314882201325096,11.076390151243933,11.77013201427125,9.80532511356755,10.250601054289346,11.173024562880771,10.388541259298863,10.689674666202464,10.059048849243743,9.76026895409227,10.51758825501734,10.407260190564331,10.055395111686197,10.835797863296253,10.71641301122607,10.60395958385296,10.766162059943245,10.15550775276346,10.20575772057423,10.718674724716644,11.180758890989399,10.225301021215003,11.280449252897103,10.730517190910042,10.872315056966679,9.883970514526123,10.690067815796926,10.407329693720639,9.865010839876103,11.035984298779923,8.90897071633648,10.02088332031719,10.70793645158101,11.268025945936827,9.895043970889928,10.426663490439523,12.701312929425441,10.245498050558515,11.347067131905868,10.869977986940379,10.243077363630032,10.860437586405844,10.945141038880065,11.011334253526329,10.416653094336061,9.596943395832556,11.212055612118606,9.84945549800289,10.638350516169075,10.228935088182961,11.156261483769487,10.086236583367205,10.562940102385182,11.31018329983485,11.753937362889326,10.285129765133757,9.84273760979855,10.470323386067518,9.832243448272479,9.903964218060649,10.787377304031374,10.84274838076838,9.592609855935919,10.33254058379163,10.374329816429004,10.45920757761726,10.609569453027603,10.361936426032209,9.696341485604245,12.035694039160843,10.710050976413394,9.94934055909727,9.201035285017184,10.110448762004399,11.983810291027826,9.750922959035941,10.472753303586261,10.57936350384801,10.20897285086776,12.307002315120009,10.899172222409383,9.484698479555203,11.656597585816403,10.383244690598808,11.097747281633644,12.456225132126523,10.665037314451352,10.722768409067717,8.998600561565716,11.618470620564779,9.631975098431083,10.84312466070491,11.329088815160516,11.5123245057868,11.635065678812605,11.447328398170514,10.224128085437412,9.688706929307308,10.660748685870086,10.165611868996194,10.392623826000207,11.3709132405934,10.546364762190716,9.798219061549165,11.288405342733157,10.414898316185077,11.206210611429544,10.0697961206484,10.819471676464596,10.029109965507764,10.76649984322028,10.939628577045621,9.425867977129192,11.699713585902042,11.261381266543623,10.7377304723433,11.543424056385794,10.105607118284688,11.122267158306718,10.22440865106347,10.351060139362648,11.758007766713177,10.548898413713577,10.879085779292806,11.445994203409587,11.70655681930379,11.167731344271603,9.92902267393447,10.75073619242987,10.603158658210715,10.125316075360924,9.368579271862489,10.667258444170745,9.82874090898296,10.607325900383934,10.034467805207482,10.826964137405925,10.162039609605005,10.327451889123122,10.013951146279355,11.085909159122123,10.802668046210426,10.183395951936308,9.822657079536613,10.168376986676735,10.970037145468373,10.009665502369305,10.912772841147437,10.448461724038566,10.628815234336777,9.665645334083246,10.442931999698299,11.029556884865846,10.567339646749176,11.171093340326356,10.516998142099547,11.106464243812663,10.290620151648744,10.208947921492516,9.82857396202228,11.217266070587172,10.282603712533858,11.49880002748895,10.985022926942936,10.891401402255203,10.873815604327582,10.763607035377635,10.814634633162957,10.06123938795243,10.256922749231364,10.576321486841401,11.13688236933804,10.461246115907338,10.263573987463337,10.844327080018104,10.164510181223726,10.88470842877709,10.541818483475655,9.311247321270974,10.629939614232818,11.363823590719134,10.877365773612294,10.803864888886565,10.690511425511135,10.817901477358797,10.916945242629641,9.194251649619348,10.515208133273912,10.379798004121977,10.137850607959543,11.152485253260702,9.590765933624343,10.304179255034649,9.936401174169731,10.365088781446834
11.300141184310549,9.975964761582889,10.931567270074972,9.814399046577218,10.138672951047122,9.281728999648148,11.038579073734612,11.51988010472467,9.775434833443082,10.326058356018065,11.134060972546802,10.39664510093331,10.733403925872953,9.893223116612843,9.627866914162116,10.489610851438897,10.463035499661096,10.140137415421636,10.85363410178828,10.740924624773966,10.510913013763224,10.771909677023492,10.116907177016994,10.180474550126895,10.68407998014366,11.210583293128597,10.390288614080156,11.243391214092183,10.835906083714477,10.916410597792769,10.029362776937289,10.752960296150327,10.475156262031835,9.955862180649383,11.065643084533171,8.84279919836965,9.91884076317052,10.805957123337862,11.177511168103555,9.887611990686963,10.479916930414925,12.773896701608734,10.138519133512215,11.343911397073397,10.869543602851735,10.338155787819492,10.718446742212295,10.88665736169788,11.02339572449747,10.509331855966371,9.506697791171005,11.236518807398891,9.811889099340442,10.56221006119936,10.274923248237313,11.173323660769617,10.086044436486356,10.722518242920334,11.374191486537743,11.927634287086157,10.354829243054175,9.790214094776145,10.309756415222552,9.833945097356159,9.784237668507913,10.78116669108276,11.051185159756209,9.453805189889435,10.424238408103808,10.358893222979246,10.360586118058073,10.502724501943385,10.254181744746415,9.717036107206212,11.990524681127688,10.773935320968386,10.088938899004319,9.257645981354381,10.183569360650393,11.992580591002033,9.749269458755982,10.291440215233072,10.643349456274148,10.230853982761142,12.276046905297925,10.894302524430277,9.43423418577648,11.766249361524318,10.50563729402311,10.970301541063693,12.552738893457004,10.75031756288627,10.768269618268189,9.06401070792146,11.721240434367715,9.644121114896219,10.918464026019949,11.355050781351853,11.528202642040613,11.560483077726321,11.486023795210688,10.367717272934073,9.60225052758675,10.714673199036381,10.197601218048927,10.449510306598285,11.416843950347554,10.518475496729517,9.784090151671808,11.262810403714427,10.489193136431139,11.191020536338426,10.23858851334269,10.958538010492587,10.128714832454573,10.81430650836611,10.917811617080774,9.324410538358473,11.792890421631608,11.232154795259486,10.635265349102806,11.466234626256044,10.138681608362152,11.163099894918684,10.238606221034438,10.358467784460988,11.745301617990624,10.682500200105322,10.912680025286537,11.225281545974413,11.808514568298769,11.176639349017396,10.030517987128137,10.798061412177278,10.630042211551604,10.078545622336785,9.43430568809965,10.672788332008468,9.909578487316727,10.804017062575312,9.927387074502036,10.809294761894204,10.21872499649354,10.257753212334768,10.117353655247372,11.08555513814872,10.834085626872316,10.29105161959655,9.812517874140932,10.405331935148826,10.913572076146663,9.99360663895218,10.925324196235826,10.470151800492795,10.698753149332804,9.665457399284808,10.40689241063839,10.976408035645118,10.610217244379035,11.231892199795732,10.569019530291335,11.147817839544818,10.221598450129292,10.1283737123012,9.760522499925061,11.23417747799787,10.353559522475402,11.422506915497632,10.94570975583775,10.78211445651917,10.805272615505258,10.632013514017556,10.887478202044887,9.93593079627754,10.15183268486725,10.685416556336436,11.055005448270823,10.506992018862418,10.14035453377823,10.956124638154206,10.18367255337722,10.943411048823581,10.58897004839263,9.507716317466414,10.63389743673728,11.25226897105423,10.858690001142849,10.69116029986759,10.796567123039544,10.721499603821256,10.993905516304036,9.375364730692826,10.667337902134685,10.464727519963734,10.141049753406389,11.028830810520489,9.545493278836284,10.328123536870716,9.760755584352433,10.406592595039033
11.290884292929423,10.082263262233523,10.824894848972828,9.771400227931075,10.135908679331182,9.360303348784768,11.053263140444763,11.36277170193096,9.53590656078196,10.214890340707484,11.232476962387738,10.426939624695917,10.690169583625343,9.673122233360349,9.767681629000908,10.534538239372138,10.601256200471415,10.1685923946157,10.8158895550242,10.620692071816059,10.431619025343839,10.866173316960495,10.067403237796327,10.126377783251169,10.780216931303821,11.30439979091119,10.504265924510666,11.296171942130021,10.909003964677593,10.909608943444955,10.16749163392322,10.783424741135516,10.513167167059061,10.027998299550907,11.008620434014034,9.041292780441719,9.871064542669023,10.799404914680103,11.146963912721276,9.915226199373304,10.378733303736078,12.83794091729783,10.11079641819782,11.270715010330768,11.012763831542856,10.463006364304443,10.69100153694538,10.974396233649735,10.974809456499987,10.50717548953051,9.687237978618468,11.428149343079932,9.765939619648648,10.723091938071232,10.475409816340322,11.26227899945937,10.094140819703187,10.68686253935061,11.301378986385677,11.794379805116801,10.258551736898967,9.76992284392996,10.353825972350903,9.788102705936032,9.701114879679482,10.973286246814679,11.139984107393946,9.426606936392261,10.337717403014665,10.50362413988275,10.292804837561041,10.562093546813358,10.243734727587592,9.696236884824472,11.990329482812633,10.831895797823094,10.224416094888667,9.29939286871048,10.065836729396855,11.986429578593263,9.70910763867109,10.45357218125112,10.640683540955095,10.152965135496824,12.346345541236367,10.934488502738544,9.562303083267347,11.73454506938849,10.458728150077906,11.011333809304421,12.580747163006878,10.727194084394494,10.719069849302052,9.165513368730513,11.603756521941621,9.748686867207944,10.908712283308404,11.330132682629506,11.72401928691534,11.677438325406067,11.523135589303921,10.41076599724264,9.627965765573741,10.719037957504105,10.172365732139587,10.49584061857651,11.616515356214133,10.576975263869311,9.725359780021572,11.216431036696356,10.388256338995378,11.217346628918877,10.218045626320851,11.024981833441277,10.113474637520381,10.801953987992354,10.936577932329836,9.378570932273348,12.009754242980282,11.284406566328387,10.679192600821168,11.394038786851626,10.098536465994062,11.184906328595325,10.345310587188285,10.432757061842423,11.695145883014893,10.74909551059206,10.933653550856858,11.102388500686933,11.859643598564212,11.189679441482712,10.07310068360917,10.795815136018188,10.867254299041653,10.177639858308329,9.276325271131492,10.683490657823842,10.060065929982894,10.717824446049272,10.022216703078971,10.816744171772818,10.287241915133134,10.363950855679866,10.128961057748004,11.040974320383183,10.770322244506154,10.263762541125544,9.723508719302018,10.375131629775833,10.889444904543723,9.87653645719384,11.059803805372566,10.543752932780022,10.694986632024934,9.53028682132333,10.306373191130396,10.972552977633365,10.528520477110897,11.243676955861918,10.615443052746095,11.136152058718983,10.175631432405156,10.173773511604429,9.716989484049149,11.25879643473762,10.475272953213373,11.34419741950575,10.927354414297453,10.764315238567928,10.886557482642797,10.671639411408584,10.783546592385333,9.986021663417286,10.103489770509617,10.467636433692427,10.958136444855572,10.517424323598792,10.19445798922359,10.97511435568885,10.25947993996761,10.867088054208605,10.587604564718077,9.417929373123444,10.56770125235962,11.18934740252698,10.912346258416651,10.762286675007873,10.663023282378362,10.795991253888529,11.17306722276353,9.365582876742353,10.796140685250135,10.301623377405928,10.26330662569643,10.981996276749447,9.592578188168432,10.326261658156477,9.63163340711031,10.39650940516612
11.234954416656054,10.021991950930902,10.860899234588091,9.745750962810954,10.153812294250013,9.3906990222823,11.128709607959015,11.462660588881883,9.486115944943586,10.12270259952933,11.366251057522057,10.516264848267388,10.764244687784362,9.650068705891055,9.708189151764511,10.402395354576559,10.512932931148564,10.122684359788714,10.870197179135697,10.857226452338951,10.480812687644393,10.95154532590274,10.088705848994447,10.07611477209172,10.838142933674016,11.25175795160542,10.421122265644302,11.341134459557537,10.945771843171888,10.809967580391017,10.133929033264788,10.746582116594638,10.489474098916203,10.0257200134667,11.062406243787787,8.97525718932513,9.815959154939298,10.811290262021343,11.082323455705515,9.914314089395202,10.512389522709134,12.877957764825892,10.124609656053876,11.257684589652076,10.969487958312357,10.42549753872131,10.810530102250905,11.0127841260702,10.857439715102945,10.645512447269796,9.715424193315002,11.501656767015753,9.838170218729555,10.743788969054938,10.507503223080533,11.218457358538178,10.324794807960037,10.584832298456854,11.353606793106092,11.945047964457368,10.455898130268329,9.783565123068618,10.387252475431934,9.783343593202805,9.769681363574488,10.908809278564519,11.198398089410164,9.429812654242724,10.501031296999397,10.443796383912108,10.363062097815964,10.702414845016092,10.153903893293228,9.657094996269286,12.0531257120822,10.789938063460735,10.082744644554118,9.34615399509408,9.965828743518058,11.922636958649568,9.761529582302796,10.566472396843743,10.659565830551893,10.237772620659182,12.345462292085168,10.961408553742084,9.4851622758526,11.668790771754127,10.396139895446014,11.048585660929701,12.396373031021078,10.70921134808899,10.582984088088539,9.037007230788774,11.646400840819485,9.776544667485057,10.822794243322157,11.368262456293238,11.748088490789119,11.652080455025397,11.575693388049956,10.508179564267307,9.48782183119752,10.771240764130408,10.22733787920117,10.55478629641683,11.68118151296676,10.600912666303536,9.63314652136498,11.204795761602142,10.442362728580603,11.237651917904925,10.15270630172899,11.090263444516204,10.02181603963146,10.847887098193445,11.009581459826906,9.37423117805126,12.006327273344104,11.363879995352104,10.710520940128943,11.37013307349855,10.150664733133276,11.130951343112743,10.302183723529502,10.35876914564975,11.724530476795879,10.610452833902515,11.04935522042254,11.17411533749215,11.917954713445202,11.220460862083202,10.143629197967176,10.826236313293668,10.841864359638445,10.129463330986923,9.341993584387245,10.6581209527319,10.066536434619767,10.816414980694482,9.961242228902357,10.9418344516862,10.356400175830878,10.540180027912944,10.074352262884725,10.96788051044771,10.68786375011831,10.24087284581132,9.758899671153678,10.457555447584857,10.973140460139694,9.903320541644277,11.092885010864036,10.61303507135844,10.686703324799058,9.713790808025633,10.323450656256652,11.06249245157394,10.450411861593635,11.075940849114694,10.601852566705519,11.187726011678635,10.215480766757203,10.062956318789645,9.771558702794293,11.385086380429966,10.534758395185483,11.457294340985648,10.841943936426299,10.774705533051762,11.056873089605867,10.711019864266442,10.803199116961993,9.941963579350624,10.19728145709771,10.346240888537267,11.15236982569566,10.440719956826634,10.221630911870244,10.887523683827837,10.19625280148194,10.866295685612716,10.698141137918746,9.256917093471339,10.64236443802224,11.22884215709093,11.003823187021931,10.849048259041453,10.652141157562166,10.868524493359793,11.082815390323384,9.431407072209385,10.782058203500334,10.356856464943773,10.440393479177207,10.950435367861003,9.62398498590832,10.382798970117513,9.601158869498008,10.379872951620378
11.290405034074524,10.004265313658717,10.906991360838324,9.709244622143325,10.212412553824521,9.405488484787368,11.243648880196375,11.415957528340137,9.606826669310598,10.10945579398219,11.367544569460758,10.566688571290886,10.761708589478541,9.565829619493778,9.711867095955078,10.425959379068342,10.609298766090347,10.02134751430081,11.050890634071434,10.890542390925996,10.399938990787412,10.907762397248652,10.166561034991723,10.074068336909837,10.894512491885807,11.207312169548764,10.424795295713535,11.316113376144777,10.953928016365094,10.702038203402825,10.145065980013733,10.85010689637855,10.559509460463435,10.066453808574897,11.189572004286333,8.948158202465043,9.831096920780622,10.82501235486015,11.07115639901475,10.04501359722175,10.395925368649927,12.911345299243647,10.098353707887716,11.252797862264721,10.916902898331948,10.504944175595313,10.893717346249293,11.008148292516491,10.849118262915425,10.692661536082896,9.61546621662328,11.40470351595049,9.918814233572839,10.71927322929048,10.50868809331305,11.142247235507337,10.580359664228778,10.59728492840775,11.311199021172254,11.941821087172512,10.449819623870166,9.868000615252411,10.391295962071661,9.805621100926054,9.751263396263848,10.803169519245518,11.080958261291412,9.4227970004785,10.41924323459513,10.582904143793858,10.385623244940493,10.687665294866816,10.063285377416921,9.753969128110514,12.123414751842928,11.011627813137851,10.098398795967663,9.342087156173946,10.034676683583081,12.071095117818043,9.976903376654693,10.677878078306115,10.687914155963698,10.195230805357332,12.30462540156008,10.961583987114397,9.671243085693654,11.78625809861091,10.430625520197331,11.067416360099115,12.382686467672785,10.761246072444829,10.627187710304474,9.165530723433324,11.78776564686574,9.743757786299279,10.862567592137596,11.240021067225603,11.780661670618638,11.662850836355624,11.612052032833637,10.57631283570886,9.571909327621425,10.737634163038493,10.23515398578136,10.487791828107117,11.751876298554794,10.675961819514269,9.65314582237913,11.147934949270217,10.476594718323645,11.328897250054187,10.039728700818603,11.045041384633501,9.912599220455142,10.946853883370915,11.144186783712795,9.45671148109015,12.027309412098944,11.200143291010857,10.713742565761315,11.51099376662847,10.245981902713131,11.34636993947393,10.202218829513967,10.397288400352824,11.6999388782918,10.707122240146987,11.02175520033869,11.207403670864919,12.043751489051731,11.165928174042858,10.054438674826194,10.81688191369099,10.90710380354127,10.240814373604792,9.354939488792782,10.720917720452775,10.091580466543839,10.692402164797834,9.898954967662311,10.892622200709168,10.434714076356903,10.665447128033145,10.12906796887982,11.146931616952655,10.73343925980104,10.233160766600319,9.794005703414042,10.458273688884734,10.995577094374811,9.850654987504273,11.149857998386423,10.694234267974464,10.751379621643208,9.586556673550334,10.370262724074406,11.098329737853659,10.273723562820154,11.077176115384383,10.58927174411874,11.402841796714801,10.25561076562907,10.185865315016994,9.88501789571343,11.336052303890986,10.611270535535889,11.375719161854171,10.939868316655248,10.80374736685655,11.028941835941682,10.668663560908529,10.711943198656884,9.863397419080933,10.222847174719666,10.42184257062152,11.101960803355475,10.372032846877305,10.271601175918407,10.941715298932134,10.302824454161593,10.825480364082956,10.725967194033984,9.25156231220966,10.52967210761174,11.06225439707558,10.949798636025614,10.815529894873983,10.634890561474343,10.814021279391872,11.115278015320884,9.434806205392338,10.72392121054747,10.262207639603687,10.428851582776934,10.925945448289436,9.579347805654045,10.465626278641544,9.664117251937489,10.44601039184357
11.301425699411018,9.970874399931649,11.021798129588731,9.758788444288573,10.203773969493666,9.342092105770789,11.288089325908519,11.502849151258875,9.646860390388921,10.139686014470048,11.26393339106638,10.542933580315252,10.806698424756604,9.474057649546468,9.835032225668904,10.478915684988005,10.615194033927486,10.054188297594239,11.071280296937298,10.732572484420636,10.39250941168677,10.948849329214475,10.21931448482099,10.027238006239536,10.96697556887149,11.241851714220434,10.413012009304087,11.270835393733979,10.825489071831726,10.852535224895822,10.246871730136123,10.857753585486668,10.563789882365391,10.137194657874845,11.092625659864575,8.892499656087157,9.87269834615103,10.81286287006741,10.985953511774177,10.03612012226862,10.355815525795814,12.945642309493246,10.320700414778132,11.199459367830638,10.94630851227561,10.463866995032276,10.866146092228425,10.991675800941156,10.947754287864338,10.640110765938823,9.706218071031,11.37146963910867,9.972033425538438,10.76089822287615,10.445203894552096,11.300897609421714,10.458542768283806,10.637631489306095,11.33657778978447,11.943417454899542,10.452467676464089,9.984863105883916,10.41259534146377,9.825102711068299,9.673918921015822,10.75415448974898,10.990784452667631,9.428353882166912,10.471650092239257,10.588040154426706,10.373448939888847,10.680504097162446,10.12013925052114,9.556659273483076,12.094786319445868,11.078653418347903,10.057471165317924,9.432444520546111,10.01326240250979,12.087229367822038,9.903041379637543,10.693302203690179,10.702312399691436,10.21012703193242,12.335073273686472,11.14479233308343,9.712153042345646,11.743571703450446,10.566830332145505,11.08072256372622,12.313328923104885,10.85128497183477,10.705136055311296,9.13716477633712,11.779582504106383,9.779815719955762,10.967274078812457,11.288188224274133,11.783437156484865,11.700401374457622,11.63998198740091,10.617044515542563,9.582086546938722,10.753429346923172,10.210642828553123,10.482806102517763,11.82111928868522,10.799007760885807,9.725099393891595,11.143843386371815,10.597876706553484,11.360721277410473,9.922084852128375,10.998576203354869,9.951867689375307,11.066300755870628,11.136245731674839,9.328116163494329,11.921426144291857,11.368107370875336,10.725770160058486,11.451831309832098,10.200506798570471,11.38732960382879,10.243403038643141,10.358161745594677,11.752154062241846,10.742975099673863,11.02260256309912,11.151333644095804,12.064725061788593,11.086624767367933,9.951129697543069,10.931765399604055,10.87056780505611,10.137212574544847,9.220235957859385,10.775058664032262,10.06236307301479,10.642183247755758,9.9200901598885,10.82408113881956,10.481177350559316,10.587170797251437,10.167048330864283,11.195569814378043,10.633686544801446,10.388101133143534,9.729612274356304,10.52528554249884,11.050153952064447,9.873076487024866,11.319833164464237,10.814408995667291,10.773887743485119,9.522032999307509,10.425083720892983,11.121139115591749,10.343821328846486,11.013063610339852,10.694254017879045,11.461462531443106,10.274285024110783,10.354712137824265,9.876537627463337,11.2062831840098,10.732793867174088,11.335958547421518,10.992349838062355,10.867753797177016,11.205078798521885,10.73468350376674,10.6999716495804,9.91805678441819,10.306809437419334,10.374603041092875,10.93743803506247,10.363715658486761,10.155723476469076,10.92471269582009,10.222267010306217,11.070347290907327,10.847737232554955,9.246701481444639,10.51310793421571,10.941184910668964,11.018791611975063,10.776996606987437,10.608573803688326,10.864455917297665,11.092896831697644,9.458886843275412,10.8163038650831,10.202937854850273,10.517558883510361,10.906787666971782,9.501394521945313,10.447408299097013,9.686740607297107,10.411893096681075
11.406550557476981,10.073767749741622,11.123221800589963,9.712960189708001,10.33709939647042,9.381246207743066,11.321858157079426,11.608622372237129,9.643834176094312,10.0878137866319,11.34590940637456,10.653398949177596,10.869929227738943,9.52418605417301,9.888602728165855,10.360294027619615,10.720025168256416,10.223788736660866,11.144019435932334,10.841242620063479,10.497487181729753,11.00470993960205,10.367582543283655,10.09225845089935,10.924956457224885,11.422407687247464,10.435687650425907,11.46563623702054,11.019272085430378,11.028239765007553,10.295317132402143,10.837032703916798,10.612760757256089,10.201912138569387,11.059052500596673,8.940152217076113,9.75698848995055,10.864744184926725,11.21168992585077,10.061575574028181,10.284971317069981,13.013728097037667,10.55269064079918,11.364382564252555,11.05659664572758,10.520656665527476,11.065869415932246,11.156109412154265,11.174357187208182,10.888170535617409,9.71622751710508,11.432743982054468,10.05318932492821,10.742433350046513,10.377203975741006,11.416512476996795,10.409425456764074,10.63652609924279,11.556989593865815,11.956099039725114,10.71757938305804,10.12182648990097,10.463945486157598,9.859321969461575,9.880869475182413,10.732695905714927,11.107942048744034,9.359645304326675,10.740527286695174,10.74043565895066,10.570674310927467,10.82214403077423,10.12324829627821,9.50672188426871,12.018919618030754,11.11236048542129,10.007058326204922,9.677828425926009,10.33483287724021,12.200379217874112,9.85001969222052,10.875939161368613,10.835366510975529,10.19784079350042,12.493064489578359,11.174530731587165,9.699103526665896,11.739872525961571,10.697356836950268,11.255181726281979,12.328710545433868,10.747930475481315,10.631132031587688,9.13534443057737,11.885086743056041,9.7840571035586,10.8750836523894,11.317433113049146,11.711453457192725,11.764104210523934,11.649564412810761,10.582775549656532,9.49431561493836,10.736209151593204,10.279303082268159,10.5142310554823,11.847704428783835,10.790009626119101,9.96939771552286,11.06674646908997,10.720832342237525,11.37914372034798,10.018866628107611,11.080923653627684,9.989257713266927,11.203910134035691,11.095544771295042,9.309264679991701,11.98540335309314,11.361763344854692,10.700566677906018,11.465062151612884,10.329628005130608,11.699837173332718,10.29025096453972,10.495724591273486,11.755527413384891,10.758478611716766,11.089638588085053,11.18286130394679,12.060418280954444,11.037904645131704,10.093309361635995,10.930178190985622,10.991778475781139,10.188317126364076,9.172698154352563,10.939020790016778,10.17570020275495,10.712871991199222,9.946258684283444,11.151863353598428,10.502669007615372,10.488535289049981,10.220438067010786,11.183320101303803,10.678202676310747,10.408193744561101,9.8113670199398,10.596782462905656,11.240375712472888,9.971748088653516,11.263156144241803,10.791453284606726,10.721032586758044,9.53551586692547,10.45651097319139,11.09552895446392,10.458123288882938,11.150276933952444,10.808324951503868,11.47367697025118,10.231576492429346,10.391226571208048,9.860235568533612,10.946929611507596,10.662090512595793,11.430754995587302,10.981830079261423,10.829169254512129,11.116587771233057,11.051242963811214,10.761128880947336,10.035988001129095,10.57395215691773,10.395980438442203,10.837703701009827,10.49554424932174,10.12955793021817,10.766993787365163,10.535279382597466,11.015664591230466,11.06694175960871,9.172079891579465,10.503891684114201,11.0212072230312,10.95307328152938,10.738684692550374,10.70755979037543,10.930123782590295,11.076362000629507,9.47161990132566,10.978770027287373,10.08427613808779,10.517533925796972,10.82981353538241,9.554582459852295,10.625667476744225,9.74947900933437,10.400693798242747
11.266712160565175,10.143782667738154,11.283981722849742,9.763143189986948,10.294008145898209,9.264432597351611,11.252888818752776,11.584701318143416,9.703753041095021,10.224996371262689,11.303613753039043,10.519347366730793,11.038772682808021,9.649641467026587,9.849232219387668,10.213163116810486,10.877273828151562,10.173589309008454,11.164023019261032,10.780522594442337,10.412744573269002,11.081663200964668,10.372499051914696,10.045092329392766,10.749321648784134,11.1858653789528,10.455111087129204,11.395671526208673,11.174306052114861,10.807235435997596,10.23439808493245,10.779636570515846,10.726607730371384,10.15458120588403,11.10269842829451,9.226296955913295,9.814214666361742,10.91200163807357,11.081625059254291,10.159959053439755,10.274069387132393,13.076097586819294,10.345457261504112,11.489266235083994,11.085836120980877,10.537621646008615,10.996388548601256,11.259052181644568,11.317388037878743,10.881695787958163,9.829725447486403,11.383078535361948,10.299526082811775,10.843625649489827,10.414292812071123,11.556869803823014,10.362840801067987,10.593259286159796,11.79525413211726,12.075114532647424,10.536805719927225,10.056713955530434,10.535572831323904,9.873316349204242,9.947813049543683,10.757933375030063,11.059049748851699,9.324286249291669,10.466573056800508,10.862043805098473,10.528413928762044,10.782621919303105,10.059395510661089,9.473066681081697,11.968972677667324,11.258111084000936,10.007509915286871,9.566195070603086,10.323916904358573,12.142166617766646,9.963272054560871,11.017226832659775,11.012391623828487,10.259756354601201,12.569392247846096,11.232308861330102,9.825066115684058,11.762755915027885,10.923430518376154,11.176972494878598,12.706255805056726,10.532043965422174,10.704105705492443,9.193688647563253,11.796466827882021,9.747857306822672,10.856151545865325,11.270285843789464,11.956245525142144,11.707623838513586,11.6090748206339,10.753935671467678,9.762307192675067,10.791684679712265,10.209088535312528,10.563973452282113,11.976507650261052,10.778409318157577,10.244233025225098,11.028470396632969,10.893349750989932,11.45961360061754,9.902946539790396,11.106731921362028,10.127965611780398,11.37647219566147,11.10628238003979,9.440081479758748,11.859351765684892,11.38389081520191,10.82252550980178,11.429113372067533,10.563605869429928,11.945561682405893,10.189324414359776,10.470107761463302,11.788402421645191,10.98323252660776,11.085805080349157,11.252395936509574,12.155527692260277,11.133022376619945,10.284401756972763,10.898885732933103,11.13556133859485,10.36919849222074,9.116097064868026,10.85602167891639,10.086351569106858,10.622103459825558,10.014716937017203,11.171981077750532,10.41636266301126,10.556058102470027,10.281791057157562,11.202014449189845,10.794481625811642,10.400791814389107,9.72204056186363,10.847928985445593,11.241691497919849,10.108476725425614,11.254691158296197,10.838365023398861,10.677103105202914,9.497523310591074,10.39412346514105,11.171200348109066,10.57192197293817,11.153437596148198,10.877009486763333,11.499666836887178,10.321909924610715,10.58284608589615,9.750058110123124,11.048002266778454,10.68821502257076,11.443148116743503,11.056810086327229,11.077537774486801,11.306330750892418,11.097014034054036,10.898460877071262,10.059123335434828,10.542541873425783,10.350440201433543,10.76923789008322,10.508505492617168,10.21662569446735,10.938239567926358,10.657857499747433,11.156928874072618,11.032460677203284,9.243024505844975,10.56335686077761,11.03912899994063,10.994562654772803,10.861567433999047,10.80863145847643,10.958898968628993,11.060893625829145,9.44983984811255,10.972316920213782,10.080571777298465,10.646848410017226,10.849664981264349,9.53494580728171,10.671464583865381,9.713836535321247,10.43704631285525
11.283525970007018,10.130031088299926,11.225782925236926,9.753605165816396,10.489198786804488,9.212653186238168,11.26982971514725,11.63287424450778,9.741355605522028,10.195289602971409,11.438017963353673,10.625850103915688,10.958058491002738,9.57439776589352,9.964291004411004,10.292018395239143,10.7988488517068,10.22288710504723,11.408122317663004,10.804656994905397,10.441764743939496,11.09629671477152,10.445149792707253,10.063891518991282,11.035342557522734,11.154108375091067,10.496281992036536,11.233577277013245,11.168334335228788,10.797501519763474,10.396306079394186,10.69479400341654,10.919670097105248,10.19785025385465,11.34204041055724,9.151870521259882,9.58537970016948,10.89576753597886,11.184915205800928,10.192523935912252,10.422092359942624,13.02347064215022,10.476310182365351,11.579690303509906,11.187004096625499,10.78964867680275,10.968818934507302,11.164414311422188,11.431750839583438,10.736341110074305,9.884266007807227,11.29437627652986,10.73882947519052,10.887167445304037,10.464936327553769,11.673540571484246,10.410923280512334,10.658769212827218,11.958171550164145,12.172944496862108,10.675478700522591,10.253008622830363,10.548611650820407,9.918472391566462,9.911561904851972,10.651324237325523,10.94897852183307,9.281824729106491,10.39244953667887,10.650662601894469,10.588573849483662,10.860120144708384,10.07714077757687,9.568286995326261,12.193342710481929,11.264663175463152,10.063418406053527,9.56252531253338,10.078324106548541,12.041964916392983,9.982801751896963,11.08661550137239,10.938185276729708,9.940011210509205,12.62521931516051,11.236233884254471,9.59511137319804,11.819289687791569,11.052159645563574,11.183796625547254,12.585235979196014,10.523955891455653,10.894284523332836,9.465750830315283,11.843822138264372,9.933502823771983,11.151684079043855,11.471237453780562,11.961116493735453,11.759069893063643,11.606525709091466,10.726733205195838,9.7976942120066,10.935279022244185,10.415839695777327,10.482163215929463,12.008442937042526,10.933189304616555,10.24219626177948,10.98950732857384,10.992223568036138,11.553366827897865,10.246814356294863,11.080791580268166,10.069122798182567,11.513050420940178,11.20045810517854,9.400038080758913,11.786833950000366,11.41722423880916,10.82200690262765,11.381718304629516,10.49939612379933,11.81311797521534,10.27807001756407,10.446586924378323,11.734066482544154,10.934645071828369,11.125177828999643,11.349158774588114,12.242197897057782,11.166520161943195,10.308687781486405,10.962217567094694,10.986985841564826,10.33254964596207,9.321336218941076,10.998153229126686,10.030691170502598,10.54411005318111,10.127015655555883,11.139100676423919,10.589064006294132,10.80883331705708,10.465192527969991,11.209968321362728,10.805004790853896,10.375363363180535,9.650700961396408,10.786338153054919,11.355141762889462,10.40565398408275,11.333517163348622,10.835346224698645,10.774747982079719,9.381225552092936,10.544157706401805,11.294037344011917,10.86243730469721,11.164978000781083,10.746610029895473,11.359660902673973,10.21767609017082,10.720222631021596,9.790511995823222,11.201354866206131,10.95459342922988,11.499417245447916,11.033953349348089,11.026957959347655,11.246294775913245,11.272346719035003,10.849896630006976,10.04982627182032,10.560213460624306,10.463137129230367,10.759713199580297,10.452885625295268,10.413271549242967,11.06533451928005,10.58354850360575,11.13573313606558,11.083754908173757,9.396164025220456,10.593356509949992,10.930008253794378,11.037868840705183,10.911455131834684,10.828564416963411,11.224817480392561,11.04389455864768,9.390439056841066,10.990196761616067,10.166228008027002,10.651799103053188,10.79650126866637,9.600221641397688,10.492219007499953,9.710771068352628,10.414762740282518
11.405970799326287,10.155949467621785,11.391893532098134,9.65510520046585,10.634750288100495,9.076057726847923,11.261102943522523,11.678550770914766,9.73496802772547,10.176430518721665,11.436652779290839,10.669771760038076,10.947864092007336,9.713800726709241,9.993034853508412,10.217969874823622,10.598113095877888,10.068244668684562,11.389706204848608,10.790554893441827,10.537439721155389,11.116302517779483,10.486206845526238,10.141030732380273,11.065723079538206,11.233806948697467,10.564509005648537,11.27813553104708,11.349799068056459,10.7492709984913,10.490172748060795,10.763231285839472,10.694080687102094,10.266108764742386,11.355763488513016,9.232800819955614,9.605191256737772,11.018084386962004,11.120560572954119,10.252020677068133,10.619596004677911,12.984071345771332,10.521765465755648,11.541930560439651,11.204551727984118,10.635000911231701,10.964405339090511,11.296822081972412,11.724021487608692,10.86564863604134,10.20936430700675,11.317034229475071,10.75136290158115,10.77584449661888,10.48956953077862,11.701491485160549,10.369365561843303,10.698065537357309,11.997018645046767,12.17236492212292,10.674570216272093,10.393730536876769,10.86290984711688,9.853033512768766,9.826242715393414,10.642430070340868,10.866895948650136,9.363478374585622,10.469934726064768,10.707412726260365,10.72177695801383,11.135109056959157,10.160807887501202,9.437661942234115,12.264691800949453,11.415330449433274,9.962138415369035,9.550501273469695,10.084614881345168,12.187263309211346,10.040034922715588,10.947976983619585,11.031947464815982,10.015674589681606,12.684280667106467,11.397163430744031,9.512756723070876,12.029848626184675,11.052407129609621,11.14778857873799,12.739262994563196,10.497529793934278,10.863022221385885,9.42780849490458,11.909605820722556,9.979560737062362,11.224664143552916,11.460630101724638,11.94797377704062,12.138503181405362,11.673242280396542,10.572062979846626,9.899138744995383,10.906652136656056,10.614982703105282,10.394995225853883,12.169975316571406,10.909862490606391,10.22665050194146,11.143224616883534,11.187235861003886,11.677356860950175,10.293466341901103,11.090879286558069,10.229695991174511,11.550274273849244,11.107758680593314,9.636428752609966,11.848862357554214,11.644544095207575,10.782586470465422,11.302153737237424,10.542533853922928,11.802999069698789,10.394335438365054,10.67206067468944,11.722198328339068,10.965166335148789,11.273485527439282,11.447491496266913,12.330259742999916,11.329027533419579,10.302220217410486,10.924549530401945,10.96081115635651,10.303092795362668,9.38260883054586,11.039954962208613,10.11189622456254,10.505569811099363,10.331020676440057,11.345198416045593,10.50946176587523,10.874069135578534,10.482524168763671,11.320945177759404,10.918214437046656,10.369281178977676,9.697435000504585,11.065893082342512,11.566223131339939,10.441872147477085,11.445731204621119,10.766151637603095,10.652579596974478,9.447644413258217,10.570312969749988,11.31627150500291,10.731157245153664,11.449292957322163,10.898282236017643,11.42166415197093,10.185190492254948,10.808548602852014,10.005918674670156,11.51410370440406,11.10707280762208,11.465333771837113,11.024546651468256,11.098435200886263,11.367838596834071,11.271405761442956,10.781959946889458,9.896812326054782,10.669224971416083,10.62781151595434,10.926187416852112,10.396285051032429,10.35991056017657,11.105621951173944,10.42365210514339,11.203584611052623,11.020391010320134,9.380916931275154,10.479320116949118,10.909083097701236,10.979575379962498,10.80627910895067,11.07336746664696,11.191158489982701,11.02657762247893,9.59735165741011,11.131251019994105,10.119987986815861,10.742460857119903,10.671415785125799,9.793908216088129,10.459750418667605,9.60530874703226,10.59424476171179
11.191195458882556,10.217581106872377,11.402980601313441,9.72634581379977,10.612991948886494,9.14066086522797,11.428523655379859,11.928196647474547,9.685316062011454,10.20096987949232,11.323719659356446,10.877650709825849,10.88414776649003,9.925415233844731,9.849747032959732,10.221373881676188,10.590860426300308,10.042145025883668,11.371414164358091,10.853023115719479,10.364263915930106,11.049807193446396,10.600638544550408,10.070396840250405,11.17373549610676,11.593961399937088,10.534569172499323,11.506923538546705,11.528721968556974,10.838662861065144,10.413093307763585,10.804905238801641,10.64286171907764,10.247966848383669,11.493919824750009,9.420974471815821,9.567102100629809,11.15059606854583,11.119775475841601,10.276523273620732,10.66465602670141,13.016350828549427,10.593793371674204,11.517480147237057,11.30575816179509,10.662142627690594,11.221414301259628,11.286507471411877,11.444391939414938,10.84864240238688,10.492044320754786,11.257431164401002,10.825757758308297,10.996379556493512,10.453426000280556,11.694170833105233,10.284840865395761,11.013460276990898,12.234810123354318,12.049163079654015,10.719653906060582,10.520079784170552,10.92901465440599,9.984182777586236,9.761631372895637,10.68057575859965,10.963358093627416,9.405880686538605,10.427725004193379,10.474547855450503,10.79166056467116,11.116985072573694,10.21866698032181,9.464778990880353,12.04487756392547,11.21164642591201,10.075673281138492,9.471956081488376,10.016300680854515,12.15663538900697,10.121645685077194,11.100075427502256,10.88507613325109,10.168409399996708,12.68905099883773,11.366754059256257,9.54229002237403,12.292731628800004,11.2617727772843,10.974068832893536,12.9320822772113,10.576900113942006,10.921126861246993,9.453570858378592,11.797768558145828,10.161603431195116,11.287129642065034,11.758008417519727,11.99456662356608,12.211583149656521,11.472535140888365,10.681803866031608,9.580270322397975,11.085445046089026,10.621083242524575,10.339025965359404,12.247082900662502,11.041219271695635,10.1527607344503,11.245590265943356,11.037226026512917,11.769770293223353,10.256156307249686,11.167916765535246,10.279127162701641,11.308545615872953,11.123661191024084,9.824384014691207,11.706432785951835,11.430873552815221,10.798385177679645,11.283652955183804,10.68125503674522,11.935323661133692,10.34954770261127,10.905623180339619,11.610675661068116,10.850625430942156,11.167387497435746,11.339037742416082,12.286517778305825,11.387348244289036,10.427874878789954,10.900345874403367,11.249154417949079,10.135896555256156,9.595670143475242,10.848142443680299,10.124002704819825,10.455015524595112,10.42128148144171,11.242703421507372,10.626487251071762,10.868849677460982,10.382235848658425,11.290950849258639,10.95375759148804,10.590007051598354,9.814779382423362,10.863870330270371,11.749600083532803,10.537391938850522,11.488253427900103,10.910096905397623,10.862288554742056,9.45959134251904,10.636593356468898,11.345337085872218,10.733053441232936,11.637968571509571,10.88428361209136,11.42730662457357,10.270031739397368,10.78643630653096,9.890468580524546,11.522301485501082,11.047809828771522,11.638749024218175,11.095429121717347,11.252356780230027,11.357424730388413,11.47460602510953,10.690195234978649,9.841773814815268,10.847200760847318,10.511270707508618,10.889256948442402,10.579990041172717,10.344149947915932,11.112012701825712,10.409525510551576,11.228940912447996,11.079255926774565,9.4799987271516,10.48463175992586,10.82224986413406,10.996255755047182,10.925075314418185,11.058916856991281,11.124801777945933,11.063219929239839,9.523715029834632,11.05380189030709,10.120015524888366,10.896857873454648,10.747004897917915,9.895880918831917,10.410419639019697,9.89184992615652,10.673806270644437
11.253640258147602,10.309170873190356,11.310568118922129,9.923071108800947,10.538870167055842,9.15177266207202,11.321404614988516,11.87604828302822,9.728649679938629,10.348957223688064,11.261367932485566,10.855686260801917,11.021760403327873,9.879762335134295,9.844818794498389,10.235482911899377,10.821974562325206,10.055537225022722,11.58690524353025,10.831089156460528,10.382341194163132,11.128088067972964,10.649850365935178,9.86769611251029,11.166963815101656,11.706801516371367,10.65772629978418,11.616127873448352,11.627544976066652,10.803784294977685,10.552469626728916,10.854286494822874,10.736640945064073,10.208858091820689,11.32606099097142,9.360017842497387,9.558336440116639,11.230670416693712,11.162026513412801,10.32789158034902,10.944972587346399,12.957168447793816,10.682123690808595,11.536465972056137,11.339085127445202,10.620959512773743,11.177298616546558,11.603090242336497,11.304020109445805,11.128766673860792,10.405129345077638,11.287982019473402,10.746862838403972,10.966390927155192,10.475717984599857,11.657945040290256,10.408134535484349,11.004827257738365,12.0166569433782,12.002495424336365,10.61846055660318,10.476809657958274,10.840306309041825,10.119947917587501,9.815953378476184,10.786054802041946,11.015895013538382,9.491668268452322,10.294479540793278,10.431985022470748,10.900980605615596,11.261481383423352,10.339706624305844,9.538072987767512,11.9167294361548,11.10142049369319,9.987556829128488,9.318441196620343,10.182917939318783,12.043625942623509,10.303841606165584,11.340874168513091,10.842597861786034,10.176910914573973,12.941999155745934,11.31900824978305,9.29892729793456,12.311841625782456,11.44917156200282,10.95836061204354,12.81099409732656,10.737676396534834,10.89375684396237,9.682067523983008,11.755658406024782,10.200673886205227,11.486437398075212,11.890291383760248,12.120402462877673,12.108985360094449,11.67462089915193,10.475389740584806,9.625308188710795,11.018837842087706,10.433442873618011,10.402904487596107,12.499106048943116,11.312744281375199,10.256808139742434,11.388295204687722,10.97655322067273,11.94525914182226,10.294730789993508,11.143763593690116,10.351005882139475,11.290704163190242,11.225133664049908,9.848409000884491,11.747810987515175,11.561160118615996,10.897330966488376,11.432590413757877,10.665088336804674,11.713449643542328,10.477480307828019,10.726153044021554,11.571628258906903,10.94678584203958,11.222764623589335,11.432483863563402,12.27790721563058,11.53346239671542,10.586415562798507,11.040184169691111,11.313163920308321,10.328254961382978,9.86150950941649,10.967408812204814,10.169849862477369,10.547459883638272,10.557180701672472,11.251561769582159,10.793157675418584,10.878358812689124,10.455271794166695,11.301654711597925,10.975801688102687,10.489820524441317,9.930274708408351,10.953433821573118,11.599953290354085,10.932277020088911,11.507182190553504,10.866376619304727,10.953614439715261,9.585445833640154,10.766242714688232,11.383373644792744,10.72689250140404,11.877147804397795,10.94163881973737,11.457199195364446,10.321863056601087,10.774678760216736,10.015772979220573,11.713727267416004,11.15168137509008,11.587123445219687,11.084523197984316,11.18126971946744,11.43934131158633,11.270286556250984,10.783565421126637,9.84603766250514,10.961958131745899,10.534191392760528,10.725495667568337,10.7916293996196,10.207259685371435,10.953203126248066,10.276332641250082,11.188981301711337,11.094533134404621,9.580388337280656,10.553064945851988,10.79709990461177,11.065930948275481,10.995313616356464,11.207121401825827,11.191077851839328,11.040683673537119,9.625736343122918,11.222991364573103,10.037695513721179,10.821961005751609,10.711806410003538,9.795037213359619,10.320234200317117,9.850371592961645,10.775174521735762
11.193579037858747,10.380595892172616,11.31391760133864,10.024127316191619,10.383294461934144,9.136054843145985,11.462382476349394,11.96554767750207,9.71925350503782,10.44853897057381,11.181324982667208,10.79166850006494,11.165525207134136,9.866845208197262,10.090812762236336,10.423799798851164,10.992206543604384,10.104637267126321,11.702905131227968,10.97242042515001,10.322664082300891,11.230804541931267,10.986242718673418,9.837436193861135,10.991395853106717,11.84817918639441,10.716114613362045,11.771904766965909,11.827432841850559,10.930491113523097,10.41566394508879,11.147456865634485,10.654434981373942,10.295819563564562,11.158356785201445,9.583486323237308,9.563997006691254,11.151835062624219,11.384374820929779,10.381088143368467,10.843951328536782,13.222699845537973,10.781110713753938,11.840254522042933,11.275638149775205,10.508402623877362,11.152829554874529,11.493578898785337,11.429689902262325,11.11786406252941,10.511738761893849,11.466958054115972,10.885526455607918,10.958297145130665,10.347742833269603,11.674361571188763,10.438877963124584,11.222301042919879,12.051926576624767,11.957389445138848,10.560849966590414,10.56289769816171,10.94618386347018,10.304858697848548,10.052954814081689,10.850478442088468,11.215372795757606,9.29628254262437,10.345099954594552,10.568185277522815,10.891903885240483,11.247353019000512,10.365936236326673,9.446301945514362,11.984975897881945,10.942605146542881,10.114623416665735,9.181775203873455,10.098401504002918,12.11873492865282,10.255667440968255,11.324506930196327,10.9106242204916,10.018872511758238,13.005780785374983,11.27773804284682,9.397046609605349,12.251375624624337,11.584121836049821,11.071237164402369,13.000455999338731,10.982854657936798,10.817130082201272,9.697217554627114,11.885819235191983,10.243133702006114,11.516027153846432,12.001609349244847,12.11407890580325,12.092874212578554,11.722004396104563,10.650886335099363,9.696057971529216,11.079413134277585,10.691318204506558,10.236298853491489,12.396717258062687,11.39616717789707,10.430418836330611,11.221203276646834,11.218146678059231,11.969818745680875,10.427097725723009,11.215559982823065,10.397851952591058,11.319525900728221,11.317281362297976,9.941510335973822,11.829778393726372,11.567131783562365,10.852494215315586,11.35789554365017,10.669338049244391,11.694421827223149,10.25416415982638,10.92426925037237,11.60208340256852,11.189231281179442,11.171356093279941,11.331324427730763,12.31607048327294,11.490888992407877,10.789971146257043,11.119194930373556,11.319792531821042,10.373469179225694,9.676763908719904,11.156742459179757,10.2378458624938,10.553609940941646,10.83691978495769,11.269199543837837,10.765673732860439,11.11994622431688,10.542193048763139,11.379780061093152,11.044157817503235,10.66955604015298,10.019052983610758,11.152172674080076,11.709992170505283,10.750703030412947,11.380768511839623,10.890433047603183,11.118476751015187,9.616541010767268,10.812757524113279,11.333316074132743,10.65815852563108,11.6271337268722,11.003602394124664,11.495852432208402,10.174749619299748,10.695954703884695,10.03789396734277,11.86331114865727,11.27007707186665,11.569084230860984,11.137621896659116,11.280453701261118,11.54389434543814,11.251240057372511,10.919665899359027,9.900436567078797,11.05299692718256,10.37129287606211,10.656253567094279,10.497550377779453,10.442927562892887,11.159772652048108,10.295309647668066,11.154835705397492,11.227962122499878,9.415762242196339,10.5890328592252,10.853470602146789,10.935750659892186,10.903223855756734,11.03980784088538,11.150763577395441,11.296194264683612,9.412119881187229,10.999534889806423,9.837249742585968,11.004202694093486,10.8144049273862,9.803169352673766,10.206932134561198,9.68925890218179,10.887995777169774
11.40661399306028,10.389286433466355,11.392823408790855,10.14277368799066,10.49265334463638,9.220683078611168,11.39292386500165,11.83593008748885,9.567540125622589,10.322790066009263,11.357079894916946,10.71354802975752,10.975981410640964,9.95193493797027,10.233108098847504,10.461914583322173,10.911549159738989,10.261957296878165,11.836705464827418,10.983583092047176,10.07891150631038,11.144421176784993,11.036406140437514,9.616126078096956,10.946816371042745,11.991983086241966,10.68156615306525,11.878552926587469,11.686675539978234,10.92530864312957,10.74066113955971,10.993139883528189,10.84828027964081,10.264703035115758,11.364681382789382,9.634293465348266,9.574613001955887,11.2353457222937,11.527732056164096,10.362219147355749,10.858338721292865,13.211082604739374,10.653181146015145,12.00263736650103,11.556211752054958,10.451396050613367,11.279723317839986,11.430859497515145,11.443732216541889,11.203311374902286,10.480755774133375,11.436372306283884,11.181355285329978,10.910462985573481,10.473418800012572,11.798808770072421,10.42440077805497,11.441354398472932,12.068003603437266,11.836588114377001,10.516235336187314,10.538326395580802,10.972278647035091,10.454657032315854,10.180987901483942,10.932910055849185,11.290598617380214,9.380328270747839,10.796640154286777,10.564800654980807,10.970302300184569,11.506359021591999,10.381582645466755,9.441407892822431,12.089275562575326,10.967490544337467,10.073377672863534,9.295706356786736,10.233418000944013,12.149898739084694,10.27739641007946,11.124781935208585,10.88963545609039,10.174596934295044,13.008630178132686,11.262778698484029,9.441016648763641,12.317359835219827,11.728419458935155,11.15089123762119,12.934747754807765,10.98998330978364,10.979962832916984,9.620764686456054,11.969609362810248,10.23902819844728,11.691529177447247,11.845517345692524,11.98210415445596,12.18974959736399,11.75748097064276,10.73138348024116,9.544998951922329,11.080619091880509,10.452284480738719,10.429303086518203,12.386186671335954,11.53938424359855,10.377911819838953,11.157298977629573,11.473959873546622,12.076523164783772,10.442266154150253,11.182945983438458,10.380107239508193,11.429811261508982,11.1648356807887,9.796746975497307,11.909207499333359,11.683813173056638,10.94490381987677,11.520726246698946,10.446005662175537,11.856624803792844,10.243103681721205,10.576024233156863,11.445825815320088,11.255699378628869,11.265639140981003,11.454971551778495,12.413314011088964,11.432768298116152,10.7882374853822,11.188274150216122,11.216128013651414,10.345640183703024,9.735164895022551,10.953879891655449,10.473662838413427,10.390032061893914,10.785268880540093,11.240338208937885,10.889432480042839,11.2796045433507,10.652303455415804,11.460792284658874,11.064029863175092,10.583570478987557,9.99920094696219,11.319592193727667,11.753176398178246,10.75744315549863,11.556273675920947,11.161974287921161,10.832589169114355,9.673849399240765,11.057692331322698,11.315526366333046,10.863340028244306,11.661973633017768,10.947502738599223,11.491596207098086,10.131328047245658,10.727641335081806,10.126490319696059,11.913214559702551,11.315226036637041,11.622893892297952,11.239992019238723,11.357215500265436,11.641166979332246,11.277013938023439,10.95591635756371,9.816501657821778,11.076325784097872,10.605623657013446,10.644860123559303,10.496982588340222,10.470249294634431,11.204776201294914,10.329706866579652,11.006543819591398,11.191514187452128,9.41345226093646,10.63584406793386,10.814787098182245,11.001460730080712,11.022888002256893,10.888806374065348,11.273386264377288,11.378615305870309,9.310392661796543,10.804249358106057,9.796802596008122,11.067399469423831,10.907968356604693,9.728594127258324,10.178873745345722,9.736047385862316,10.878046489873483
11.556662906867864,10.52141611827633,11.436006711055335,10.099998692832976,10.62848012689627,9.383275371725787,11.354631554265495,12.072931839263772,9.630877350523372,10.098439577360825,11.440496606620641,10.614040429755466,10.885907085043764,9.966617515456697,10.247773976392562,10.406871782028924,11.127810723142687,10.22489586434647,11.974523589502802,11.10983059598885,10.100121737443617,11.087719887651263,10.906764531598402,9.508660128566397,11.017879573063835,12.251345332794333,10.583896997998815,11.983168519642895,11.826204942028353,10.896471745556992,10.536466712875614,11.015924858537625,10.689383620704367,10.210264326561203,11.415250021072335,9.833447821498819,9.662577459533807,11.1646175063784,11.690475687367146,10.5363938763981,11.05944437972897,13.18701088786996,10.466472813836896,11.96483048164271,11.414452822869807,10.472062363898099,11.347255337451594,11.46604932368527,11.522248285889317,11.377952192255774,10.604084834610104,11.609760689631505,11.343921750890452,10.951070149091077,10.574537212456917,11.89937944198267,10.311162496225078,11.432402284473234,12.132689720847758,12.04864937215129,10.50746215928659,10.413689377781026,11.085398775912704,10.778733120690754,10.16546712890691,10.926378556317252,11.4994142005637,9.612100134293184,10.696210407353199,10.39748703291855,10.952143027194891,11.657129699010213,10.512309475372737,9.49820479363003,12.231021000778792,10.97823920579682,9.829670718396823,9.249360246501908,10.145684566755167,12.275821375285332,10.28164333548688,11.439172400753163,10.97477047328563,10.123218801438394,12.91397250145968,11.270359140896412,9.363361609781748,12.210014806227601,12.12708233408316,11.206579000850425,13.024839944851571,11.00387279727125,11.019801588154571,9.775846988261804,11.891829834781996,10.304957840210893,11.639523100257131,11.754408381942817,12.007723932005723,12.394874295212665,11.732953846572386,10.916225521377184,9.422618066195488,11.188271923980242,10.256015427386101,10.37503517718766,12.369941064213986,11.580128879001748,10.244540105145045,11.234386237374228,11.389553883505057,12.016664625990995,10.375843476427285,11.11478244710496,10.597819598697473,11.550169833586777,11.14584686202215,9.981774472826116,11.984310222348135,11.673961079565599,10.911866494048525,11.550426766906645,10.572646807854573,11.892546228858313,10.29860323078646,10.533384046418352,11.389243899885397,11.31160190756981,11.234466072638067,11.491031145416695,12.435740287719971,11.138049033606862,10.768440262037606,11.09114091821421,11.436049092770624,10.442952348323658,9.7103777674851,10.909269480554707,10.59716773041179,10.3323248781931,10.617577452396192,11.29048181105059,10.808927675727997,11.225710964474189,10.775751878634544,11.510038125015619,10.956774578534427,10.67197966412017,10.012793225987297,11.53176116759364,11.920053864956813,10.651142573998612,11.607871816116658,11.058728606326502,11.02351882636496,9.812028440367557,11.331939993011774,11.328001325042901,11.01081875387234,11.781231165911334,11.078678200416114,11.522668739821365,10.110426689120322,10.98470901604982,9.992456014909683,12.03608526128513,11.35864822394176,11.810908495508732,11.268812264688085,11.480328622908935,11.693323943180085,11.402936164679556,11.164742522808936,10.0114956285411,11.073409563551037,10.770674221681514,10.593562390747614,10.494420769076946,10.352971555882135,11.377099370037874,10.476419708197847,10.93311179948982,11.372705361683513,9.32583437278663,10.696152607776435,10.83362629964714,10.957106545954758,11.03437262166578,10.8433407458663,11.222664437278647,11.683121544824642,9.651982101252738,10.692612194826182,9.668682117035525,11.26833222547482,11.026198236889924,9.721900073356476,10.338196850471684,9.783806931007486,10.944787413576451
11.760187370396524,10.379681918505428,11.366066294677092,9.946769912007555,10.44153259756571,9.222980823776156,11.293630497000532,12.34120325955504,9.943753999677783,10.227956754861951,11.44787150390079,10.240102681564471,11.054129780220316,9.909487559191039,10.277094719696247,10.341903562443914,11.13435493683337,10.3250895626635,12.160042751855993,10.914670018775599,10.22409374227759,11.072473246749539,11.001680622218903,9.591662736781549,10.99412194670901,12.18668471480027,10.746604049170251,11.742716326898542,11.76726417108342,11.041311883910444,10.658865846577026,11.119635631326782,10.67121261739125,10.201940583839395,11.316178106635872,9.926627836101972,9.769090163807224,11.160352432421815,11.776553667791772,10.499946877998276,11.148943648213436,13.08290434312015,10.611610261876622,11.849042505360709,11.371206017872113,10.41791178343254,11.308605504262227,11.477987392818525,11.54416032276193,11.506516355899976,10.683612185325773,11.691041963936398,11.328767360714563,10.835053442334043,10.381946811786854,11.820637788305179,10.401424567794768,11.467608081162737,12.2455064756327,12.060404028412767,10.543519500282272,10.654543060176977,10.978013779914976,10.74757100400673,10.184213719572435,11.00795968837582,11.549727717101852,9.452441531805,10.759238932060516,10.408673472646226,10.815291337582527,11.652352395949363,10.333166423381847,9.491401342577987,12.147736402830176,10.818269616055654,9.95405683111878,9.123334315389764,10.330198665998388,12.21641725760187,10.3680748967835,11.311412703441638,11.103945702464257,9.861433360790697,12.969974375593246,11.531106826244107,9.347568086618862,12.339908096198052,12.354895407574205,11.175789201996283,12.900440529849003,11.047856404528703,10.891397787434544,10.043967320323555,12.078235344600845,10.266375902424352,11.776909188029212,11.80989922591029,11.936951268551576,12.608735179171891,11.64386834493623,10.946091130486064,9.667925893073775,11.304831510328922,10.130203064689596,10.539664744276347,12.383911292507639,11.6926866843997,10.333612118305744,11.409915386171996,11.448499059748428,12.09968059428243,10.4191092395919,11.194205082055555,10.622685772715965,11.58328775921996,11.189061640343416,10.026133877164533,11.899006679556395,11.436462274075245,10.987772045210107,11.653088373766808,10.502736024872206,11.907973574559485,10.247789698062297,10.601012704432762,11.279643219751264,11.133231058284878,11.147289704388673,11.61598465912464,12.657757731505983,11.199973686452978,10.971942543767364,11.38629638946019,11.4814342218256,10.42192291510092,9.838823542436291,11.014975948007711,10.667191437670905,10.379700993549221,10.588610073568299,11.372657899119842,10.826128481752225,11.444901899095083,10.554939496614155,11.643283155779343,10.989891820277869,10.794582663090145,9.978040362142105,11.747386983295492,12.015238799408218,10.54222130038305,11.711986009070612,11.061910072732715,11.10404278158816,9.725799070196556,11.32028254567771,11.296376584301953,11.00494355917541,11.722408822009923,11.09007460600206,11.472221099328687,10.07979811665001,11.014865635627732,9.990030904914416,11.87759311149204,11.571745839165583,11.93328252276332,11.277551937644844,11.547577956971022,11.805737493319953,11.692780416517762,11.532799418301778,9.980745370672773,10.941320594715283,10.906756129371018,10.632258731546852,10.495557257666063,10.36523736866757,11.3191393092127,10.409676637542473,11.019428795697953,11.420691427393386,9.383583643758076,10.972419417291375,10.961825364456617,10.945823949520296,11.282680188803425,10.961210416622286,11.258276921798023,11.682857854942108,9.604102958055723,10.842405899990109,9.677853262549064,11.461608676494803,11.336656522621064,9.616015362366776,10.457530208873257,9.790795406251211,10.965752500929023
11.702228934314315,10.255343729796794,11.423895228129293,9.89240543084466,10.32222706271901,9.402154606791754,11.2465182830305,12.332365309459412,10.16009436640188,10.133607472260028,11.292652465014047,10.159383709742794,11.250544852911375,9.981361083616335,10.050156008216247,10.30883387767953,11.211667626058594,10.393454186128368,12.060419937266156,10.725789318238782,10.058531172033216,11.440348276892365,10.966364600663415,9.6910604506715,11.049536228049153,12.300046847813226,10.544900636614434,11.801792726177016,11.69263338812504,11.214913598136174,10.739235065759177,11.14217740260148,10.702626596680412,10.110632564396676,11.211755181418699,9.811089071266062,9.745724930159204,11.15778817629927,11.9261948825754,10.503752846666087,11.186315174203676,13.264057814772288,10.832405526046156,11.977687793458703,11.45196352347639,10.572050726919091,11.184394816099761,11.555460754058494,11.30306702474622,11.52210858814653,10.517360628293815,11.748962884664978,11.392319731779574,10.824214202048314,10.202695870229942,11.896966431061102,10.500754815048818,11.29221361178574,11.888078012148302,12.03492867356622,10.65970251857631,10.521854145522207,10.972775274024922,10.719443996075462,10.37855708162415,11.022374315637752,11.565566465157456,9.62779312006047,10.76795292722371,10.55204552138686,10.763247397870115,11.64940972484187,10.532328475304043,9.621571092372818,12.079565594710585,10.870272214719805,9.735955419672042,9.173944591965553,10.400407514163803,12.228520356758814,10.337399743814789,11.357583204040159,11.181838745072524,9.862378200087349,12.92375707771954,11.238019023255255,9.333854266058035,12.286156119458505,12.255874376048682,11.272626936748955,12.921931197330599,11.116830479201914,10.859597949869844,10.01458925571488,11.892551141545452,10.289535155171645,11.859607357918938,11.713350520812956,11.9229686189006,12.702880296241894,11.856872205066267,11.022145539619466,9.680510867297192,11.444260301671898,10.159080420239649,10.403837937864267,12.257078460318574,11.715451962811455,10.267825202935216,11.515348512131386,11.561001485408745,12.290614815391594,10.555960077110193,11.14309317632191,10.700129421475093,11.481898669440774,11.372404093366926,10.22020340728616,11.769878181644595,11.58821637732663,11.0023052260731,11.695180834146528,10.653598394065808,11.941336542447567,10.375976690281748,10.799701385795256,11.219913722729,11.274973559542756,11.086954277493222,11.808270441843462,12.422371535643588,11.460374212508324,11.07352397313417,11.465196663902889,11.613579474664437,10.618639168325297,10.052877091886618,10.983833030495038,10.916540520756158,10.406296211848023,10.693523878789238,11.251352130529952,11.087642138260414,11.452078420049004,10.540464723958635,11.573547897404286,11.06874324101708,10.981215166380355,10.102441704678727,11.80456083210207,11.974539155464026,10.476733427628483,11.653244974448993,11.146563491013636,11.109383994942513,10.065210253720053,11.188322913133668,11.339881548117237,11.214827111484507,11.929909713122564,11.016789774253871,11.54940897291022,10.378381862654978,11.186098475452901,10.121693110980468,11.947760912068365,11.564276246254387,12.031150756319358,11.238698544831477,11.657866764221893,11.966697095770186,11.655784535849973,11.589361496452085,9.792091666655361,10.955292320119256,11.050354927556583,10.766402082702431,10.580717041278929,10.476187764159453,11.288279384340644,10.207517987014956,11.072797859132534,11.397953129658925,9.554248692818476,10.970338248870519,10.746056315048484,10.978832329371512,11.499141647959478,11.019087957697515,11.099297659845385,11.869551278091437,9.69663025640817,10.920358139262019,9.705237472981516,11.588253975507751,11.272151558223317,9.543652148823424,10.688409127543686,9.870024668049721,10.90995725689476
11.590204601903084,10.214659406215757,11.430971398044392,10.232634563171338,10.299836524592722,9.396236835936882,11.345952708153574,12.631607498121976,9.97134022600211,10.015424910662965,11.371390320815888,10.166688549978174,11.272636807984158,10.052011352326032,10.16454915979116,10.170162294096453,11.15998992538348,10.367741754313775,11.910145137765253,10.834980002890088,10.020870874210868,11.299328932524118,10.913234222038168,9.74601547929574,10.989580216578037,12.507141986186905,10.373232653947865,11.716413717159577,11.77594842003955,11.342969824320047,10.656983952148327,11.275312832923834,10.829068127608538,10.211395274285469,11.270827126103107,9.791661899910352,9.742146886854485,11.166588695775552,12.147301976789338,10.720604217131818,11.259752929711748,13.214539542285028,10.905634471976107,11.915350343764084,11.655671405381602,10.445490403562966,10.890724936153362,11.75353258509342,11.40124735145709,11.704387725001686,10.423738993610602,11.745792350809477,11.653494726663132,10.759642383749949,10.282841710403499,11.854112983631335,10.616227818705882,11.084487459039162,11.716475703374305,12.284203257628462,10.883581250019347,10.437680946453252,10.85179328098108,10.844740115645447,10.582899154822767,11.103138640748412,11.479670375090718,9.633488339120365,10.701686192141832,10.626892286328415,10.721044186589577,11.752844320846123,10.620849265425006,9.604493668179114,12.203285630718916,10.797460840963366,9.818430938479922,9.130024643602551,10.25287329136187,12.23114568319602,10.237200659915706,11.40430574374426,11.064782491684579,9.978955122516215,12.969575414383826,11.214370681819329,9.581729435527564,12.403879219716616,12.47118716558479,11.286998013574106,12.844031169660582,11.259250500525841,10.690301997639667,10.077063812746117,11.929273432906443,10.245260558875183,11.967975964649726,11.619117736570654,12.070060241221574,12.94925547726964,11.894699895157292,10.999409134585454,9.837622639871167,11.540256112814,10.05805660346357,10.270841937373781,12.385932367495359,11.752673711669521,10.358426752920847,11.38816566919708,11.414691046525386,12.16851452014243,10.526415224182701,11.24763077372581,10.785373083555942,11.468509858474995,11.180658686046018,10.314285899087443,11.743712315539186,11.553471237564274,10.8278388663507,11.380072852424655,10.564570378910812,11.888150090660812,10.344850938627706,10.763219645885812,11.224428236846329,11.132945329431719,10.884575190596893,11.830330063837884,12.550390429568845,11.701713147358795,11.029850777819224,11.373370963314962,11.804329469033567,10.54965469891017,10.199446152920716,10.965185545806772,10.970316021497577,10.24888667556853,10.747732855019049,11.308860050088292,11.106162702087373,11.532662356091722,10.514245041039441,11.783939494215481,11.26487447855548,11.031550076132035,9.855281974777078,11.671405154315798,11.89874718806489,10.858632285558711,11.613923785708016,11.172492803102008,11.006556690823208,9.982563781859827,11.236373002213076,11.385450056783498,11.216267477492686,11.832769802800534,10.925278719241376,11.67815987550306,10.44451833315597,11.264298694223971,10.184651675604368,12.008122291711615,11.723274025078934,11.98846291393561,11.279526266239122,11.741653405214995,11.953345100355584,11.626969352051095,11.625957392313468,9.869327218306223,10.96706738926571,10.980571470500347,10.838286878232742,10.546043627792411,10.234314003623258,11.574735179956642,10.305018248182936,11.014503867737751,11.33732596565344,9.621556387379039,10.993672460900674,10.73850259522191,11.103339955963648,11.421461057696028,10.949641473974701,11.1861208914908,11.814114662150729,9.490631942882477,10.958497802299545,9.699403657218225,11.538058110017378,11.174361497463835,9.608519989661525,10.729257301901512,9.880485370075306,10.908766208710455
11.648855940976395,10.16944626452997,11.489279222939597,10.315890715991411,10.391956868720662,9.409482569525393,11.302249096921555,12.536910195690515,10.030687115394963,10.057432096527254,11.345133621635123,10.290270974153655,11.220929361197632,10.01776794463263,10.08468095796903,10.376221360891622,11.190805154208597,10.289497222925432,11.949346683732319,10.912622160259223,9.98190863227711,11.334370458712492,10.939184553913178,9.951025486615764,11.082179952805083,12.610197025104982,10.456220569405813,11.674340014377266,11.812285382147842,11.452613341859113,10.597527386070833,11.25445588368745,10.55274037598394,10.206864129913255,11.094331243084694,9.79720685384715,9.673290143493176,11.179677169397438,12.40658572405375,10.398077524545622,11.228294655878848,13.285830841150718,10.826752271328514,11.81442209731122,11.931437553165567,10.687726349875188,10.802231698655865,11.783483837889952,11.625910823485228,12.026328265559727,10.273282665262336,11.819384683542442,11.6633087697673,10.641341242587178,10.330603948450216,11.791956464683619,10.805088759622203,10.988293531891179,11.842676857749995,12.391620316513446,10.717502731756982,10.58445693613766,10.702661822824073,10.858058285237671,10.717828133626362,11.229167712615453,11.604395907571893,9.698796334269554,10.812087976974501,10.561358341302771,10.67857808404243,11.759189439342352,10.599167551436881,9.696257974150479,12.07260090089249,10.78833922231967,9.825278724496256,9.110680569589867,10.2045178604193,12.128840145125837,10.286923453405526,11.402969535121585,10.981429708472676,10.070775895974453,12.829347500058622,11.225039531946589,9.798304138277642,12.360303348630822,12.46883593116951,11.434061534427983,12.911877609393944,11.280316416034704,10.622397364826337,10.192456360523028,11.907862590013739,10.227616602389984,12.194003353715974,11.444906875924563,11.97220138428869,13.013107315883884,11.888259915792109,10.87660318639421,9.889986478068616,11.514601694165504,10.229285011794211,10.374805898682427,12.261867551849976,11.830694630126121,10.530281194101304,11.269507617102315,11.423358570422167,12.32026829198709,10.585827800957405,11.37520942859413,10.856110064234313,11.734118943257519,11.174475695701055,10.219024818738843,11.864619496537545,11.680650171844295,10.797309183651231,11.437095223852412,10.623545336343414,11.894367883194072,10.47244117058424,10.75695292787966,11.140964188695982,11.310712669271245,10.917258148762835,11.92927620007084,12.630675489176692,11.811346208018637,11.138997480067387,11.388725486706214,11.94163168959896,10.698338880950116,10.346377638970937,10.975913150766335,10.874798168308622,10.329552017936594,10.776156525681799,11.221418897042579,11.33228622769525,11.411206314855319,10.47927933105952,11.93442704966536,11.303912551560177,10.91630269003598,10.018688136686716,11.743001743663035,11.833634968704013,10.753977415733974,11.831657132635078,11.256592969386647,11.12131131147937,10.154266734541144,11.050841820150325,11.522945275413646,11.475775518131721,11.84325192043629,11.016484399601138,11.706163286980864,10.533061279588384,11.31263423647494,10.26414428937892,11.91452503857023,11.659647008872177,12.157987570558037,11.506531124849799,11.878560620318225,12.064227291777344,11.54117237696626,11.917890091489872,9.876635730432227,11.037341372586612,11.199618408927876,11.04051186231203,10.705246626599497,10.298649669442941,11.527003614530111,10.130550839749834,10.954647573572442,11.346780721302814,9.751711215410564,10.71331328423239,10.738602050711528,11.199632948504503,11.719806170467631,11.073871464734001,11.388826334034379,11.95999927676203,9.558703296889734,10.97466194063869,10.060067058903947,11.706506312209536,11.311259034342271,9.55657811323297,10.832543024360573,9.906969222510265,10.751186359222475
11.589040701482292,10.007609669543248,11.598598274795059,10.38732592143992,10.371879294476798,9.662363651676571,11.589849014323965,12.626986755795576,9.977649795703744,10.010720197041183,11.362581270955266,10.285809892600307,11.225504803798422,10.216340270495028,10.406407482330033,10.287913143306753,11.29150633849067,10.205242561271405,11.891026174967193,10.840797650982397,10.012096867750772,11.310736376214757,11.06539234275806,10.061741988485455,11.023804483584705,12.711314585401515,10.36580928977037,11.714937893596673,11.954764731720097,11.300159961471273,10.536643478767166,11.220675749899595,10.781957549573924,10.325489742095478,10.983224121913459,9.641120032395584,9.87581666927302,11.283359290191479,12.567134680118444,10.326838372144215,11.415371870524265,13.43236702665018,10.747825456191169,11.860054811449423,11.686240432253516,10.793978544003247,10.7140597982745,11.965765679605257,11.830662226873374,12.19547317296789,10.206914771118399,11.956366840286337,11.528965769236626,10.680636602840003,10.33633826643804,11.864454580752732,10.904487511995594,11.066639713750428,11.740163861441985,12.631501537135726,10.665131749670243,10.599632997863095,10.43886067416204,11.064701071347203,10.49344874378493,11.187606318669703,11.887747209650833,9.501499968802248,10.69217987759035,10.52083515518379,10.536205127505129,11.755188996576969,10.5871763935808,9.748605943473235,12.187922393646001,11.065486415929767,9.838897607253115,9.139110768768125,10.317680872307573,12.204310117415224,10.280874144862844,11.194019064788408,11.025044790494409,10.034925748521637,12.926555659230154,11.296666593638621,9.719154656618958,12.456234639849981,12.388368012586609,11.377398800363746,12.725595207165888,11.199344092185076,10.594723066326482,10.184165004303956,11.85908600387665,10.180992947297117,12.217839241943393,11.55119930990016,11.812080043730907,13.028430285641102,12.105582147538378,10.75132324226473,9.820800316741071,11.848178511194652,10.271844839117641,10.282922939703235,12.293915549010503,11.844763636040412,10.42052038923151,11.266012847600786,11.312579735487958,12.426375659978198,10.55131666653194,11.423719410694401,11.02964615436045,11.719769819209537,11.433213839259095,10.178154906043355,12.052269647206026,11.77903841981349,10.689210151740511,11.625922917994473,10.63704704866323,11.805605166420866,10.533429097473627,10.790226623531542,11.113574957979308,11.163876610568343,10.983776007255862,12.134196568546235,12.665340192859563,11.86861128422907,11.148305349765073,11.386606582901313,12.100973264825415,10.59556282381267,10.187165925574217,11.033374078405837,10.822810339842189,10.20870738689769,10.764453823901642,11.20043324086077,11.371021782820984,11.430455716554896,10.509289278192588,11.853649537537192,11.53093107108653,10.817922026979705,10.103600878506022,11.853742717449203,11.84795010254831,10.821981567847818,11.845196086468802,11.241883981008783,11.181097782251165,10.297592048055332,11.160067431491305,11.530539166971616,11.324769348772364,12.132889035837637,11.01537272603343,11.825328776538306,10.395624779631458,11.340805873918269,10.265798805113137,11.923361929215654,11.93704302467968,12.220212057871867,11.499746186336566,12.077590137168228,12.224435280568397,11.511629774311634,11.603273663863876,10.00374017901033,11.005116004531704,11.057492568336365,11.000041363111078,10.558095317594145,10.280878225256478,11.600834817298006,10.22046329007529,11.055477450707105,11.300518913495575,9.570652883697159,10.636975088109143,11.03788346762876,11.226959402708886,11.543649591120845,10.99978724346597,11.553491345227249,11.896994581979806,9.636283494216423,11.06505151122949,9.865765047355158,11.633754012442902,11.183224194847591,9.555571572733289,10.882138484066804,10.093277005355029,10.792348458644753
11.63365245252996,10.131121361626866,11.756782673833595,10.595055691085582,10.34426867618831,9.587999300687295,11.491314365760404,12.557340564606184,9.992166040515038,10.167769252398129,11.215336949689505,10.30003358601894,11.276314960928602,10.265765205137555,10.496208342382792,10.296222298733614,11.252092089684812,10.252799089237062,11.995882764832508,10.897520273785918,9.857778255607744,11.202871972414346,11.000053848736627,9.882503193936444,11.180671721505313,12.561297673209692,10.432416626340268,11.789927744683707,11.946982167469546,11.36426877841912,10.698206473443541,11.371643176556017,10.812449992871718,10.344015043777068,10.855484775769801,9.71193549536062,9.991830512895547,11.230182282372441,12.856438642402594,10.460013717307628,11.450085949832843,13.329232799016875,10.673790174356503,11.909387257741736,11.583705287095933,10.982794897898604,10.546301675100857,11.92728300830341,11.849454360824415,12.223060233254612,10.032788524627017,11.929931326350815,11.629133208683626,10.671270714258803,10.340280617553619,11.866191654658937,11.09870942712992,11.094676006873026,11.840747992211476,12.566368072020508,10.623443824660086,10.875677430229278,10.555255468254618,11.238101220078171,10.533675786428155,11.126221466559233,11.973976070466525,9.432565259103509,10.99095404465196,10.70312311598276,10.60531478441034,11.671498308404434,10.598032350471106,9.70766489611631,12.113645564594087,11.352846356738308,9.950592788949532,8.980521664289583,10.532931938119876,12.348818928851045,10.274215333134963,11.033471127147095,10.969677901038727,10.223801268216974,13.108002927835043,11.205267863217681,10.097255397519973,12.60347235101746,12.502004028406562,11.195594875340765,12.774013638175145,11.41363479259012,10.842859236647048,10.275056589854971,11.903345849132226,10.264144894901609,12.298354584789644,11.811181056112659,11.826251956506512,12.887165887669914,11.971943410333747,11.007033806422058,9.718239865452619,11.955810089413381,10.438488306473573,10.269884061903399,12.183007980802223,11.950737316735495,10.513136287239057,11.489903887615837,11.253190335596335,12.387909100124176,10.966318717295152,11.585576920759209,11.217690313970724,11.714233537780231,11.542382047432977,10.121655186459165,11.977006153476506,11.981459275406406,10.676013411809516,11.65970841866076,10.619695427944967,11.608123295856984,10.509073304575585,10.7697587400129,11.038593244186396,11.22286281716765,11.157904948998842,11.991473690088178,12.719479177463791,12.064262825811458,11.3656379035855,11.434277666603169,12.377520001618599,10.569887367685986,10.07432188870096,10.929477777054503,11.07062183432128,10.167503654293025,10.760806144088113,11.047175888065873,11.394374093736674,11.19173490466476,10.642695865979523,11.963373790093378,11.639120054610235,10.807297704567121,10.2234339937765,12.09200090829294,12.031987864440351,10.745235195408625,11.887294133001438,11.321994296302526,11.035267495825646,10.389153740636212,11.277692232304458,11.574622672393089,11.198349031944668,12.237453563799763,10.971173069058192,11.584324668100416,10.349892398779396,11.412468972929785,10.258164144946429,11.914672532107938,11.902254682136027,12.345536627419042,11.354476704653102,12.042380429457632,12.365303467180356,11.616132276646432,11.794838950369119,10.162155697968089,11.014943315159545,11.109541753933534,10.896484706115041,10.530010523089409,10.377433063875591,11.58264757385904,10.236110040645634,11.207949630717206,11.30682911547536,9.463049696508373,10.692582259567887,11.119083834698154,11.250475488144248,11.731980412588355,10.998752649857188,11.671218824467404,11.849240445600909,9.685830436306668,10.95693516620589,10.050972708056175,11.348711083785643,11.285642926566315,9.550875834561195,10.990147020063596,10.23770603855618,10.871479116387299
11.566349571825747,10.299029969970695,11.797281716865555,10.656184962154681,10.452158675922599,9.581514641371164,11.551465289772208,12.600548273200776,9.923415632533432,10.462128360196969,11.34100741246861,10.26654896382934,11.315959246196408,10.29761714349961,10.495856319724364,10.390776129245229,11.289291069577324,10.41703546094967,11.895960150441121,10.81689696759252,9.831229895517666,10.966442000423262,11.205121308700086,9.875517464023785,10.983550237688648,12.81666314083549,10.541555141455865,11.915562280376399,11.845011477038806,11.497652336364622,10.886357469864365,11.450992023647075,10.883472969806768,10.560235458528634,10.794460379344935,9.691783465049994,9.852833819928254,11.325142143867197,12.918713487314616,10.36007361675394,11.402912259936427,13.585804839565697,10.555486895594886,11.942156284895571,11.608803743703737,10.924790977680315,10.591499403221066,12.063800465170944,11.979989153861956,12.272660392897851,10.10120522606381,12.03840673336476,11.492800616782331,10.746711736776744,10.400950638118589,11.85918288823968,11.251366948693432,11.059343645360078,11.894917822948926,12.75507105321297,10.666176056742927,10.64389745038236,10.49728540801592,11.0895648631017,10.348550791909158,11.153812618242947,11.908333910035038,9.451189135244032,10.851288937060234,10.900688388765401,10.490554226907618,11.575981660820975,10.559044755602985,9.917023396292464,12.255172693465388,11.367750162445411,9.973252447628791,9.14355430748647,10.679721551665448,12.431698039510678,10.189102746268869,10.943224890274827,11.14608813344855,10.158442142742611,13.05570163199802,11.301461024118877,10.314685640575853,12.723098407989303,12.610885346257236,11.240359264246862,12.931086161812477,11.440246820495759,10.700644797039784,10.20062076681933,12.045359787060404,10.147604771001804,12.545972528295684,11.794313541487522,11.837093901034173,12.97048845968283,11.95170966459807,10.94857765581698,9.85739586511856,11.97396156132106,10.402638219908706,10.640747536965643,12.394359947268702,11.806795583114729,10.4520547745085,11.895797422914638,11.369032788910124,12.362122405467717,10.990473364177587,11.757657499428896,11.461641378438655,11.814501288272762,11.476674568221421,10.08857559502423,12.260365635732834,11.994944561008639,10.841170706315571,11.783280490029751,10.779216318840483,11.804997887940633,10.486240660830395,10.690186059885262,10.968387400798376,11.193844787906121,11.224690319927053,12.04520821556813,12.638913716321392,11.956636136143867,11.609271402619578,11.291972572291538,12.327623809975703,10.53965488776721,9.883487130581555,10.856260607637058,10.988189475995298,10.316598540509355,10.705980102051003,11.067388715139188,11.178109709579607,11.074400084461363,10.87751877927441,11.92120357928976,11.719314645330153,10.745608602361289,10.465068210595327,11.997019636095072,12.003065460981666,10.903842345108902,12.116218787507556,11.355269208101408,11.202097843701914,10.287064370235969,11.24371427322753,11.594618550032159,11.031936895764423,12.400532199030149,11.027877095357331,11.511527211008017,10.305555226753158,11.609200847297059,10.03710311387723,11.821252180911852,11.733463409151346,12.322318784739824,11.429071863714599,12.032098778901233,12.313201374471761,11.731454939743658,11.731591745759168,10.228987604799299,11.019958462941608,11.165447254236852,10.71064487636912,10.541794198841822,10.642207379382818,11.535185216927042,10.325831588120723,11.161647186803712,11.274737343229315,9.481155476576618,10.700564513485677,11.19593940056833,11.395010091824721,11.678779416773924,10.96033720094914,11.619260175689968,11.955144171883779,9.812770909981172,11.131123793027117,10.055492902113892,11.46676615657098,11.250258033056808,9.543398974028207,10.893963296103228,10.16495377868817,10.916415480172795
11.670759715482587,10.167356180320764,11.52765548567116,10.522841135317133,10.41485743161474,9.714759834060452,11.669662236072707,12.407391457408767,9.913348808936714,10.635980269907398,11.247294385830694,10.214265673069145,11.26785680190196,10.302387850906435,10.728591727711724,10.489710687364443,11.248172204035129,10.409480905563079,12.083633412520346,10.94466201003102,9.79961178572881,10.856494207063198,11.343287610737653,9.901689461375296,11.21468030005591,12.860427762626799,10.406681095516497,12.014470500080018,11.878984907971907,11.360065525345837,10.949584838644448,11.292773261006142,10.724329703068237,10.599630134648622,10.755791828870388,9.885824878240818,10.059653708448804,11.23893122763529,12.889293811693607,10.325860497792071,11.222540095924966,13.497207632895838,10.66442293644936,11.920886000124012,11.739648104532638,11.055961260740332,10.483941863183993,11.969859860572237,11.896083346703527,12.416753206481285,10.183086246332568,11.919494196229653,11.631170248639314,10.851469531306943,10.473707597660866,11.81437890983882,11.200857969329583,11.028828551351575,11.972637653956236,12.929710485670984,10.69247049730731,10.651023534179004,10.441012989923472,11.278652398374096,10.598982902156097,11.132719240049264,12.109380934455999,9.511182412084182,10.640425780259894,10.922325447175645,10.592928672973635,11.574601705451114,10.474161128625088,9.820027343916939,12.258742085667947,11.261322856373734,10.176846052119226,9.263926117916581,10.677660766360077,12.408379120452182,10.206092872363838,11.029298335868585,11.129904310235348,10.275590682255675,13.02668778488798,11.511042600684645,10.276601934075416,12.579027634302841,12.723834266397112,11.275365270921263,12.993655959905746,11.448811925479456,10.701126973251558,10.05634838377254,11.983090398076332,10.266153036668438,12.784455434265745,11.90979767024011,11.80503591751048,12.993028193506442,11.79751042009611,11.008398802591623,9.82068310376654,11.93480237758491,10.423906512246624,10.665029601311664,12.405910692338974,11.907815772859559,10.47205946336438,11.947779561382722,11.391031957459115,12.315396317263744,11.174892263569129,11.95372636782956,11.428706547173242,11.992014445807232,11.618639054391968,10.11253622277755,12.491974388533768,11.943477296867798,11.018048512133598,11.92314330402635,10.624572350368155,11.909871833633776,10.341442478275363,10.827940528283873,10.987069019642732,11.222565996993968,11.243949230858673,12.131296860102418,12.523343577795542,12.283506731149771,11.66932903149278,11.279187456426842,12.237831141061019,10.820055339189734,9.944409167997444,10.810198516191644,10.823558487423682,10.348864474714839,10.617941025574616,11.138657521731602,11.168530367064957,10.977535062294665,10.67225407189192,12.245219047355533,11.803714544133335,10.829171707613895,10.29446704688714,11.876507502278052,11.980968306014475,10.875577590544578,12.087939253985793,11.596949983338227,11.093453412964834,10.293055872199387,11.2078038109281,11.655902493241548,10.975834076475044,12.388656347182472,11.013116862469966,11.45907186134663,10.456180380449808,11.621837818141756,10.127193990494707,11.999098485110457,11.783085641463298,12.532627824830318,11.498842966911466,11.92186470589644,12.22354984974204,11.803413824616761,11.620117452153206,10.34243904138487,11.006741880728537,11.206341727215191,10.833998442386347,10.522484093071647,10.902608946502019,11.485625079037446,10.228380792953477,11.063335830350644,11.228736392742091,9.411631626838206,10.804660683480106,11.150983241631607,11.543604112361177,11.529025426097741,11.05810032462257,11.964561292907007,11.87987550061211,9.966004550284989,11.269264739586403,10.000683556741722,11.585021508653112,11.40606704030132,9.555119018750352,10.894448136140948,10.214202585895038,10.973755592165425
11.768303789375926,10.331643371580697,11.455189258025625,10.381556264064308,10.43043658195584,9.924190406498465,11.821108957669956,12.685774628520948,9.923778118933454,10.61167979169894,11.490105257340797,10.102270894823054,11.296379270128737,10.523462615026485,10.63498613274835,10.545483744868928,11.277293658493571,10.279505734877484,11.906701263270268,11.025842226731477,9.852769462540147,11.147251651924408,11.513986276388051,9.900565473157545,11.056718032653261,12.987953109106734,10.459823182150656,12.06704942828413,12.129738083346387,11.254747191099735,11.015763440513176,11.323806256807792,10.763989149934758,10.41449032475406,10.696127593530424,9.908967745420945,10.099549948227375,11.083634618400605,12.878755194927418,10.30450129613984,11.06710829994362,13.449692179145398,10.810334984815267,11.554507138828225,11.679142612322266,11.097798301020777,10.596906866037195,11.907114560495398,11.948091398150686,12.533985050533168,10.198113628679796,11.833911753628781,11.739724801956214,11.05160613847845,10.503658169688494,11.819884942749761,11.194580940164949,10.907666981980126,11.8985791408499,12.984258633137978,10.875227118128295,10.567405848177605,10.388462021079786,11.30908009736581,10.334868485580309,11.137700671794686,12.130839969273941,9.815133349018462,10.708269569675775,10.840115443549106,10.606186078859318,11.610468884596386,10.588417514376744,9.904442948815605,12.456616124094603,11.415320624157548,10.370598982616837,9.27777525599827,10.580615863479096,12.431519884889074,10.277612999415714,10.866417261836018,11.209300972443282,10.514543600953015,13.156216392913835,11.355435283631516,10.271002328606805,12.78737483976158,12.77734704576104,11.181490311886531,13.053895963362102,11.506402413206736,10.992444059943125,10.125994975580404,11.723665531869441,10.217586313394463,12.846961966299284,11.847625595646294,11.705258505315152,12.953278658493293,12.000169009918185,10.927585141869924,9.937701215468154,11.981620511070295,10.415784893322733,10.685990634717086,12.201892946120775,12.217166768071298,10.507352783103293,11.974672576114768,11.313942804105277,12.476161018742962,11.135553438462622,11.850703699102393,11.568560920743053,12.105376036976509,11.588445443110176,10.106085359865453,12.71308685596112,11.932212794339119,11.27203261860083,12.108141366421963,10.528437051523706,11.874254509921542,10.331397703930275,10.746005268681204,11.09614633988518,11.276003480255659,11.328663919817396,12.046125540008463,12.551700448253259,12.464460076041728,11.686576223787464,11.261746882847845,12.285288157623253,10.715735264065463,10.26028470614057,10.689592448243687,10.82324239920525,10.494135651186458,10.539620868265311,11.17984292454251,11.09272176631759,10.951402921143199,10.821497358624633,12.467726895125216,11.855307596559621,10.759331641122406,10.408229444644785,12.07919752788414,11.870069866322465,10.916200501828554,12.107022123049127,11.697052537832954,10.942065896644165,10.669692812568554,11.147025977999538,11.76445555654904,10.943957750858576,12.265827320805712,11.377291759226443,11.58727503022797,10.452164229853823,11.789296133214075,9.935436670574436,12.009055524736484,11.758965309823688,12.509092926269242,11.432748700796266,12.082710678010578,12.303713834823375,11.9696255635435,11.512932882201408,10.515385280934336,10.977822121950695,11.223639209080305,11.148346972079544,10.560580083513544,10.765335988737084,11.686469555601013,10.272162686699696,10.91536977284934,11.41653003374101,9.518662692767666,10.86371975553438,11.001958604222168,11.551324407159584,11.355902565077809,10.918430152905314,12.113429938698197,11.92809362443783,9.827599641701077,11.214772743812809,10.033899287267538,11.615222445159052,11.445814335857477,9.721352670313657,10.765155317044824,10.072748046237948,10.966396164308998
11.709073998039317,10.439399935060742,11.631242204628734,10.588348148157,10.350581684418158,10.009310022919175,11.917536957437164,12.766614378988967,9.843753997576792,10.558265530889432,11.375034511691611,10.120238523095077,11.272827192488828,10.726509693919413,10.825670455962552,10.608193527062774,11.613011325016256,10.377968303410677,11.94778608182828,11.171481884170158,9.884319485509247,11.186836069408237,11.473356549895476,9.806657707774683,11.098232765685601,13.1005945882777,10.510241991102562,12.235911764741518,12.244668555689065,11.022954521973544,11.141695177085559,11.07249547914615,10.850260867918594,10.496857418471084,10.739062482333518,9.934126226439503,10.170638542785072,11.123141413145149,13.014402937080238,10.162240180268071,11.17768463059539,13.34357788374158,11.056835124710119,11.319310289928135,11.582942677204116,11.098135674760455,10.569228136978278,11.73977592538965,11.889771599989373,12.56786555985597,10.304832894958288,11.801555852565913,11.884490821878511,11.02789499925236,10.625301548366936,12.029922560224703,11.11263715059657,10.805826636145598,11.821045945225245,12.979035701996123,10.80571459405151,10.445637268115195,10.4460149190579,11.469454506876005,10.270201764485481,11.129270252185716,12.027298595255244,9.844217958549974,10.668948982095404,10.599475151836172,10.876571759870888,11.759433902457168,10.700333182157388,10.114845969674512,12.348117521851323,11.607700146366932,10.575813419218212,9.250535370968063,10.75775186126743,12.447538901392772,10.561285860872184,10.934146341018156,11.337933467468124,10.49103787264327,13.090398646381086,11.357047474060973,10.406418194292527,12.727220860211416,12.863213092311124,11.105835625398923,12.866520993418254,11.502598285793624,10.885820078633067,10.083798759021208,11.800568306094695,10.169680974805866,12.679476959902981,11.691436173240854,11.768732282937568,12.988816202839747,12.16841889751351,10.906571944580248,10.138048031413279,12.205817107113486,10.429057991264772,10.739677422439179,12.25666596166027,12.21262779339801,10.480368176394819,11.914188578043216,11.331253108976908,12.426517903854174,11.33552359904265,11.848434372625691,11.613753068387146,12.221317663770684,11.533484676779441,10.151092473091616,12.911037502194946,11.917142374256702,11.196331305512599,12.325920656339473,10.573992109391307,11.868697675677094,10.242878207966873,10.784580073447348,11.101024280643065,11.498083117190953,11.307376854662726,12.029795400599822,12.693303439137312,12.634342674475214,11.76865810835759,11.290220932780159,12.24221573568123,10.619215497341461,10.499221300995051,10.844734325595144,10.697246074551694,10.490334931854601,10.52438253356032,11.112853679278027,11.052857524914675,11.007126137408886,11.003919983621007,12.403134973364335,12.110297718974852,10.745894542676885,10.22147300596036,11.933719256796362,11.799437613302208,10.885981665075073,12.170750002075813,11.591219569844467,10.922286521737588,10.984515940761192,10.929363873422266,11.777175307501508,10.745069633782599,12.532070488528499,11.47995012359172,11.52666357461488,10.376040533538092,11.943987365814232,9.948147120185187,11.89307978368222,11.784460323041232,12.664881873023596,11.65749624093235,12.053191151216176,12.48020807597746,11.98842467534252,11.578115262701374,10.402711428966127,11.029649882530798,11.475464145339274,11.238805724767678,10.56098599991625,10.835286816262682,11.654453070669323,10.422878102329054,10.878155694114527,11.135947360998381,9.601040942807154,10.892359752247602,11.023374385824226,11.413403666226323,11.181492181268801,11.060178660459762,12.071743416921286,12.117298999048765,9.80231712865294,11.129882007816661,10.126022531243935,11.547241225144356,11.632174995935925,9.749008613713082,10.863963460834256,10.079738939528797,11.041412527576853
11.871636705114465,10.390013674189042,11.523989180044993,10.792692562453615,10.404923124926922,10.284308109694825,11.808687001046085,12.629818815454174,9.960754476679082,10.481992600537614,11.325326163532548,10.006121184305915,11.404300237785973,10.939210005585696,10.711437580808315,10.558438107063587,11.777492504798637,10.371476006113301,11.98135394481676,11.208844672311205,9.779076835481538,11.18385523139456,11.530269185522615,9.83663267774987,11.253812091012357,12.989917822060285,10.477354587186026,12.293933454175741,12.29284820573639,11.023718233583548,11.161142578959318,11.310504566857492,10.784541761430981,10.175185698043286,10.696070072164527,9.893783337246377,10.13234136402258,11.052529443217512,13.300576433839678,10.301862504767978,11.196966640557337,13.42384570692658,11.085176327237658,11.55882340875011,11.552229346666326,11.197677851443109,10.691304267871091,11.692400809246344,11.849484930833302,12.456270223398393,10.17423390569554,11.9564935998866,12.055485634838398,11.03029931919523,10.744859931831167,12.142093265753777,11.128307591662248,10.865040153352771,12.08874494918154,13.03636911436292,10.821538179246971,10.262963291199707,10.659965924501268,11.482832238223224,10.343610240451564,11.297506389974126,12.17443852220965,9.852204626931117,10.675825000033777,10.454501316924066,10.78345239870767,11.698622057410105,10.938447071841694,10.165695734778199,12.509518448648214,11.851210815843823,10.574049395113976,9.285426342825557,10.840292559170415,12.450645530223957,10.33581381462839,10.950939297669905,11.653866380710092,10.707365672694154,13.203309948585812,11.290599865797411,10.453525024116544,12.61732525512533,12.805731363174285,10.985864814949055,12.783408567296663,11.59289941865979,10.953554309639204,10.182974726168421,12.000026831288372,10.183082399287247,12.952946402891326,11.736467900307897,11.716321125822388,13.091487206465155,12.189870116983158,10.563814972409125,10.33271927300274,12.281184218529038,10.459965072252652,10.864111442509639,12.149954691596403,12.326960735519476,10.748988838467632,11.92430566945091,11.27928337209379,12.321456131862966,11.562562563397629,11.840688567326959,11.682479453155567,12.261407705211825,11.669220934591243,10.159643950423947,12.86535414547738,11.937334711922055,11.306203732344702,12.48998091569144,10.585595970167443,11.93346666103415,10.425095802602002,10.729778971896609,11.182605427212033,11.479758924109127,11.314607787785205,12.102229167654858,12.728105272137714,12.882008325402767,11.955406680350576,11.351108900934074,12.349483079687188,10.628759200141868,10.555702382232615,10.893024311747073,10.878271164805618,10.5436421610345,10.550226432027298,11.056682085224255,11.072643097149992,10.915224898044267,11.030737186155019,12.64007809186678,12.354798571919615,10.710338513987477,10.30590195196592,12.090830754767069,11.762496295445523,10.8942310296043,12.190741340707044,11.676262959287202,10.822785490549043,11.066020215756827,11.011687878270399,11.732211081738674,10.606388069659209,12.372813416084151,11.374421813135172,11.67312932931004,10.507011891987707,12.106997090515891,10.06717742459577,11.79652088108194,11.54147048264698,12.604320664405389,11.755265923772283,12.07183837164974,12.623517442055297,11.949729227409534,11.586241904952782,10.425611743036207,11.070123200616356,11.547952220423092,11.232383693958091,10.518766666022719,10.786110415655326,11.646605057778462,10.412767281475178,10.832872574983414,11.194421352809568,9.687701233032673,10.766459927825382,11.128158999526065,11.376685726513573,11.25879928292258,11.1633287639745,12.042533915072953,12.323334656019318,9.823562966394444,11.13402437813919,10.027920275304925,11.637145577605384,11.530084669827787,9.888530512721328,11.059974072351412,10.336532838793001,11.108040496067744
12.081390442918334,10.449074259275527,11.407418623632447,11.004902123545856,10.320436375422672,10.37415142365855,11.763798337461532,12.570684345911618,9.939841798445485,10.435114696855326,11.332593785413172,10.065293778819212,11.366539347901611,11.075557775631225,10.81216028158509,10.82538221351344,12.009896093198345,10.633763891908702,11.9327123948272,11.4221259059079,9.753922671015218,11.229275251237231,11.500123172251293,9.824378399741308,11.392130332343426,12.991252693415552,10.557755823141742,12.216155820057171,12.226992843121932,11.22161094380118,11.273710849897755,11.360638671602455,10.843768282394292,10.225257019293753,10.85144713594587,9.799239910059546,10.168721703282701,11.062039263983316,13.158175891621434,10.361539176556319,10.900990503236779,13.386793122588255,10.88274286622641,11.701500166159796,11.699120786537414,11.166066593626523,10.694533002361776,11.787695717189669,11.947207172483749,12.640350584262103,10.349665697151645,11.95042436960974,12.18213196145905,11.322729824981888,10.885757009504962,12.313177288065535,11.099473280474967,10.77898453315366,12.211764606682847,13.088479760296863,10.78585625733164,10.393711530154889,10.810714728336432,11.499442036311185,10.272709433374322,11.165042288465875,12.161474005348548,9.758853653796123,10.799549229764812,10.510694459858582,10.62006710796878,11.579953136247303,10.986986347384175,10.264219890823277,12.543393707637147,12.022950613970623,10.726715627772224,9.237446199855217,10.769514181150043,12.449072566878133,10.133413183624679,11.22374161624671,11.73904963097731,10.62392677354766,13.357846101518255,11.262277673046905,10.417048309945958,12.711616514369243,12.924395240478493,11.064217742980675,12.87445160527396,11.77105909844529,11.119170073251025,10.331635018581329,11.882831061632746,10.265988570247844,12.929246800998339,11.850537682114947,11.811321864184205,13.277838129269824,12.046005834890353,10.435537714994144,10.3379706060583,12.175614405232162,10.702408468944656,10.692588361105013,12.151667034020113,12.338669411989205,10.953908071851082,11.849193319809679,11.14846236020808,12.365482095150432,11.794492504796429,11.977942831633833,11.651472637128473,12.250489755153724,11.42895768493736,10.396111159713254,12.776658231711442,12.044339164701064,11.492465487656924,12.519608328849557,10.694304422631731,12.149086789201416,10.654285011009351,10.634001329456783,11.285600375069144,11.766205197301312,11.471148287105223,12.115601928210854,12.902605936690161,12.894502453284062,12.046569106955,11.51800708976086,12.152990499672459,10.636755637236842,10.770816232949441,11.030622717143281,10.891150487694937,10.594822634376962,10.458819447187055,11.317167692647379,11.19501066104243,10.971424588959271,10.947988610040998,12.48947846399745,12.15122151913814,10.821495750358558,10.326239113303163,12.216420152031812,11.82597927544049,10.990698598694674,11.942368087331669,11.863563431168778,10.736355031760416,10.983330375599065,11.055581590619102,11.773530498688059,10.459566628132896,12.231429028942802,11.387435840817506,11.900362954970992,10.54232972210529,12.253976197445121,9.918239666856884,11.949391101939037,11.356094027711139,12.734890417515635,11.626546042975937,12.136986474753506,12.668673672350081,12.191410743342457,11.477841994935844,10.710189804895846,11.205692265453282,11.670395489606676,11.045947582748331,10.41902442399466,10.66385673625225,11.423480192256283,10.462848350707139,10.765448108664147,11.21365089804886,9.573742667915475,10.820897336220012,11.124699172356644,11.521439387382298,11.46774474682899,11.080850473829598,11.943342196862902,12.394110041035532,9.766098442409094,11.345070665024615,10.099349472535208,11.692618638101473,11.485980142813634,10.095227355470106,11.070521150746824,10.605911263408666,11.131229430227489
12.09158419262785,10.501548683788961,11.566802240684153,11.11599454732106,10.488655427846057,10.469267680054719,11.738574496163592,12.609015078929929,10.053359592968821,10.343100909006713,11.326456582211298,9.922533499128916,11.353841928662526,11.21284888831311,10.996111552134192,10.846529634544913,12.176565737703916,10.59198305592387,12.036301112491067,11.588016982797841,9.715970336279657,11.329813326095751,11.452753779064686,9.917696441537675,11.294731115646952,12.962922116891054,10.587640770409815,12.113965447778378,12.494383967487297,11.393705602429645,11.211614977080956,11.416785461369907,10.81172604091183,10.203043005388771,10.90677864902138,9.81548307179454,10.251450856100485,11.052585109885959,13.339051900200529,10.224134196099207,11.028072824774723,13.398053093343815,10.643955365695291,11.476020044053486,11.788095212868408,11.4549605578211,10.798510523754143,11.857133603419152,11.87471518231311,12.616111776575927,10.140520502498072,12.092855873687068,12.139720943669111,11.494168694703806,10.99817627119265,12.166607190916702,11.027822881024933,10.727489488057637,12.144891456773754,13.03417656067144,10.965325007474007,10.671561088109316,10.802206235963848,11.58170616969922,10.267444457959213,11.079057497909398,12.149500730365947,9.960039639382924,10.690565029706725,10.519879214035782,10.54811956833138,11.429800018111619,10.928309994342191,10.4579339411622,12.624718589166639,11.914283830376277,10.857280557160458,9.275101616609433,10.778651033081912,12.465810023646904,10.219726559543782,11.108194925056429,11.810455004098129,10.690081229741617,13.408714749584075,11.299406104572514,10.45957485004353,12.75101149823443,13.077550651447266,11.17195027514498,12.846245682396574,12.073223316388406,10.935548195956732,10.39113987539839,11.89608407120849,10.49328224287876,13.056064818247167,11.841673551052471,11.829298023477277,13.101656772486225,12.088384858496035,10.330175737684776,10.590424272442496,12.037420790609179,10.993808010083791,10.602612933010311,12.451780468249794,12.514933138888122,11.09437011479486,11.614822383141794,11.121968407387389,12.558083204934382,11.861155101135509,12.019957263049449,11.712125793232017,12.24871846853549,11.179241269592882,10.56437667518932,12.659710710616741,11.90922085735524,11.556039310919234,12.483803551462358,10.674935424979184,11.990605093372896,10.633697607867882,10.642106778595481,11.49795235195182,11.62487322967304,11.373587762607343,11.936085051847174,13.114920723402992,13.097003436681117,11.940279047886714,11.767532847688901,12.471879490380724,10.845484929412601,10.665703961131012,11.18603109415184,10.9523921065307,10.684702722742696,10.41617858072282,11.328361400685855,11.181735282037067,10.934067911950942,10.898175108850532,12.684468856956164,12.022878323466083,10.76112920382961,10.453897415198455,12.092308239108155,11.798928342514692,10.85714469088291,12.068159958926367,11.911529569152203,10.995796133997883,11.00599193674978,11.07658126728059,11.952979368712816,10.518941583856321,12.300341346455529,11.482264161302933,11.910510644811906,10.332063808766451,12.531904086593865,10.03940770375285,11.909957679771384,11.459887312830727,12.725827803428562,11.643375754159624,12.228688249397765,12.733011387364137,12.16662771138802,11.520489177065171,10.739413565023982,11.101994094123908,11.65983345457159,11.297621173850253,10.522097180223573,10.501220463245854,11.31460433991796,10.658759138166639,10.688134773257646,11.248255229793386,9.668360082336068,10.683695224799546,11.433336722411418,11.410223201222092,11.400151786090833,11.009038762174752,12.002727402788558,12.569227757223686,9.86305228430522,11.34785240715679,10.167860069582774,11.828261655253968,11.791400491984266,10.166137893385738,11.227199552881928,10.78952541563412,11.067761847336106
12.086588044385461,10.59941511104219,11.585678016915491,11.234729865132772,10.353306150423874,10.552027904884621,11.734864419799095,12.58053349339995,9.934396825004045,10.340695601281588,11.353716055541236,9.819497902176723,11.403552352050387,11.254101807048317,10.926855251915315,10.740475678188318,12.246681054979714,10.599624042283963,12.016183328718654,11.487402198098959,9.82820438792532,11.367731777984297,11.514594821579609,10.044779613460218,11.558205073560035,13.019156951471365,10.419486444059793,12.06567279454351,12.408914880871082,11.404613731559195,11.171220551674926,11.376119697251749,10.762277999244258,10.159857789766878,10.952471301831336,9.733102293621595,10.446073774004695,11.107963968643595,13.267521823872176,10.097460565762344,10.965194033720465,13.431619181424669,10.478846835436084,11.622754130898533,11.651773050117116,11.439816473173355,10.930716219506822,11.847986893684384,11.628500918706472,12.654475474866969,9.988935587436874,12.10327843623553,12.149875313619575,11.697939525615823,10.993334426920121,12.141131615027165,10.966149225292487,10.796283166360936,12.025655167665319,13.07786791261255,11.077783664748162,10.62059806881231,10.82603308041801,11.696589284825285,10.345877882896303,11.085645683858722,12.252397311327082,9.906077478209124,10.5568539369215,10.58444903908126,10.696577487470595,11.471985181062701,10.942957664872784,10.569108455580887,12.600320932957619,11.769172344910238,10.985851219412138,9.396263803771081,10.676429728703651,12.47772210732802,10.040529572229525,11.286275236388695,11.839751286016428,10.894650070802967,13.289778572635317,11.493234408220193,10.481629089251303,12.839804655761261,12.78008143701024,11.115853511951242,13.023364060595995,11.997467828312313,10.831455106489187,10.254641327257897,11.852953991888903,10.399321563220695,13.163959205259495,11.903857726694792,11.84740347528835,13.169147009909997,11.95540427809347,10.313952214542839,10.636938881966504,12.14865788769684,11.225303320733168,10.614603132141378,12.475364864757719,12.454772213756792,11.212200123484314,11.413158735823261,11.276438398843549,12.746004730202017,11.889503236157232,11.931138841527476,11.78411870092975,12.176801114676163,11.155697675671632,10.590608273362848,12.826834350491401,12.097304407074756,11.68553590756986,12.376858271398614,10.6562289345015,11.9714791756256,10.456849446378916,10.644133824101191,11.74405958075701,11.559763145347492,11.328329803645344,12.16713504144689,13.089840565695795,13.283628387123244,11.875416468690041,11.755158914652933,12.391672718340658,10.991355254345466,10.604690590013705,11.25570427787015,10.827351646519697,10.709295572840535,10.327814798704692,11.433732612625285,11.157833361842,10.898625300749675,10.818006828306249,12.429272590983015,12.18054586644855,10.875817861363103,10.600253205061803,12.232613629661667,11.97995209801255,10.986311762562579,12.095029181720387,11.949180998855786,11.160757889794706,11.165509470322077,11.161492447099281,11.974430925036751,10.567949121476005,12.359990253278683,11.374548509219592,12.019064433293877,10.49933419735952,12.50668861421822,10.166892208017241,11.949606307306137,11.456953499986763,12.815065136144131,11.748658728692757,12.09881480706734,12.589702166605925,12.002413256804797,11.57579359379058,10.738690085946752,11.029598987378748,11.826414848207454,11.353383445333222,10.601251124901632,10.565013080717225,11.433607533830264,10.533462032160095,10.635579563368688,11.126255022908406,9.549481139856226,10.728976335510636,11.458424980429179,11.342585839829585,11.528077353610858,11.20198375389516,11.87320543359485,12.681301573431542,9.931853599168669,11.42324970797916,10.19720675318018,11.787285935123771,11.929213709484646,10.076543476706044,11.123617938278182,11.013367959227512,11.101580635503872
12.16302941689055,10.285941745119565,11.613746178517959,11.312680884734988,10.46978597989405,10.526622931311715,11.803341454299165,12.77559465038716,9.81255413413679,10.361296386007748,11.50538838050803,9.88029716590475,11.519659668069165,11.455313059437357,11.116356733742023,10.833463128345464,12.48492963987813,10.493934202028676,12.266109386886166,11.254312344430064,9.790101019109576,11.526889644325758,11.68474113536085,9.951009445564981,11.469150778047222,13.123007394297792,10.245230268323436,12.173073091859246,12.599904810254356,11.233609669506485,11.214977258489146,11.442731705103622,10.723413014642407,10.146071937142397,10.989165679236587,9.808846642667952,10.390038094050325,11.095386144990918,13.367194427147938,10.281924384899321,11.009493192311503,13.635705420766262,10.438083053352926,11.606498829739506,11.568746078730943,11.418854699992238,10.810505383923157,11.9141513836535,11.560890422200501,12.909760225015667,10.00969146529833,12.11837202480547,12.067140946529317,11.697553592437728,11.054721721136255,12.265182712023972,10.957043531301046,10.858607790474906,12.026376703074767,13.174191852219554,10.910884830885669,10.738116731537284,10.79429949837464,11.875974531999715,10.596101618879088,11.16668980862817,12.236889539710686,9.840738214415394,10.568921072862496,10.590298982488456,10.735286653479463,11.698700118600945,10.904058682899498,10.647278783468407,12.935013483812329,11.86794167370845,11.114510756348668,9.334420918608032,10.928809896758082,12.567457627420934,10.171402924924413,11.296474771386812,11.727048233137062,10.69804431045457,13.160794132720309,11.731133811532374,10.407115853044822,12.982291009900774,12.880147471002624,11.39586980247902,13.093841138630925,12.228280350034057,10.805752051378954,10.309476860244377,11.85634911942,10.631951576025322,13.35977726581325,11.87582703867099,11.90363956002118,13.298586751821844,11.656798869491972,10.476704278049334,10.600512009190762,12.30539051815857,11.114521918375985,10.595803538595801,12.390120067956914,12.475990764023507,11.779985066565308,11.380066551216819,11.200893927291746,12.651956585285374,11.966406466495737,11.962508973389099,11.859188130318541,12.142517175322453,11.141546319530171,10.521740833792148,12.785105011401573,12.385431079856327,11.754365827406321,12.47123480585263,10.740164632616482,11.762399366516355,10.646587192894549,10.58195705947929,11.833935852233035,11.504888231602605,11.264417952539837,12.016965101360418,13.03105068918141,13.361926885056365,12.092446462308674,11.738782214395885,12.203729559659342,11.045520814966821,10.509138295987368,11.390260952377226,10.968439160389575,10.725136219679966,10.456756631409139,11.518251119126633,11.209628562642916,10.857215641817822,10.909992156992733,12.386347308022469,12.210709789605792,10.901850889676265,10.512423274873203,12.297186819142132,11.957421654666206,11.304533499303576,12.186451358359685,11.992783019312094,11.034344751838848,11.317226395638507,11.115634975550472,11.879766419027659,10.562561713832551,12.386946832268912,11.37217329120016,12.081564230486302,10.557060618903247,12.600618993480364,10.140675225736071,11.966953714567381,11.527465021244723,12.963532320131508,11.783664762403886,11.98053076942994,12.635508858512864,12.030340852902237,11.71424343246264,10.851639504423805,11.116060049344128,11.77567467396786,11.388726211800751,10.797938065100253,10.72102291655181,11.493393848681002,10.769984369438912,10.693054576508743,11.241797341323764,9.65683952083149,10.990020095262903,11.428750890756593,11.660524251566748,11.291320799191714,11.188066193912592,11.85896962567087,12.65736107712959,9.945429262965689,11.537689366765113,10.315685414007634,11.555986653935708,12.124627541889382,10.092782513459046,11.200049727995738,11.041490223331767,11.210588765365564
11.898791653322249,10.514767428725287,11.671601242048501,11.208934160763434,10.514899415917249,10.461578116223418,11.86738497929616,12.60023104631632,9.765341131480199,10.28327845207113,11.714043859439535,9.860985166009854,11.332909321710646,11.600612659369599,11.012621488953299,10.677392800782172,12.631951713658538,10.469391749093328,12.32479364845212,10.989227182304596,9.894293195833399,11.542335942039234,11.749745409805076,10.004052567721656,11.578602794816456,13.079853180898175,10.40361519444937,12.325059169807805,12.6811767938185,11.456277035176955,11.30561136249832,11.617402732706523,10.620451095080403,10.154444333644454,10.908166522342551,9.756933483206126,10.453715998820535,10.957850357201462,13.498275013229588,10.36608459451509,11.042589419584964,13.766066922228548,10.42886337330562,11.624058399085188,11.529087959413271,11.416168859092561,10.864233466393287,11.951746538275199,11.526571054911042,12.856700225638154,9.901116602983356,12.078680486900195,12.05717741302862,11.886238194528081,11.191851654546943,12.287670511511395,11.09196646121261,10.995485088374163,12.182594050289879,13.494591841300679,11.034415246238101,10.599578730939802,10.871325168586733,11.99846790284991,10.72088981685664,11.00990361768703,12.24958206020703,9.84949383125169,10.769714024719885,10.732588191185833,10.841760752984008,11.530819017986959,10.768065836034976,10.690396272148488,12.737331868882205,11.963756881497922,11.059147677922809,9.302316334745493,11.101920218231733,12.493338460344036,10.117693014963283,11.521314119058388,11.904924264918847,10.666094215896972,13.224571351718811,11.85543177749363,10.453011236948374,13.266071712488435,13.036747026696803,11.521298802036666,13.23830999925467,12.454465091695496,10.710151592673688,10.399983924925973,11.680569548613278,10.621791705113083,13.36430919260479,11.831005327163558,12.022555926132384,13.507831971439582,11.632336472927596,10.4650841977698,10.552744240427144,12.446309496465142,11.243891750354313,10.667825322386337,12.404768473566602,12.518438321521156,11.852705610672666,11.356599490300457,11.270475714902318,12.769292033280188,12.009800859728978,11.925504639330066,12.044003210733404,12.097918094414592,11.170593913236557,10.590816474923251,12.831728656119251,12.330991316061207,11.91198006956561,12.54129493921896,10.846543884983948,11.64698802090754,10.484549282215873,10.625652341616073,11.906349049447392,11.578982713457629,11.40894467968642,12.523940695372193,13.022921343199348,13.511159281688432,12.06838714424795,11.583547874158482,12.018416180235452,11.078609633109963,10.574258209079163,11.403235164199721,11.18663655414833,10.713875703660861,10.41156432305724,11.447559102001238,11.325565896449822,10.911933247923976,11.129825101009844,12.329664540708041,12.311334509399073,11.071875346352815,10.506379717220398,12.634471518083254,11.969249994768568,11.305129096836593,12.4175760325061,11.940505855831242,10.850908050043907,11.356963926578729,11.154382849208915,12.094625698308718,10.559846515918327,12.4407364683074,11.376420470494157,12.279907383952303,10.59332061586354,12.638450122091179,10.180236151495341,11.856650577429418,11.605591744218211,12.926783009622179,11.808041226910559,12.098980516959658,12.655492293481418,12.14505624281811,11.781381350636815,10.706313368620348,11.233492219379514,11.719920933946076,11.155641731684618,11.015203519478844,10.892585978087263,11.49902240564282,10.65457698342786,10.751217040365658,11.308495533756787,9.580815161789491,11.156583748570968,11.718606246496366,11.729133365933254,11.031459662640197,11.232939924630754,11.898413140475045,12.869262604853223,9.905300095510967,11.601658193840851,10.353005633926392,11.686146052943188,12.02363432985078,10.232727197642296,11.414657917172335,11.00474473952897,11.262039255882854
12.195045166585295,10.644770473337474,11.985369128337737,11.31636329642075,10.609514257972817,10.470549993116817,12.048147712752849,12.599092089800475,10.105737786447735,10.503514470163498,11.519881728835998,9.817404103843916,11.241413816430091,11.610963283675426,11.234170124222008,10.691341585905286,12.636214968777466,10.585162703730154,12.37580743424275,11.031362488461086,10.069045572768053,11.619059018127343,11.751819425732416,9.974810493889954,11.60027038667814,13.205179700963502,10.502708569745483,12.305527100146877,12.68240096938498,11.483472352531537,11.232859894559976,11.677289579806251,10.668885404269108,10.147980300480102,10.89498459612424,9.774146480557569,10.688850128808715,11.0734481593231,13.636451486991868,10.445093254535445,11.21409149669613,13.93909603619944,10.332102702039371,11.617094709176092,11.723298869083608,11.586394182583625,10.990337244966419,12.17414379271411,11.447362617001355,12.972797017512638,10.066417043486696,12.191617154656424,12.160479971488094,11.916650996523607,11.203491360705984,12.462396099783902,10.847472768621447,11.095219996494999,12.067339833819382,13.680694750371677,11.158841076327331,10.63294977657372,10.818196495448841,12.1186363894932,10.70976540642818,11.037643993338547,12.224342790519271,10.023313219771786,10.941822558166013,10.708209910793194,11.112064434132924,11.76032247739297,10.702544059077288,10.849016731061246,12.500093440022905,12.19139009452456,10.937968915500582,9.147970421098872,11.070507749299553,12.614545277798403,10.083561014644415,11.614851750529859,11.899373109274823,10.717505010841407,13.37259029328952,11.797361383564256,10.571313220522137,13.444147903244172,12.895461229452943,11.742826992993956,13.298259083111724,12.462085380004394,10.638730343889248,10.431370010394632,11.677165053885547,10.641119842266994,13.57651111872362,11.807603786181206,11.968826000070775,13.565638857738085,11.541057335532562,10.1648450494144,10.708562982268182,12.374301924374988,11.185047041521997,10.43669800492601,12.3553247006404,12.678805123299835,12.158234074619461,11.312722704933975,11.220527627158587,12.78303262366503,12.289323966133036,11.95995841347658,12.19109945855581,12.237864655661618,11.096753274072714,10.533972666536336,12.748918346939877,12.394480259850521,11.893168681481274,12.524439086806055,10.987963704736236,11.63713785250072,10.595519701908737,10.875812442325373,11.99062209651784,11.712175287129792,11.772941094631317,12.693787910956493,13.248999312133314,13.361867475771957,12.0275911754415,11.660361427039355,12.164773978676783,11.092430889572121,10.616269178652182,11.377390421985684,10.979945495817363,10.794923563985611,10.543050752974565,11.506667388831104,11.295975796189326,10.890752989299912,11.067066634264588,12.18531300081681,12.349030900655118,11.158281334555909,10.530648926581465,12.741820815412819,12.102228660452866,11.135339600746738,12.447582497398965,11.961664885985718,10.906244800270212,11.286882166415383,11.168776722712701,12.2678332666122,10.575963287149197,12.457654002863356,11.484492571194492,12.177750263095662,10.573600332743366,12.703775149864677,10.283760012317604,11.82987281621543,11.75226066935253,13.105063417222874,11.738415579749168,12.113339845939496,12.932172571187628,12.052710127279218,11.778968735777289,10.736200879063023,11.277313356899828,11.882887094489414,11.18366768755392,11.122641070213986,10.974409997560347,11.363440959114698,10.66310424265483,10.882154297024695,11.136260313524772,9.661127643655657,11.045396915889299,11.82287476973074,11.584852510140777,11.040440832416524,11.054193678683706,12.042765279934267,12.875986640615736,9.866170381750214,11.498953280426626,10.245097046538762,11.715323996137869,11.917122361585893,10.351539000670762,11.520278494460683,11.057060018697856,11.4022644198513
12.120679839758408,10.618907990499821,12.004548609719746,11.264858160950872,10.409311522575344,10.695667208959243,11.96963646055786,12.759304086743592,10.063165165143447,10.487220866158419,11.643541738112308,10.05749884479476,11.223687495928536,11.682240945031413,11.28563394992479,10.54612380712476,12.696647124836678,10.830606464646209,12.492262036816687,11.128748978549432,10.05612147994401,11.635317403387939,11.89822760255056,10.116595530644274,11.691145206968635,13.124884029599045,10.498547875499453,12.318124403217059,12.835433473092907,11.619112305031928,11.096568993857767,11.783013584694906,10.849916421598772,10.227888150736835,10.810203284897788,9.815361559431253,10.639979826081792,10.934607012965271,13.888136279226336,10.487332739720634,11.083730625832155,13.87942929816825,10.515928156019955,11.57195633840058,11.867070829938825,11.645125025585706,10.962369874408223,12.113267799545632,11.54132078340857,13.259314507144095,10.232222468682552,12.243197375924103,12.465305970343575,11.751534105465847,11.14491030646866,12.577464559119605,10.934997540863787,11.098710421237055,12.157031466805048,13.754622869834746,11.24845365200888,10.619840480840557,10.695624930993462,12.391310812055803,10.51806087510181,11.250730346902017,12.330906576503041,9.96565096873922,10.961305738932188,10.770092752058426,11.17351523912281,11.621915197234086,10.823401766723784,10.9922190795221,12.374737343583705,12.315957131102095,10.99133171138121,9.200246000144743,11.019698067136453,12.828782830071091,10.094303016737143,11.685779717761362,11.843989690784811,10.60538067260848,13.488383977889077,12.022896990003407,10.852229345809587,13.527789753593034,12.91780491050406,11.741832103932602,13.316969705141927,12.506254834584906,10.814402367289992,10.304123233547637,11.826757467321867,10.602120135373099,13.75398036887303,12.044071513817132,12.10248279320777,13.582225801546631,11.508390556235183,10.286625792991101,10.717836129178627,12.3484546723192,11.169217925660673,10.374355983819715,12.526531659811248,12.602609508610911,12.06129215982654,11.300480373262724,11.35526097038532,12.833883412330986,12.332438154569342,11.92114783276595,12.215159459765502,12.248763804738388,11.182902605216947,10.488836412029688,12.805474863401672,12.459256816575516,11.980854807928647,12.542325208765217,10.833347298077326,11.55358040059132,10.602781393042342,10.814783765961701,12.031570111015451,11.570902587041035,11.927896226761405,12.71544735415707,13.39210681447684,13.574516995315324,12.085220391763098,11.691135750871387,12.263457116550155,11.153431621879456,10.705455722672436,11.203596562325,10.851580886206154,10.981663992455282,10.662286420713755,11.573887765481743,11.351363169799928,10.995892763697885,11.167253851213957,12.033237893341715,12.334840718101738,11.200638753270349,10.29266830975101,12.87592901442959,12.165908214001718,11.163662481202703,12.357472749721426,12.175484043993501,11.041273838193554,11.207318282961324,10.923640914420162,12.177897524929687,10.634540574536214,12.495629169797448,11.357976559781928,12.06467967349163,10.731842049614535,12.709501706306424,10.186048198181592,11.775477722019442,11.776963701241398,13.437690334371135,11.750574752710932,12.376094001155698,13.070012078767746,12.18549760465818,11.99117400973941,10.524781212215228,11.271930815938543,12.19590220313282,11.166946802059089,11.377921986524786,11.216177309890728,11.093572404387016,10.438050616906457,10.835074811757512,11.200441566933401,9.701512077588264,11.010918984019327,11.936956709633566,11.625420753237941,11.053668131633748,10.964050605857262,11.89370127912415,12.963589790343981,9.983831689614082,11.630369552742447,10.321387718983736,11.870885367375962,11.93260171809292,10.342331413543555,11.657051583138339,11.006209350202685,11.216686595831382
12.344620912589688,10.52358859197326,12.100481856052504,11.281758739964651,10.455103146115437,10.36212378552323,11.819223732984986,12.823673529328321,10.01584515481617,10.450802653276922,11.705005032242346,10.019451034214558,11.355554627303059,11.881082221528757,11.310787764576139,10.538932862199598,12.98004305789512,10.903576297220267,12.493724415527957,11.22788614780631,10.065805109477774,11.660538725848625,11.957283289520086,10.263635510391076,11.6089274351737,13.192889826799307,10.639432313040935,12.308405604412101,12.953424636310416,11.640123981304667,11.077353701351065,12.119346368853986,10.923104167987436,10.326892447076256,10.833215492457823,9.810282435577829,10.747056837077785,10.838693007109004,13.624523076249806,10.475079571679784,11.11747742576801,13.755881567184973,10.49486238804555,11.527799268256674,11.743534753015904,11.889535433680429,11.026303988372936,12.113459504635248,11.569298186022458,13.53835462398626,10.467337766342288,12.164325870140928,12.65911165019504,12.04872060196028,11.068763747444823,12.59550994495368,10.866230648076103,11.078969145217707,12.202570533604614,13.897336594926355,11.266860588194028,10.699956043095042,10.902859133962531,12.423783051333025,10.54109085231758,11.390602156423828,12.591052245388092,9.973568669423383,10.97775774979394,10.982903284031213,11.008128997258442,11.742655834823708,10.866207343640855,10.892505334362077,12.541585578359548,12.402694474984575,11.170793651993463,9.153829134984237,11.152601114842247,12.666613915368533,10.065334968808482,11.723670173060135,11.985471901322212,10.72736588692148,13.489885905272292,12.199793090311347,11.043414058157405,13.656137539033887,12.972447536212481,11.941977398163866,13.246376742534729,12.369425177342226,10.923013564043016,10.213510438589003,11.702257265199844,10.697536291130435,13.884535106922648,12.061153252290186,12.180234675484076,13.722720036300878,11.563006498210017,10.546659874705703,10.859791390660959,12.456292305013292,11.259631865131636,10.480987309912322,12.849360289078781,12.749511181626088,12.198380342270351,11.288893285972026,11.38971756481151,12.956625500876285,12.337552948826911,12.04194636193404,12.322173188585849,12.23316548946676,11.200488416097802,10.69648509879745,12.97839362980804,12.441203982788513,11.846787705965959,12.464260017732675,10.84898051303607,11.472854741416523,10.44916574939055,10.910084364922481,12.273438734218328,11.638729435676018,11.813609117543745,12.846786426622817,13.303401605879426,13.687894471348516,12.004861385167334,11.806709113602805,12.17499945763729,11.262642543445052,10.81147065351827,11.309618685161768,10.773364302600829,11.076585031842727,10.626663028689162,11.651023035906835,11.272816160818651,11.099090528259046,11.184899491390242,12.025848117295963,12.45371880038662,11.300951073673112,10.047707940346545,12.791302691479075,12.440027533361038,11.315008226615717,12.191281305903933,12.07919666643414,11.21281952384932,11.277753515783482,11.07605781984302,12.309792180688527,10.611040212547696,12.588475886234791,11.587399601815777,12.132681778513707,10.575533462510368,12.86829438417787,9.977747032593966,11.693057193912944,11.589405219554555,13.799352550571816,11.712698010586521,12.27075974031581,12.96987229093415,12.226304523819477,12.086872853667245,10.537189979334983,11.48910911996479,12.144817559623155,11.1261382571205,11.530285295588705,11.210939883298899,11.188756000459492,10.388740242713741,10.942885285765492,11.447862684694263,9.77619104361032,10.97765979924532,11.97248548262971,11.526632543682183,11.193734827437412,10.920555719893247,11.956695426338502,13.112982920587434,10.092154060830298,11.645243276269925,10.416653246316194,11.627861034158087,11.913861560566131,10.507406499608786,11.816312497280286,11.006400753405412,11.21038084101888
12.22348944316316,10.399304300523445,12.08136030224731,11.2768183848369,10.533882032248954,10.272134608587296,11.836104155308545,12.777024908927451,10.069358221796701,10.484023859962464,11.845745965180331,10.028411841987477,11.261779686253476,12.003255304298296,11.284336960756365,10.645413936410513,13.139218742356872,10.864467135952003,12.501561050326762,10.972107454275788,10.164487783946054,11.83103401381939,12.202997578147608,10.369985162110382,11.602889651982757,13.349513556044649,10.57876469963026,12.464170207204674,12.846602349797207,11.506779082870917,11.237759543422948,12.13173792260551,11.04752694043743,10.3951324398285,10.990284754260513,9.94095044823919,11.009895834105912,10.720292344214194,13.869726676212212,10.430894467567851,11.283754857155987,13.661931784592664,10.506111924018182,11.557794028183189,11.80925919057737,12.16026591020298,10.91630965200174,12.165867379212289,11.40129079198452,13.662338553741398,10.373972530230485,12.25395434206276,12.545334516311355,12.05961617617358,11.00740750828644,12.621097567209352,11.025938985682682,11.211579411325026,12.415588088527276,13.963647038015546,11.26806071979998,10.647593154259757,10.933254933397858,12.5426656925354,10.73721092835037,11.468241645374704,12.70156821081618,9.777103999232098,10.919970202509269,10.958359613194364,10.921792938119758,11.802397098470825,11.026134545473143,10.728971085447867,12.648850912995695,12.436153416351587,11.233218447365571,9.258841955750313,11.256984331761222,12.52059974935265,10.129978868871238,11.74845645096217,11.925921153964374,10.85411682783307,13.299230568903557,12.282090818469168,11.039975116052847,13.718513089335406,12.992936668031538,12.340922166633723,13.366904794948242,12.474353346783463,11.097082411019214,10.262498482315758,11.724062078953244,11.049807161591211,14.176553153039801,11.85790670057505,12.223293706777978,13.995789237826639,11.610048794774814,10.561432065731868,10.943347892833795,12.679801157437563,11.088502736845152,10.471097751927008,12.89977775999169,13.003737972956628,12.306331679567526,11.469158732204356,11.42420080070408,12.781627902765763,12.481640014219792,12.179585845423299,12.631373319208196,12.291840338175849,11.14481490776136,10.54544173793158,12.922717319780894,12.641289981403595,11.864820559293452,12.673958171407278,10.95309290048163,11.421860474380926,10.440769026986516,11.029719448516458,12.343695968452659,11.721540160859286,11.933521604673498,13.072592951533556,13.280643340285462,13.72789956607446,11.990293218444904,12.00367649683009,12.200830709364181,11.385225598838264,10.80788694771045,11.66391355524879,10.805899287510627,11.034569590067742,10.565209009968946,11.681275008147576,11.203585627660141,11.128113182541428,11.248987364200724,12.12221321860627,12.852365219706948,11.306321257826038,10.228557089367047,12.908306588764104,12.581937173423416,11.665432583063309,12.23139517249311,12.101963610488337,11.266265820963428,11.326345280556321,11.301555787234724,12.276714653067533,10.554137284189483,12.618379259273752,11.443331689954055,12.04454931176538,10.844328902530968,13.017033445060747,10.047854374657529,11.448684477845498,11.738292816277477,13.89120792443022,11.847818814628644,12.221027828520722,13.045514099605459,12.103167193814674,12.194183652072963,10.562614192461238,11.461364269444383,11.999119090086001,10.996622106670008,11.615799529157039,11.314253154518447,11.027998000753207,10.583484570704073,10.941535976853302,11.586540025703323,9.992354027802964,10.922246937441427,12.050038650984765,11.500444587548532,11.270106738031858,10.971920549560702,11.942386181458692,13.241284158684454,10.213740184377484,11.884858094178847,10.6370569404133,11.624433799869653,12.028286410769391,10.500071041397304,11.659266635069601,11.085548213374262,11.331828274934692
12.05327414152488,10.529218923585324,12.49008266231504,11.582820018103938,10.497512634950407,10.358906811019233,11.755197145674023,12.95643979444489,9.883765946130849,10.468536539879585,11.891871444193065,10.255455475688782,11.268992027200689,11.8386313892562,11.36935315287464,10.518335811887216,13.211137738978621,10.910964397467437,12.368341358823733,11.051663008964574,10.221013985649883,11.864406771807587,12.413206492403946,10.357395142288546,11.65409537461076,13.447067774057714,10.584340071475701,12.393637567319189,12.849446279204477,11.450202558086302,11.3389960226577,12.081659416487097,11.195418616337498,10.112162851120964,11.185086574072756,10.08240186280909,10.908107352253177,10.949636869045175,14.130238431836771,10.381911189575161,11.396787244547173,13.803627429572128,10.394145991595162,11.64418481828446,11.811915088165847,12.013624088626791,10.904866579793767,12.117945153050671,11.390431536745101,13.596389716413857,10.3184602774254,12.66670422764356,12.522179959121466,12.017735189944299,11.11931149337434,12.5972277000985,11.292355898288845,11.212117552213305,12.484931896742191,13.973513077262542,11.228313714075817,10.72914028661201,11.010699879312334,12.825858700394715,10.79574824964755,11.577767902998295,12.55168917277949,9.678716662588327,10.85743137643351,10.864061177071356,11.102013716525908,11.894153267211907,11.184086817331648,10.768744205523932,12.81051737056841,12.400975508846468,11.260357496635796,9.145589870482647,11.383504764293377,12.450838259594777,10.115717587444008,11.740960737178382,12.033442571670273,10.822320527202027,13.340504433650803,12.530188535172995,11.155428024105188,13.660075532676345,13.116417474136924,12.356034509394577,13.47754420306142,12.62260121032669,11.07542164828979,10.123345714675377,11.878171742022959,11.065814860427473,14.368249636384705,11.979059926508533,12.145325285048129,14.033668338397966,11.713655390746958,10.546039130001096,10.993624911471489,12.831436650702269,11.283436578369093,10.661349514028043,12.782836978436398,13.059122796335199,12.119356330555124,11.586309828766261,11.385601437259036,12.869496753802236,12.376683713446983,12.125215232664418,12.928183760494743,12.311873864544356,11.206136435621174,10.616782505627976,13.087836781346262,12.626234831493882,11.767868821169017,12.729763721239513,10.961101536839983,11.292197600991969,10.443148196681861,11.127302841126888,12.461503038984286,11.758288676661284,12.033667547971884,12.83939564298554,13.051320863074219,13.771134825995013,12.00970024788816,12.050651376016582,12.078116708491555,11.344297973734026,11.055329129718459,11.802625952441588,10.96375863910536,11.072729042893915,10.499342228983556,11.863052141940631,11.282950039146497,11.192462271823851,11.244151717038468,12.065771455701602,12.79877472017359,11.265589323923269,9.921581633171932,13.094671342690436,12.563003690397432,11.955606824660705,12.35375903070807,12.201441564199413,11.100636321559426,11.522004149316965,11.133352293092065,12.227502298943387,10.681222600468598,12.610104842866793,11.324254698262237,12.378996676621275,10.84960087885219,13.040661280490038,9.923631464573068,11.595390997430718,11.63979166893991,14.112285699973313,11.94971931466863,12.18653643517072,13.017734871300188,12.125680996041742,12.157199396863117,10.465411283804196,11.467987023439658,12.045184229091282,10.92861362464411,11.498239433008786,11.371703078436466,11.276950201792193,10.71485498741368,10.805626341447352,11.677630735423543,10.120182537718987,10.997754555108196,12.377176029939974,11.556770720369878,11.39224932973486,11.143181138522817,11.784298668836602,13.289918608466277,10.274950243588172,11.96337721452707,10.824678481867398,11.574905750406577,12.012367988594772,10.42800021239746,11.581614455573122,11.350364848387358,11.490026121390157
11.844448019223409,10.538993040171707,12.535261787517266,11.588905196241486,10.513586004727953,10.601402950845323,11.670442969646217,13.074651665630233,10.004592649321962,10.506190182745701,11.80717964117393,10.296344965380111,11.288428522584717,11.743989157858792,11.52334177594845,10.61912647515004,13.42838912420458,10.902935490260688,12.465883393765047,11.154265023238127,10.220123603970865,11.728608050347543,12.530706655934308,10.59088470176714,11.816528283571023,13.576809383022903,10.371574620408268,12.604599860584715,12.837957651711095,11.407149091666671,11.44739966805929,12.144250265626676,11.402923674593806,10.141623936383553,11.330474829371191,10.289742895605317,10.935450314066804,10.974637357401663,14.182941263810221,10.470512510629415,11.06836522905065,13.849380728532507,10.357546204961585,11.667717650727266,11.832204695035841,12.001682432349718,10.85638206912269,12.221293486721239,11.648298531887857,13.913123278454773,10.31349878503747,12.664403469103398,12.605776745490042,12.095763001641762,11.016375938569913,12.634155491285616,11.33131141485656,11.395035841013799,12.525776405952001,14.334753381403646,11.44266114721997,10.898371001638882,11.115347634411508,12.872423194074832,10.785557895771047,11.584072095394125,12.372053611580021,9.838124705203828,10.93279514964309,11.069436283176614,11.165802044712338,12.272911190303969,11.278285282210621,10.98771038816296,12.86050949872585,12.409824114563472,11.469457925324782,9.139601400439739,11.49574588101404,12.644484311119763,10.564793579329242,11.822194968187915,12.16495699962871,10.910477892692096,13.300030221307145,12.54513213189269,11.052543247972583,13.84506149344551,13.295002198343697,12.339287835413868,13.386990946552846,12.599781797831513,11.136131565031159,10.129950309051928,11.855833747171335,11.438522449609376,14.496694080478266,12.069890466888769,12.177675329019177,14.168002425878663,11.848307430816694,10.822677218476123,11.025697822074743,12.767732862259754,11.35893875652445,10.645658399519958,12.756790677020835,13.258869527933435,12.208724079195099,11.647860516817913,11.402663120882345,12.986888796059922,12.502987224176813,12.196698014501736,12.85393288200454,12.497046031700204,11.169559851423324,10.487466908811825,13.274248941593346,12.898959101764744,11.870111321735363,12.953686153596124,11.156091614300367,11.382804677823234,10.337354959561637,11.040459336701062,12.439888687607864,11.808941911445359,12.115260029097161,12.864993620170356,13.017582813276135,13.921201671035622,12.045443924208117,12.037272724880825,12.041239974290464,11.324985092829651,10.968677455139314,11.850915645180043,10.989506715845218,11.225540688136542,10.567807295206705,11.843790101651772,11.241622168182667,11.153945120755113,11.330605499757569,11.940348051354679,12.947963034434446,11.338132727998683,9.865250402189114,13.112247073909941,12.665336472543567,12.018616543464159,12.28695099688158,12.204335675861259,11.219558107536269,11.617790458289043,11.018516913729927,12.240823928709913,10.723506213496037,12.889165632961493,11.130140890393053,12.37682522835748,10.911974372409135,13.250247211559904,10.015823690726764,11.640898063078682,11.661659227900834,14.299966296257312,11.917957424959143,12.145820768799972,13.126164909038579,11.943258174536952,12.162611283635488,10.481616245520566,11.419993229392354,11.917106976094125,10.847806592795141,11.44019838414212,11.523050908431502,11.301009555448015,10.880979824884866,10.715343888267853,11.72253404605632,10.12695291490784,11.171371859173508,12.512985417811661,11.508762715210635,11.43780069916088,11.324688920011798,11.68231777483726,13.215389233254735,10.171177752483535,11.980436622198187,10.63986128807907,11.612424311907983,11.72713549481745,10.268410585835445,11.700909192380449,11.457652831662093,11.514094390037169
11.777303181115634,10.278656440205312,12.473287945941925,11.561081996517672,10.740437134558675,10.73466912452923,11.410915795989268,13.07226960667471,9.898451302526677,10.506556102586496,11.62594812467868,10.523237726012379,11.275242248937484,11.576081789343142,11.56992266632678,10.669757627783978,13.507903809395373,10.804168106875649,12.515632615136212,11.117028240139376,10.023615001180366,11.827701913504997,12.611014626363659,10.561684315557516,12.159593359263638,13.871277284703861,10.288142534850758,12.534170989016951,12.932477293923291,11.504364833739467,11.59374117681882,12.118161259535043,11.345882721169648,10.183628121526652,11.448929463094283,10.4659105425433,10.901201991138512,11.213287646211723,14.567939781821067,10.450090952316165,10.902025553465618,13.942837121788497,10.400660198090863,11.58502192600408,11.822967205025968,11.96988229572752,10.9425488156505,12.204119393980628,11.814975520912048,14.189543713811682,10.475099372159667,12.47245044553908,12.60498349334087,12.217176022035423,11.03204209439615,12.763321791893606,11.494426392124687,11.426147674672617,12.291469169829464,14.370032232608978,11.538007305125458,10.974454663842188,11.114052159658023,12.83895268363882,11.028719546342154,11.822528164152814,12.720870136323132,9.75208100589468,11.145542533053941,11.049611567642907,11.211051684227186,12.533078147991093,11.280065149371136,11.090113589665256,12.941567014023763,12.321854416499374,11.378778729251005,9.301943087707116,11.773196793618396,12.886915294880364,10.562541617368222,11.788281328359806,12.474604342998951,11.060751864384821,13.270711925969504,12.61438163162659,11.028913695180927,13.981452980427155,13.383653894159453,12.308942315076257,13.368095767032637,12.631216414717352,11.211199807394964,10.353886509350664,11.90856578016835,11.567111246673942,14.531112498506204,12.095294597538654,12.161065361988413,14.33917509796899,11.940563369875997,10.781243554387757,11.083222006572354,12.790603038364807,11.45587567620079,10.59886800693356,12.742834565444475,13.402452655837456,12.195645735211452,11.768304373313164,11.547787960621983,13.153503351700499,12.544813635911012,12.338397619193792,13.044902012623083,12.518952026315862,11.423281953503697,10.394121383129486,13.374532159791107,12.90073570215575,11.760719325770337,12.896705821663087,11.249976925306001,11.280295858648016,10.47198607603623,11.003542357060157,12.381395032123626,11.76718533423255,12.278608983379344,12.881573373175316,13.07674766782923,13.945955944500628,12.095772281477409,12.08254366298973,12.349476268931705,11.141781261699002,10.897057441933274,11.981025502621657,10.868288440436404,11.116223130795971,10.47071583939547,11.981699338429312,11.355910570904285,11.193916763315386,11.364656803935821,11.801196987979523,12.880037303897769,11.18716242229655,9.982027870780568,13.185003261735472,12.558957163791872,12.131129376051126,12.380494897266631,12.37296158733434,11.199801059494016,11.938158616745053,11.085835658382623,11.996058244230714,11.036395225926771,13.083263003732826,10.927202136963615,12.167903185308276,11.091996683127299,13.545657721538266,10.163828405713069,11.889048513511932,11.669823465198935,14.434061879618662,11.930142509129794,12.169307013947552,13.239589812526964,12.060979953188664,12.483718328543839,10.370160051501024,11.333484391758487,11.85774474356664,10.838235241833164,11.508935851976473,11.418420056503637,11.437896012421334,11.095506848705948,10.841136368926469,11.65424066379061,10.29560094212912,11.207970784294735,12.575951348642727,11.564880790734367,11.520394939833437,11.165345582046275,11.616480851601574,13.250673647379118,10.166946883274415,11.990700444170699,10.675802872866457,11.538910956501555,11.611606070262864,10.385923667544091,11.931956673862567,11.464055335249595,11.518270922453004
11.709419020266647,10.43071258716892,12.448280497593345,11.925608314291033,10.904224903274462,10.896756493272234,11.528907932600918,13.023407903810877,9.939459173740971,10.40429682547101,11.4741298394653,10.691950434684172,11.47096849559465,11.734880144686816,11.653278426378682,10.709850857866737,13.701078838523182,10.814898390273155,12.638649720497071,11.255353334417755,9.997940873602477,11.665990742220908,12.850552720692283,10.72680212704072,12.19164939278071,13.843327157757448,10.272922832620413,12.640873329473186,13.110053418423055,11.472014352381628,11.7064639828134,12.158597461495368,11.852280451875766,10.274422795260104,11.407379388543218,10.116265466912537,10.806398708506066,11.34143589900533,14.877333301331971,10.366172550856259,10.854667794688334,13.776177626604332,10.382387016313343,11.645490719109334,11.903269021209725,12.113353999043055,11.013756887767093,12.238541650651243,11.742413223748,14.403355719792955,10.4689553266879,12.568086294516094,12.504295556372291,12.313576161523981,11.298900267819013,12.924062284598904,11.380317790499063,11.520172398681867,12.296028146440724,14.59895367631178,11.34091940106478,11.084220157919358,11.165077255406665,12.94037605206729,10.930957559848695,12.023822593442478,12.889359632280575,9.529391488267889,11.027966358989701,10.911133370775952,11.177325194178975,12.633768247724628,11.285838143811835,11.209061015668249,13.133496151038806,12.394109237768497,11.314490030413847,9.223558596579947,11.834088245833414,12.773717521469113,10.731622358430798,11.766359334675954,12.704226591985975,11.250635009728295,13.610100152564957,12.801136344467064,10.985113468307478,13.92338044690025,13.529285043132699,12.352053958938379,13.35169278454755,12.769710957615603,11.163376923687691,10.479846906540555,11.949441797374337,11.61858875800391,14.784334396422384,12.109546915393159,12.233185370655653,14.597922286953398,12.055216527482854,10.851537770293799,10.79324503397778,13.012927329623981,11.637971777073947,10.52792460794981,12.771663925859762,13.497764925968694,12.028142121948859,11.780279744931327,11.667242212776468,13.278275549636412,12.658082641506342,12.588954421336654,13.098731450112641,12.60588714376417,11.248614616214788,10.292904609210346,13.423971799375618,12.726298389579611,11.68102362841852,12.879227705430973,11.385761195846749,11.201186421655203,10.531775418573785,10.927071016884286,12.326539149610527,11.79466026826671,12.330577102106226,12.711156726754272,13.157502303199465,14.06653928141802,12.152856250765803,11.946430932816,12.50515121817389,11.18726518072179,10.874943517318723,12.240693203278175,11.179033187665457,11.217898413794304,10.474957548617448,11.982461480423257,11.123888234421525,11.330400404910765,11.46622501471936,11.753702278244868,12.928152360699503,11.382580259043259,10.08944482879608,13.25044741653254,12.473260267037316,12.055709506578602,12.646189830367856,12.643893023658778,11.32695162493985,12.049548907493696,11.508364561635508,11.888233816515912,11.3850816909418,12.981180691133265,10.957183964742663,12.022126872631675,11.197995731833439,13.396099402641795,10.139882767985329,12.067986432927764,11.69105971491013,14.67825826819984,11.946286145077623,11.959743739130221,13.366905597907524,12.168129819459752,12.610550964513852,10.457525795779596,11.390199084910549,11.84766076576469,10.958476183523475,11.299714301591042,11.31487731927815,11.377249495423863,11.177577312811847,10.820514744009772,11.58153065960689,10.309618655641978,11.285400443496757,12.463053005901944,11.497697949036867,11.494897935601207,11.295814466065167,11.382499343055422,13.248851744269885,10.376835913600408,11.872473265193255,10.512292586655834,11.556421542122239,11.777585327219406,10.481943579717118,12.013223381379058,11.267506453596503,11.539620858846675
11.634066705222764,10.630532058645612,12.559062576785088,12.150198759919551,10.896897962560672,11.058320239820462,11.42719651049557,13.004108379470896,9.859400997383698,10.189460954716253,11.379107575231599,10.709057295973565,11.451187253514023,11.756762718650478,11.764441787598834,10.778238805741154,13.917214778747645,10.754915071229327,12.637027488117942,11.196617173732001,10.201041370826188,11.638100610782962,12.925634079854667,10.907881131073724,12.196537744841896,14.071757247628781,10.379333718876506,12.70376978503985,13.194854463162832,11.730720413384889,11.70863900850835,12.151088153176808,11.972425341070336,10.220707844987933,11.497593635249691,10.055345548588164,10.79664246489392,11.13395273319007,15.001035662242453,10.301974588324349,10.833548608816185,13.76546563822694,10.32710572888538,11.669220403138656,11.998129110219722,12.122818517512071,11.031364619591685,12.246445511211965,11.740903855185882,14.452452073525777,10.605250402801909,12.67555554016382,12.509246114302027,12.404108601704438,11.45051719082973,13.032734647721696,11.498061242545589,11.737758144107328,12.206519468676266,14.692683268129786,11.528872870292144,11.089517421578584,11.153574540062872,13.029161186552658,11.150548740007103,11.969937961376004,12.858585549412098,9.612568726444652,10.996234010924587,11.009206488186745,11.038045278882144,12.40964671727234,11.382527336829801,11.373893447796922,13.160330815177307,12.463083039110085,11.378432715824728,9.35018254682891,11.857854141740564,12.845082496127057,10.77164663129905,11.573141394551019,12.874611620435255,11.108731585949208,13.674383089947675,13.021409512729454,10.93776942014056,14.056943187339893,13.618645339812705,12.682413304373533,13.4699832171912,12.605968237986822,11.344201055991638,10.530707680439317,12.068625998783833,11.643320185158771,14.911246770722828,12.130703897182588,12.30268247340594,14.586237040667408,12.175500644970093,10.952921024485866,11.005946385924393,13.156599226074578,11.786450065272698,10.505806784916265,13.013037083337558,13.635008637499709,12.131543091857587,11.8042226420252,11.782153698168539,13.301653276159822,12.765242448977938,12.440480629896888,13.163696929630646,12.693733057268041,11.240393304626984,10.18317120836115,13.425326810635788,12.67811219026596,11.853509734135068,13.01410032941969,11.337790087606972,11.20536718137993,10.726297053946816,10.724168735791006,12.35996722807251,11.90406816646865,12.447448802324127,12.978083067047923,13.322945822964167,13.988849038517841,12.23678166600202,12.020842210857563,12.47566205080928,11.148031392719775,10.825194455802437,12.347720989904381,11.321295152657214,11.048290038388654,10.456485007063266,11.973911231244477,11.04826906283717,11.358476876409433,11.322210046637807,11.939750993800617,13.051776392712915,11.328746163161396,10.245280567310301,13.466412694506793,12.454942383013986,12.216562106262991,12.477804350048803,12.857669876792441,11.399331933876242,12.510337951708207,11.300636117575616,11.784745370487181,11.440796751651028,13.015922734257863,10.969855482238696,12.006359095183806,11.069896920554987,13.513219665206691,10.046036315106173,12.168026364379182,11.675927330758153,14.88513444949777,11.997714800909705,11.80519254921158,13.348059388912347,12.25534486882804,12.602091140212401,10.415543149185444,11.471104659316175,11.829335189696817,11.209482208183807,11.391433651597726,11.46760146514878,11.276865260762628,11.330438052939527,10.882602307706346,11.383562400415997,10.325189361014012,11.34041880310421,12.412832160447419,11.503392114232662,11.62368907598272,11.102747152323893,11.318395047677143,13.389307465785008,10.328660091384977,11.923748265135933,10.73551268851097,11.70415758011013,11.838614853922241,10.570571090234575,12.190621174603443,11.13640689901642,11.62021106210193
11.908665071487812,10.469359029511546,12.879901929434782,12.202598338589073,10.880263152243357,11.285395301009935,11.418466199443973,12.936853608515662,10.083272040878668,10.229232671626315,11.509473721179166,10.620985694225707,11.295164165502793,11.82002995731442,11.73771318483215,10.839240006080855,13.970107602392675,10.698843626024487,12.933225956613864,11.235955996784597,10.133160591391498,11.883681651538236,12.94176908618744,11.227802591365089,12.370610640544296,14.170708215375564,10.471691100775576,12.780063813066155,13.261486422691403,11.683859039988157,11.570867525045848,12.050247141074239,11.976540388778973,10.24859983523854,11.489558458066993,10.099124733615714,11.199970477888646,11.242628420501184,15.045299089060137,10.350585045323202,11.1282415319424,13.74762982338493,10.320662426025939,11.836736588147799,12.075355268393723,12.23736487469627,10.979362627146356,12.32094923137903,11.811593930838471,14.486015724033429,10.6117790572391,12.797238458308627,12.458569332997858,12.508627576871739,11.589939763345482,12.880897394162236,11.444771996907338,11.710273981904642,12.24286248055526,14.605811297430861,11.815525669184929,10.900904620571746,11.174380093745366,12.973754575511254,11.481099789406182,11.941625217370404,12.691696548683883,9.7926051025804,10.94259383022751,10.703658315807917,11.014175017123405,12.451599477265882,11.512706466079194,11.644905210653256,13.341606162691209,12.626038183896863,11.43244621380202,9.50939800530279,11.869371457649294,12.732169743168708,10.725073903696032,11.586477726656662,12.915231279455696,11.092802662409495,13.936518387682963,13.039647713647257,10.840872186513549,14.06972480001288,13.601639849432848,12.927645400988396,13.407204480095265,12.830378206311527,11.393566553473354,10.515079436119475,11.895382342469846,11.69978971523869,15.227160787525438,12.185111308006686,12.341527840624133,14.609422481430508,12.176086421821655,11.24826656212596,11.042694380968824,13.133774160064103,11.820233431008589,10.441059731018683,13.113054081088102,13.75132413838583,12.132925905362704,11.937759642007162,12.067883280421187,13.238190743077752,12.966713137869311,12.465307226449236,13.307750148188436,12.896372631569582,11.36432702771318,10.296536818220522,13.38121691918678,12.784764083690018,11.787030411009287,13.060319859574559,11.25771651893807,11.298439593744563,11.021484047913068,10.75187556937441,12.653491486325205,11.881603763690041,12.376827621746205,13.093151038475517,13.244786568800276,14.056289522375154,12.439313097172636,12.064203692411633,12.54774253168596,11.192993911172499,10.972605225491291,12.64343031395199,11.215089650942563,11.258904350161966,10.556315410296184,12.068281763676438,11.020527479439775,11.421714605543398,11.403595377083002,12.066326106697122,13.153402411886688,11.352867267976482,10.352151329765201,13.771309311152795,12.182339630762195,12.189909025696606,12.525794122843335,13.152450997184046,11.550392760421554,12.596949160560424,11.383542700632555,11.851830606359002,11.35422446646559,13.025788661186812,10.889230473536603,11.949178537403466,11.062477724749026,13.510346731517547,10.031849194900671,12.279827398235033,12.048556284806846,15.199510871310661,12.152445873215006,11.848425245539099,13.255772254621592,12.254034577367124,12.974842564782232,10.675942707716565,11.464357110642238,11.908403755292994,11.394673978521888,11.745314308116647,11.322987043185792,11.098229273768634,11.416504872213343,10.65071954449879,11.380709214053633,10.53644835460358,11.351754338087632,12.414527472970903,11.573206950676374,11.657087203033505,10.943209844283404,11.415864489988778,13.336288444738729,10.123129863729856,12.057056016508634,10.637611030576073,11.799183022544998,11.829788837891014,10.710537876250001,12.128023274246479,10.834346358996731,11.71970129482029
12.189551645554815,10.267768992071527,12.945074698586378,12.29757211882592,11.148644651042318,11.370765163442517,11.55017840019861,13.126518100854181,10.093012618789102,10.203649338526864,11.405441187774965,10.469593843047345,11.398435982544612,11.790127894660476,11.787872345008584,10.826698672528039,14.058620437968532,10.625849728773533,13.012051021069817,11.325517826992348,10.17848701637595,11.822653524637785,12.959752277611695,11.266761769776739,12.492042458447186,14.418414155639471,10.434375081973075,13.121313372219335,13.335510708191668,11.575945946843028,11.617317921790294,12.034492647465301,11.97507733272531,10.303437517510405,11.37136292658577,10.21086893489955,11.199762906946248,11.333737779463709,14.981978223055687,10.263219300822161,11.229655199571374,13.549761983811951,10.372014067736293,12.077780615240565,12.070907403891104,12.45979905428956,11.052197750619824,12.403165021478282,11.63819761060807,14.618968690543886,10.980608377817838,12.70341376153257,12.27331769182992,12.59320981025635,11.764356610270456,12.72317248387997,11.441844559109084,11.844804330364525,12.25989541133757,14.738359771956207,12.067349994814691,10.76214333880873,11.104488356744948,13.040802452084613,11.674828274457097,11.908092623173419,13.02700198696327,9.830006379051529,10.99344202893408,10.697674657559883,11.019291901422779,12.56332297998052,11.477022977465952,11.881147671350519,13.126253708681807,12.68821492353595,11.524794681112661,9.5159198538621,12.021101350494796,12.78673868753217,10.797480655949279,11.506091273992146,13.05813820310534,11.093286729512633,13.95196572754513,13.069654571057027,11.067876980630011,14.281285123273255,13.696561621561264,12.933580161870484,13.313649543356696,13.00592220733725,11.433000320685776,10.589259871752223,11.995387226773609,11.845414354124008,15.280868789713015,12.197075854578264,12.459534604152749,14.810340270359285,12.023594905148048,11.425266977177294,11.040062761789153,13.138067362731714,12.008215809842074,10.221708247916478,13.298860551176013,13.82266861058094,12.096066973372917,12.01920302195012,12.107784797473427,13.299676259983617,12.73270892067107,12.521710183296802,13.440432261652083,13.190198991015128,11.411470148091706,10.546955199691277,13.386435875838059,12.941074070244678,11.700755282276807,13.167976969874477,11.343876473197705,11.397495658255005,11.151070256765127,10.582471221783276,12.719758146549585,12.176878606837711,12.335260535860161,13.336270170898738,13.336781173912497,14.228435464061523,12.463027529188649,11.9009743262298,12.714759197702294,11.23744294303504,11.00155642722237,12.55134117712249,11.200773316442683,11.358600450525682,10.538430329323667,12.177013943357567,11.222712865350555,11.370045046034724,11.3628213928581,12.055992023569255,13.288606354793968,11.600124399382945,10.123705115754532,13.91615380657873,12.118820907707027,12.149131684031719,12.65482632294812,13.099009287748151,11.444411705863873,12.96164085068334,11.544277456573777,11.990356689087134,11.649251309445509,12.896208493673852,10.94834293568769,11.953189161587487,11.126046378444354,13.842808045825485,10.096530789821093,12.611778622663802,12.113805425051783,15.546582010784125,12.308139981182693,11.7357361969393,13.244816025693133,12.268140758174445,13.010392033021834,10.558946977190836,11.526307844581757,11.802815600703143,11.466515706070187,11.8264326494495,11.471131556188237,11.046369978481714,11.33795814575442,10.509032560730716,11.317084733487402,10.578506929522998,11.24020366337576,12.434392492925344,11.670838744138575,11.763433182672065,10.920259145944392,11.689956852824533,13.175637010391089,10.391083619325062,12.150168686889213,10.8239723945787,11.501592326728911,11.752588382683362,10.662444449288355,11.968123283950586,10.764789840118153,11.7481421380426
12.443850839964986,10.272784176722691,13.177750900726863,12.326356861900038,11.392348011456699,11.577511765701836,11.573747868683515,13.256297807931544,9.88773679641025,10.16379435641259,11.509475988526177,10.500957579339454,11.556943030286506,11.862119203603486,11.826519952744027,10.89551421532598,13.962542273235183,10.738589757802433,12.991571414573766,11.341800052992392,10.018575365275618,12.024711752243368,13.163394740811228,11.297430501968458,12.5040652188767,14.661777194980024,10.38448617346268,13.11450051525084,13.61347068512628,11.622558855783698,11.68365308583775,11.970309572453072,12.225067781237664,10.226273988292021,11.416206234131018,10.162421882813321,11.026815265332845,11.175650453476289,15.159366812766066,10.43022011006994,11.363622181671227,13.742688560140408,10.581542761998808,12.033603775843286,12.354263982493546,12.677482612748722,11.101092219798657,12.391342068116833,11.74535648066015,14.656910144186547,10.997633321635426,12.947788717494308,12.197814810353368,12.812315127262654,11.825739708733776,12.854260304119412,11.666093146242464,12.06302415371777,12.40269626742442,14.739818584394754,12.158156927110008,10.855865143438105,11.049610379354178,13.14878423462406,11.775509789620688,11.958406043509475,13.402256320831283,10.025952815198139,11.202265731183966,10.690453818283729,10.995818159911027,12.809586357394874,11.364441885493498,11.72787033971082,13.156239672043359,12.745271645649835,11.576360215486961,9.481231755256493,12.136490914615084,12.601694410651378,11.131297678008707,11.472718543077074,13.131251103444253,11.141745919690313,14.098464901951823,13.05725711064728,11.46587726517137,14.425106506395807,13.916951932986393,12.978821808819326,13.393982840893862,13.171779799248906,11.446215052674706,10.6342617353424,12.160913538961543,11.943496508820967,15.713663178253643,12.377589254467948,12.43283622412,15.021651239209861,11.753615764815091,11.272558224484888,10.919242908158406,13.179585268097203,11.970775225828106,10.067138488954829,13.592659726869583,13.86133302680324,12.22501188544523,11.991263071364116,12.075088576838988,13.17108621421157,12.678753058318492,12.519779427477575,13.358587680196734,13.389971381644287,11.665431115895805,10.87814994272,13.528322356540164,13.006710923298371,11.941680176877703,13.084613027263394,11.415756687625773,11.472028092308298,11.146445538559092,10.560819273611562,12.85204649499151,12.519949875378936,12.214882573602502,13.419389670277619,13.43263232590786,14.500304132696087,12.44995138220252,12.034803668103471,12.827409932492444,11.115659773225756,10.96778007541615,12.529930345175666,11.280996561691605,11.268930396140512,10.560247912159822,11.997901254871499,11.104095704563802,11.35772011608533,11.13524599452599,12.113641071122537,13.563783566142504,11.935838153457109,9.911149656188474,13.941529247554604,12.266945231089398,12.381696245260777,12.789114195389267,13.052608875272377,11.601974919288994,12.999826698556369,11.683596164027241,12.021712273789118,11.48279657113342,12.932541132853208,10.952013474284245,12.004556061780216,11.29624330522736,13.985660593886747,10.187872015371676,12.66858997414722,12.071955793590233,15.796016463136707,12.539385392872184,11.771529806866573,13.349841257490576,12.349584993412375,13.086905524663822,10.688818908451163,11.73136112597271,11.840546690573671,11.533583054877425,11.926194329353997,11.464329407911942,11.239392023492098,11.187546894018421,10.296109545211364,11.527542915876506,10.51792528103437,11.183387296049817,12.479819379148543,11.54673069329145,11.703301224888673,11.069679077260176,11.52474710553109,13.12649823781115,10.462010385793324,11.900321417817786,10.831073501782146,11.67387515830619,11.849500932280987,10.663804838610654,12.03732730509912,10.95847446091428,11.844768085611536
12.78504575209471,10.260807090889676,13.338673562147466,12.450078151532878,11.455923555946223,11.879031474012919,11.539420162134437,13.071613256400754,10.050392391828584,10.016852852841643,11.52854072969542,10.62619497139502,11.445746793943286,11.76922606286081,12.026146109778429,10.990243108246924,14.17116156995851,10.764989388488436,13.166983030496624,11.252460663092176,9.907111698980723,12.090192663697716,13.278230131970682,11.095790945303184,12.606394750880801,14.572324672697683,10.48494566682944,13.205692953527892,14.06749712861513,11.473739930348037,11.660295156997314,11.93286479136696,12.429190547922182,10.212411586775387,11.513571201865505,10.037388619526297,11.064111333194425,11.274262464741248,15.241877259055565,10.506555152062148,11.325333830348352,13.945132592892842,10.567948887314195,12.047028953540766,12.377293693559745,12.628184566465803,11.107145155832274,12.362223278624295,11.753046714427228,14.901858442507748,10.948006549035592,13.114408962165676,12.174318225445845,13.071040205001461,12.002612165101121,12.87444488016839,11.66497957290873,12.106923470259025,12.474754597904797,14.816166439089738,12.188104418469678,11.006210143280107,10.895600101722323,13.197993875943464,11.735761093232892,11.915915062912037,13.357324083604857,10.291168541199985,11.05677061356702,10.678467223915463,11.1562808140188,12.809742853556505,11.452695142697278,11.84512975383815,13.148510861683253,12.59069026276196,11.426000869139719,9.666555029055123,12.378539439449838,12.600072953974369,11.08178457922592,11.549655037913915,12.948676119822855,11.31199187369615,14.1490562281377,13.28275348985304,11.662214222100948,14.502854367831695,13.91445640060962,12.67343125303811,13.482582347663483,13.089804256117178,11.38737052664145,10.571317890371514,12.316784875285126,11.982509070647852,15.957255415348843,12.397694830478393,12.559552823799397,15.184013546958909,11.805811227667517,11.326178404170777,11.044970917343255,13.098154044283792,11.974906498009029,10.205163927375155,13.729317474971134,13.872013599062406,12.183937421104973,12.093929846068702,11.892783821866958,13.134047338670252,12.527347388413348,12.688004867296343,13.603488495499183,13.595357832133015,11.72519001689889,10.843221461889609,13.494301720243522,13.154480683606447,12.091637967898059,12.961988930774435,11.432528306570106,11.540023331561533,11.240675527627571,10.616613540971825,12.688537888754974,12.546475803858606,12.350903026784389,13.48420888873806,13.517856212407183,14.664387106268123,12.604741899958906,11.956880048223368,12.823675606924752,11.17475279558676,10.919083563278054,12.63689711022536,11.339295274310913,11.347271844839627,10.506552293880834,11.859435277828506,11.289072538579001,11.481216924051317,11.248963954734021,12.25600465912383,13.577450762682393,12.228724175321736,9.89187015817296,14.058794140050056,12.256834012980265,12.55970953140008,12.62752174825169,12.998134473218254,11.539526453766973,13.040120637889279,11.962359361792279,11.939826481278663,11.230320206097185,12.892451975629267,10.924902119126408,12.172209694337313,11.261356438932857,14.224562851076811,10.178822115540415,12.744798324500843,12.110794026776373,16.02576853915712,12.110133793717118,11.884622953410563,13.321989440082373,12.395198020340636,12.893305970652431,10.715026768596283,11.509623410578467,11.839512076189472,11.570830078141379,11.93547089306466,11.675819248253095,11.268341239061137,11.251145484358387,10.437537190640251,11.631126775923427,10.537211220874882,11.032796436550404,12.27030483798047,11.452163401210692,11.753549800500151,11.0142463238476,11.24289426609573,13.231274737090617,10.20425261647776,12.024349614617867,10.69100507903603,11.755004523008418,12.106324156326982,10.515195146891582,12.015279552371704,10.88462323915917,11.910665962153667
12.881846453403622,10.338015049013235,13.231188713790889,12.578475717217326,11.180729944122522,12.077996454532048,11.438138977613619,13.37884694538776,10.037385763475239,10.097668031786807,11.532774839844777,10.71590499885067,11.422415233702269,11.942648738113544,12.236407068495875,10.971040334262259,14.194132612715764,10.757711069867467,12.959634931591623,11.215926237565432,9.929712457093236,12.01659099252171,13.236203112948967,11.095176057814637,12.529188788702934,14.814884498930747,10.294072007940615,13.097968019000552,14.324746400806106,11.593952802969604,11.935927364106236,11.93817021833205,12.448333763791304,10.428192839860385,11.593696131091107,10.436635762759366,10.909499015335141,11.08021879210026,15.274638887397359,10.588196130151532,11.484464138963977,14.082048541075814,10.703198858230998,11.786875191337144,12.401952124082529,12.597105982902027,10.951788149320974,12.45265065793923,11.996170914076437,14.993621660058931,11.11962910071706,12.868933448261304,12.229719783234447,12.909066275322006,12.053888239021463,13.08142503288538,11.759939508000343,11.932732368989871,12.60450605695262,14.987003908202817,12.514568093120506,10.975416295272224,10.899160734016146,13.572764245293026,11.585696908555821,11.879635408323992,13.556722958536835,10.136646791901583,11.201172800133364,10.63210082752833,11.194399708375203,13.00467978443594,11.61779381180636,11.964578482748903,13.2148911758734,12.722096156475272,11.461861386585086,9.644639989341123,12.346028194971291,12.536466261337708,11.15250463587521,11.49829379208966,12.895544851086331,11.407294766884313,14.386196476515522,13.486098798482727,11.75415197208471,14.28956401965593,14.098719577558548,12.870179777033504,13.414855762177114,12.939850330277498,11.4359953592641,10.654600176806653,12.447793145210163,12.182552352762382,15.956759442007552,12.41654640774605,12.560527386307017,15.06494407275634,11.880371337121973,11.510684820219907,11.104645932493098,13.177867312382919,12.06323706758775,10.17697837029954,13.899355783085465,13.958774750222041,12.302432508699965,12.064599020474587,11.871817876870361,13.237692964836338,12.63581372073545,12.723832713734724,13.600968796078693,13.561760053884289,11.809191720220893,10.890943047383374,13.548650657063233,13.366154202996222,12.210755473069527,13.099518505058288,11.325126815688083,11.728536431111936,11.216067937096202,10.654278027990191,12.750970258997455,12.620820762652087,12.372359175109857,13.309763271255957,13.570250727378816,14.856739376027694,12.736243004939372,11.956239570705618,12.864462560963476,11.23045526205683,10.613402713599593,12.735185072772033,11.256876762518239,11.441188791652976,10.62415353150859,11.895516439339522,11.484387633487477,11.386172511971843,11.314280637595635,12.367677216605191,13.673797162892361,12.230001403815685,9.992755123993103,13.95419358915216,12.502509206038587,12.585732770406246,12.607165748699206,13.17185213807551,11.566207320086852,12.947063338847512,12.050630160202381,12.025944840346163,11.228805751276319,12.960957100867848,10.940627333727882,12.274714099396387,11.390287255439851,14.404226151383453,10.418080672429312,12.910727333405903,12.205024879788146,16.199275590561093,12.22061497260636,11.748352938662377,13.382848758912594,12.247476813403061,12.85909075359504,11.126791096108693,11.570643615624437,11.852951461161602,11.71030441271805,12.070883581347015,11.67519778924737,11.419749714572522,11.4635439222615,10.64305932493968,11.826021268953275,10.523912068251882,11.09227463572121,12.187040140508179,11.506915124391783,11.823681197860294,11.142386577963737,11.20403578666021,13.43529512377643,10.25022629998278,12.108706901999073,10.748249848954595,11.803641368220548,11.889436237198986,10.730016159492997,12.076239184678322,10.930011756352942,11.907628281694796
12.904461854292876,10.316356430372082,13.374913503996275,12.917504386054329,11.25768815097815,12.415481861348091,11.55443671710606,13.27514374797385,10.257787339736316,10.212369981628573,11.674808366555903,10.707159489622462,11.44349445704467,11.943952797399476,12.374450347939657,11.248669996098723,14.436634468838296,10.852126719333558,13.016786896124321,11.308470562771504,9.991299295639031,12.22092352442468,13.22053838363982,11.003930573702872,12.825093516644523,15.001120830894028,10.40889994787439,13.394939210492062,14.425021030770898,11.984038598159124,12.001326077252196,11.883941142210025,12.400054404077125,10.622401153058606,11.550195211374126,10.558327652187943,10.915220851943353,11.031905740020218,15.61558878134289,10.714354006506015,11.46579762534692,13.95604175989854,10.868288582093346,11.75029712774538,12.390870436965782,12.556383336105561,10.678233901510888,12.688383497314012,12.02255998381104,15.233850821875524,11.140064725269426,12.97874613177467,12.376662144302916,13.030127422800915,11.943417949113002,12.947058340399604,11.770180816254268,11.963736401628976,12.591683197926622,15.300436935905484,12.717568499894668,11.117007375062796,10.998457695875253,13.846342437603568,11.688561164538065,11.880907155150487,13.709144615455726,10.063600390204126,11.197551031575745,10.611281370979611,11.188271162906641,13.341140490247833,11.713537489462551,11.75242591926269,13.343368696486118,12.634722728578499,11.263989670063816,9.57261963454772,12.481320083852163,12.620538990155273,11.272764682761572,11.38140848563296,12.944802188069813,11.362087464624716,14.292920164481032,13.619825840246767,11.902672191141125,14.273113460651206,14.412437460721396,12.708360588226864,13.264295688354704,13.11559308454788,11.481336208942066,10.826845830700005,12.437482276472547,12.090265609301127,16.06418137324504,12.664392359272068,12.719567192259777,14.90753313624902,12.032929927211928,11.581484964625888,10.865270127652046,13.289423534614903,12.022291109815132,10.275246234472696,13.812540880493664,14.18171900319617,12.256728501078605,11.899661723650581,12.053027990671264,13.459391724311816,12.663323779935832,12.839068343599791,13.696860240367467,13.65795804162969,11.783862567903347,10.910930870819408,13.526382825932792,13.560461785762008,12.216926163692904,13.144247147534758,11.411935102507142,11.721975218133327,11.268266192747259,10.716583797508708,13.038965712720923,12.503604169295714,12.428098510904583,13.332121028382389,13.622341131240622,15.084119611213502,12.86258920608113,11.986174286822724,12.6618811796845,11.369998603608005,10.681026275549039,12.949242464044547,11.392340862012798,11.537833730920465,10.449860642700076,11.85536718506333,11.418439408937779,11.550911061902822,11.218711226303562,12.466212063370023,13.723636726981464,12.426369152221294,10.09627228934535,14.06413926110543,12.56689690150552,12.545734444869472,12.68405834192819,13.114733543739623,11.424720106620521,12.913708625067343,12.385183511966602,11.870934867531746,11.33724991276853,13.005044252787128,11.177517301150305,12.41194354785756,11.46482300529444,14.79075794307799,10.555315343280407,12.960180161770003,12.217373069507023,16.6557014583247,12.338612935649934,11.997344399008185,13.388175375509327,12.274309439738445,12.91759093234243,11.210276126438464,11.662398516272962,11.760489683018195,11.579640382578908,12.153089740370241,11.686059496182846,11.433306890529122,11.63683095299692,10.645713191605793,12.008118130296195,10.326180049094605,11.035439114198153,12.14922241146962,11.499482029713322,11.72850141744353,11.275199144406649,11.410086068460364,13.539735846567815,10.291925550000556,12.35310609000239,10.93840569029076,11.805894213981963,11.990108543213557,10.569587629108293,12.09256644921277,11.021080037341866,11.784760691090323
12.95988780616045,10.372876976764177,13.504233738290283,13.138848000936292,11.312712141292945,12.593292357483051,11.570806811559946,13.286029023285112,10.521838964295425,10.348170226565896,11.499394806993388,10.645524494068786,11.628305640495736,12.103930760858113,12.263158862542323,11.498103056210104,14.580480264655753,10.975398214794273,13.286288477833729,11.406794960043568,10.130236637959298,12.211020761738675,13.444994068796548,10.902899092992577,12.87073940639734,15.028349433232727,10.467272930264686,13.398675160641236,14.430257459669912,12.050865242159889,12.27451569447159,11.860900092658992,12.23182260389599,10.731017445276107,11.42177532773247,10.631771634576166,10.828766779898706,10.984208454979415,15.698722275422995,10.538068293535677,11.494820080532483,13.77200462718707,10.964243756690934,11.76848401757603,12.506306209756758,12.645490278673044,10.550939478130784,12.627981811940302,12.173044942079596,15.2639177167806,11.20814671321107,13.121088931992253,12.365985851493702,12.921683666462643,12.226720512020231,13.072944120248431,11.725484404382579,11.813564506803795,12.546969357619378,15.250160396495598,12.717478695499189,11.248723868436763,11.071987757107859,13.93274400660691,11.616008381159148,11.826136191082199,13.63074647771485,10.147375297459908,11.279497539126144,10.523384530086862,11.349691258476538,13.404378936673806,11.872594278892151,12.039276830554327,13.29822636968225,12.597411468864905,11.32396277822074,9.504033399107643,12.580210171598742,12.59155081549672,11.36790957280923,11.213292749474062,12.769278766718708,11.30899924038549,14.457579187347815,13.757788353954139,11.860617730163023,14.54479068054972,14.556375579226358,12.691627661608255,13.366835674160832,13.109758539474342,11.674414653070858,11.091889662722243,12.585864301716764,12.331585520572023,16.409981309070346,12.815175869314952,12.868994252367102,14.939977490078618,12.007299134628674,11.891367614224029,11.039771221911487,13.255355521885738,12.23130225156945,10.08617249665397,13.864131506280266,14.477471393784977,12.329319417134226,11.994292101530215,12.056707359694691,13.359810121372925,12.626654002765317,12.885961081320783,13.714321818968669,13.748793421701619,11.725006925980887,10.920972050216518,13.536748310478107,13.561705977962784,12.383664053921853,13.198160764327797,11.228432248343761,11.769869621654488,11.531168921706923,10.60783711383994,12.97320426675132,12.363875817894252,12.404468483720052,13.468972945187211,13.735832649633027,15.13998798407017,12.990014792367612,11.891050874217537,12.859810991830363,11.724539751464397,10.658388053971505,12.982678975111464,11.440466851543391,11.610912881741243,10.35476714353817,11.9453920873364,11.494445011337882,11.4382344467612,11.17314588874439,12.469551089608737,13.747980291964472,12.773747695170883,10.140518240116585,14.133493503918986,12.67863682413952,12.616335284125325,12.735667765125575,13.1845370024868,11.583006571985276,13.332237911203693,12.303360994858625,12.017205600293112,11.334065664532357,13.119823445666574,11.194560290253039,12.123264250260505,11.731332460523092,14.924383703382,10.709249955164157,13.051896714764425,11.94349339286508,16.646956283090244,12.502323043635904,11.915583247014181,13.548418486678157,12.304117104710818,12.718275430471568,11.33864402786886,11.513603933622687,11.968838526455482,11.426418900308109,12.275835244955438,11.563877167245234,11.413514325911189,11.64182402269715,10.76433605217217,12.077204875258074,10.321412155342008,11.005730075617379,12.345216188403738,11.337194585832046,11.686429738915738,11.528983141185263,11.196092539092295,13.715823388956057,10.44305498225403,12.537673143964984,11.01259915540592,12.071747323795446,12.184098321427777,10.534660473273096,12.229384080700417,11.203854751488464,11.809988081312154
12.82925595540205,10.44451564559585,13.531736986494582,13.16759409592632,11.249010529414477,12.891238641272167,11.608637471309809,13.330233225907595,10.440227392487307,10.476332562774315,11.330194835669992,10.61419761033116,11.77885660109301,12.225167236119646,12.16890829021855,11.319048051159951,14.504181845611292,10.769144869571186,13.453336909835915,11.350573564837685,10.036128660789801,12.230270691283376,13.657232124983505,10.861282279193512,12.8888967263349,15.085947929965155,10.644474194540779,13.362709215754911,14.412741547357738,11.992337583199093,12.271990270186988,11.88879540957289,12.229580525444044,11.019786167070084,11.63910696595774,10.669129902685517,11.084080356350729,10.93766381484445,15.797638276610328,10.6292755591396,11.441517607712928,13.87605214052473,11.080843267060411,11.861837852020406,12.409595370981771,12.968412984818515,10.955706864334903,12.527332279112162,12.115459678634684,15.369847667418671,11.34581970305047,13.291513629134338,12.731517858288452,12.854242028580463,12.504033711806258,13.03575409890988,11.77184035151388,11.66280216233129,12.729657310121052,15.398084135807187,12.678360123401253,11.26039580848617,11.08896528106727,14.109672639563733,11.566756547299462,11.756471536949508,13.641080219945486,10.041763388784812,11.20396727470204,10.651073446611731,11.54153921528251,13.368892837635821,11.940154797409305,12.134232070734136,13.43849210263201,12.51495774512507,11.295658106358866,9.397081493963434,12.78589354066881,12.350355551851882,11.307387119271297,11.252802684044958,12.828367853160389,11.30958537775631,14.477264049081146,13.579372988447629,11.962575620975748,14.578293559045104,14.787616591025664,12.678091543844541,13.46728432080939,13.135277559040212,11.725606206822395,11.188777235900062,12.770680651171897,12.20172060325314,16.565075586174792,13.08768177005695,12.986423067618494,15.312102589937213,12.102185850894504,12.246903525714337,11.087781860734637,13.37062279258944,12.3586382117748,9.90954726619026,13.753241906457193,14.604961001915616,12.540013928281379,11.98829441354156,12.380238050982292,13.449275939506489,12.66823168500008,12.82978474301868,13.849898959268286,13.833591588952938,11.942609889957664,10.890731194554602,13.387603000750161,13.49026240337954,12.491438322327296,12.988271656059279,11.339599852504458,11.800486905892038,11.59879223999375,10.65328778315959,12.944302768379174,12.333031446887501,12.313470811122967,13.571406050326605,13.674246339755637,15.347974435848165,13.129682284352748,11.917668814905625,12.772303268197048,11.703494443308658,10.649318512870108,12.854749204827062,11.539966105122778,11.867094089829411,10.420892294823252,11.859207077393703,11.346575081261623,11.373889379581605,11.199073362388324,12.611271268222197,13.729575640251447,12.85853325800968,10.094047277678285,14.277005897064234,12.608993338051564,12.70907825195709,12.504336583047948,13.128482275823963,11.738117977050107,13.483316379076843,12.32030514688042,12.081759683801343,11.181313289906566,13.216859856484577,11.336205549143745,12.031987553099922,11.943044086990948,14.954241467313956,10.751047066741398,13.164242342252363,12.260603726217372,16.734270356170857,12.442229249735561,11.965640495459015,13.842942932119591,12.178325811601084,12.844539465408488,11.412827357418163,11.59498335952905,11.938793653767968,11.422815062008267,12.260630708941786,11.59423763255126,11.496844718376193,11.635237540511977,10.64087519987431,11.935688620497645,10.241013271192102,11.134374086364748,12.500998810690092,11.365743205459248,11.628773129126204,11.613627962002491,11.328311877427467,13.694254637889955,10.408186387114336,12.696032280495828,11.058561732113713,12.050582026275762,12.222996368969499,10.577856975713258,12.442576787317991,11.149411026144875,11.879247159575
13.055777209862393,10.326522499587153,13.772112978942756,13.349492159276263,11.384651811589116,12.880392516199263,11.731220343271314,13.141680909678229,10.456719781919821,10.347867980819936,11.415289232347716,10.609419610575435,12.160177521456916,12.335518491746342,12.283325300544027,11.331228699016032,14.696715026741485,10.737568849334448,13.46124647157681,11.462918207095651,9.891522395456041,12.300116755752244,13.680872022376692,10.745769396263881,12.95681873764545,15.336034908101029,10.743322604675798,13.392633673513334,14.566277640912663,11.95599966998765,12.155881147889328,11.81746735642985,12.190530738981415,10.934124417380461,11.44103154164886,10.786410478258293,11.063161193274189,10.954317470571226,15.907159578617337,10.76732912233263,11.677719738450035,13.946847297681373,10.841387721780771,11.69429323237324,12.311819654853435,13.117352665236343,10.97744431549399,12.551870826531841,12.225543234926858,15.353860175471699,11.433580337054408,13.399532632735346,12.926222186728328,12.93387704933589,12.440220207736049,12.963484736281819,11.93844253812671,11.483166329118312,13.109749312509125,15.404533231419574,12.833960035600603,11.619309043637836,11.085336869120667,14.281309334240458,11.627398982628772,11.823306024516404,13.88411837230827,10.202611508584281,11.132472805592236,10.54302366165856,11.62048755794908,13.499574563021262,11.974128388128776,12.184831360099366,13.409875348162087,12.609017343750159,11.545840509793301,9.746072094217762,12.772932985892123,12.356087884943836,11.546638049256522,11.420762962621927,13.062163494457598,11.397921589213155,14.453146889652903,13.497977299714623,12.22653001744565,14.763477847983715,15.038910833022209,12.718976491034205,13.451031464911026,13.362945025072953,11.74721650867904,11.231546893226495,12.834372021940123,12.279297455794516,16.799794840138887,13.175902636926354,13.305435448204403,15.540823805493584,11.993108424464532,12.374511422194766,11.156269474881995,13.579209566040717,12.497318778395035,9.910269746437008,14.086663805072074,14.854876989566511,12.412055947556318,11.961310572282779,12.419139696607385,13.300018941058479,12.78482852637347,12.808619359558193,14.068755439645955,14.12332294241597,12.084612143832329,10.934075319298838,13.592548010312617,13.612016758904746,12.417919731744385,13.248744408277581,11.454381063666396,11.728336290880927,11.777603983028806,10.715170597899574,12.827570337356638,12.391542093338524,12.397887567557149,13.6464294164177,13.601756374680518,15.673658026508555,13.339990717988208,11.904991447085857,12.716181057375989,11.744322027639496,10.617917802371318,13.042719984176355,11.550591469366147,11.828714366318454,10.35647743187043,11.9753040715131,11.498692353160743,11.2144008051347,11.407222407831426,12.812974617437904,13.817590507392264,13.160359408244101,10.097057029201705,14.555419289614626,12.715720431789574,12.986580749497223,12.596262743385136,12.967772687066155,11.822071383618471,13.820190995029964,12.528444711160958,12.109122327570413,11.088861356177532,13.198087747800702,11.550260858840334,12.174083372829887,11.954140440283037,15.181838726529788,10.695256132238155,13.265960944859943,12.436711501855603,16.7989798363525,12.547149957844832,11.810409162417072,13.787620544386463,12.18683489361618,13.15522556586032,11.382357779183131,11.5939568079206,11.905011553862284,11.215135159638004,12.232214708866007,11.516380962684039,11.37825137329967,11.623015504310816,10.673849323126554,12.03577079289529,10.372988083143108,11.25074886350775,12.260556798816365,11.264880937097294,11.663780520654228,11.621190243338503,11.457670977464176,13.908784002481681,10.255280655222252,12.531522117515742,11.116508738215366,11.919861876240228,12.219864641979933,10.196372550434683,12.54466196661251,11.147679687860606,11.918006222297636
13.08162840356844,10.336791988621544,13.707288295658875,13.532019559061187,11.384123252762501,13.091450315929357,11.81939631179833,13.185316248857243,10.579233690059603,10.311491638093573,11.680272287095725,10.70789542954905,12.050243770342856,12.37629167942126,12.626767026303138,11.237860706893766,15.054738308269481,10.655462481495098,13.480682741385243,11.540165425451224,10.12571490637576,12.370575665558812,13.718501212041199,10.775652341943058,12.970127952203429,15.491032381535014,10.78659780715006,13.360992222745521,14.581715008671281,12.059435878061375,12.368985241308822,11.755429611188083,12.117547597685595,10.94943992386156,11.45710206848858,10.655276258066387,11.257074707994304,10.999643886592855,16.043643170663014,10.668892737152227,11.663383664142462,14.104419727849107,10.626057541928446,11.805758114138229,12.163387779417752,13.092792414141671,11.137407309320984,12.550663250410564,12.091564675188716,15.631463325826326,11.562209581937433,13.43335102051037,12.691944486669229,12.887839286424441,12.589523804891755,13.240847168905717,11.986829807298184,11.495734081371953,13.202463094870255,15.654744795871347,12.71597977435238,11.54488235075756,11.029104962739117,14.534972307017831,11.662921800321303,11.891931209428481,13.832435956460253,10.454371450533287,11.310194710862085,10.806027125903638,11.727006654893795,13.656294739341735,12.146848508691388,12.250708257518998,13.560485736792117,12.651284490035486,11.58076561168584,9.948422324870524,12.766734285903459,12.496658567361832,11.521316301770092,11.59147725239256,13.126001765861218,11.357072836436569,14.294999642806678,13.747310417202534,12.341717879022394,14.584243975407775,15.30311156075349,12.825054757472556,13.47285204661926,13.092314759655272,11.69105473436199,11.348260097593409,12.886196020988631,12.279439527403213,16.980940481073333,13.376817189011843,13.595918930092996,15.525981944971761,11.965671415693802,12.338848661883649,11.26722470723767,13.459907613630003,12.578367095712226,10.10721127044358,14.235654319733248,15.144280405630278,12.491990317974555,12.088696715705492,12.784926720731455,13.281796255666645,12.714601416640745,12.92056392247747,14.11878341574961,14.236640230684134,12.28600373051377,10.928991528684085,13.62205279500467,13.699008730432825,12.41004721120174,13.235900947120149,11.428199614364596,11.839447804765681,12.052924075323235,10.5013107078222,13.104117247826355,12.418615651158392,12.380991105905505,14.086736608931584,13.56678643796139,15.798110232300427,13.558771058273631,12.002159377078295,12.817825411372404,11.762828391897024,10.702776464550473,13.142683523757565,11.809997892575781,11.85163904725205,10.38010298379412,12.031140070766089,11.652136129959151,11.320730556651696,11.497733494903855,12.845656623872774,14.010633277628227,13.062482303012569,10.090288403912,14.660236363736471,12.626071732468926,13.13613441594158,12.684028130814275,13.070022598222712,11.670094489762375,13.942370902556224,12.672811446078365,12.182449591625645,11.108447019346897,13.333815918916573,11.633664568049749,12.073507459939863,11.869035499688358,15.230315969432736,10.783473394640252,13.197451638386331,12.707414773949786,17.005304139828333,12.44546698400072,11.766761220033764,13.969402609282492,11.986257161162111,13.1469157968877,11.215794834806182,11.574903450692595,11.964486318389532,11.311788390503175,12.363915116252493,11.619606277933553,11.217245885308323,11.556403062694477,10.513453183528677,12.026420725902076,10.500378762550831,11.437109935536249,12.296342107119328,11.218489918590102,11.45667796486344,11.693776991127809,11.327586760750785,13.960244972627063,10.37033569520636,12.616246931993139,11.323442676835665,11.799196587722086,12.136521765361842,10.471905743405417,12.587468254523229,11.37787040582818,12.151444995325997
13.234315260959121,10.309123777708605,13.854668956050338,13.695546872558019,11.416273783705018,13.41830437126733,11.549690670533405,13.006553441674033,10.525804127724127,10.156449799861143,11.793476006494412,10.715216883705388,12.253727362925344,12.497743638753045,12.585964940665514,11.361366553453282,15.142333781973099,10.573406580372836,13.53704850153448,11.742873727066058,10.076199000344658,12.537931706814152,13.992867644949365,10.826134837374745,13.235758867744526,15.828688349352154,10.856072708583916,13.543124925308742,14.911167397123332,11.99552869612384,12.478200365905156,11.690201443154448,12.160437120886021,11.061917800590129,11.37874195195661,10.49499108257755,11.418169537401614,11.039310833519563,16.23120136498278,10.612877724698247,11.559684579322996,14.249206235775278,10.507912386885213,11.94567358202673,12.289354338264552,13.291439588706629,11.38920778503279,12.670731006613137,12.124125796511175,15.700366167634384,11.640269292789934,13.470144327969654,12.796705659917162,13.220883535711891,12.705747994749627,13.251834181145593,11.848841676593992,11.666021698914628,13.146444496398512,15.87001377067422,12.962481254640664,11.453275455220815,11.066496661447665,14.623048501431086,11.544496854751372,11.97052396595776,13.858400086900888,10.430046205962816,11.313824717720825,10.761109784431731,11.600048911403137,13.599647194924316,12.431367598354871,12.212354302922723,13.95992864395699,12.637109558696132,11.512894472922827,9.903744058604977,13.076119986600526,12.48773370059985,11.541789565323349,11.81791142428805,13.105707956836499,11.232872320265004,14.340848416649518,14.086074884076826,12.476514558715335,14.774639186966574,15.258524856732926,13.009761541170962,13.52434041146186,13.345789525527868,11.609034292079986,11.321693527337017,12.822500759767163,12.360899036299841,17.285326968765023,13.354195987959601,13.451731428581258,15.480303440653737,12.020537291666338,12.74760107939482,11.275765372283756,13.45099982911467,12.754338261603497,10.041215186604004,14.275814512706614,15.224319736061952,12.67793456933414,12.385007697634341,12.838405306151612,13.461012120128316,12.804335566541134,12.80363383230936,14.406202880584,14.525701782683406,12.194504181125911,10.885216169365135,13.576509002549711,13.857262569564043,12.568827219483708,13.28994002423342,11.440339539385208,11.7500851258695,12.073673924305526,10.437708093572994,13.045525284189724,12.727104197529314,12.5986962321148,14.388610483061724,13.74701430836592,15.981380781875359,13.822146986223624,12.210244534423484,12.760117395138575,11.941489334298598,10.512028377085054,13.215090484611148,11.769719972155674,11.668799156313113,10.688312188641222,11.791353353551175,11.554045491134849,11.315612925108518,11.571522622118115,12.950016660346634,13.935413410931126,13.25024472742149,10.024024762601531,14.598834003996442,12.744611888753157,13.203753081089786,12.601128803612161,13.032871831015193,11.652832726467356,14.24081879124141,12.742555307000305,12.246451544127451,11.303139262647742,13.616257383160312,11.793012423057434,12.073154656989676,11.875406322762895,15.264152216978871,10.639672443746628,13.395881855896098,12.852574487664523,17.081324365676526,12.403434718692225,11.782639903492303,14.14366976636192,12.069725642671644,13.160817909427156,11.125814558982567,11.514784281360871,11.965221318507371,11.45967518373144,12.477306824681168,11.795740235357538,11.160764916533077,11.411735254437549,10.568224046793153,12.161977444016209,10.68019787056374,11.423967406823092,12.299463281369345,11.18148817164685,11.454504417985142,11.744850565753827,11.351094839131859,14.102481063975691,10.218969455201778,12.58317202092442,11.36262058662095,11.893449088234796,12.030398142192222,10.395596789218994,12.388910457947038,11.431443691247885,12.277279514611925
13.49029016426259,10.47811332417035,13.890632330211695,13.824489025813302,11.278796422846371,13.469199162550321,11.562516076316262,13.237105282243746,10.207560250742208,10.199191752592741,11.789255522215006,10.614572749377118,12.047643498675786,12.625756167648829,12.683404916018937,11.515779373703275,15.2834036966366,10.699547162980183,13.680864182950803,11.909068574382099,9.969423317100253,12.379327326475304,14.193044800090023,11.170210616914439,13.042326040189545,15.973726458274225,10.789709761064962,13.585129202067336,14.967239551603248,11.886620401008422,12.57727215992962,11.694742442351936,12.397387888638058,11.193359592118252,11.551668730772686,10.673811739688167,11.561797677641678,11.089369523523551,16.408526564221397,10.687263119839647,11.779635129678885,14.027512827957135,10.540727298981936,12.110033385951384,12.260670017205516,13.615238006231476,11.413247486033121,12.64395516820163,12.083547678809488,15.879409059125983,11.817114276555353,13.439103618547414,12.838991744148434,13.100097779701981,12.856469830366208,13.357227446837646,11.946931199415852,11.71098666465423,13.222194601856605,15.816638933559839,13.106895303147652,11.55797841844078,11.018088820715427,14.71949968030686,11.666597903782959,12.205446118621076,14.049749157640916,10.37404851539695,11.194038536881026,10.986249963385617,11.635099286918388,13.650451885155777,12.3118663943165,12.316186277234104,13.897137027270553,12.538452893529128,11.59756309457179,9.94576054240968,13.044588002681675,12.60014192029638,11.618129652833726,11.867516023098403,13.150955663685185,11.274104191843884,14.228996818335677,13.967018989518705,12.894983558232965,14.947060657134857,15.306108089467674,12.947709491052361,13.694985218306451,13.385241955087546,11.68329487864695,11.31880991088435,13.015531627507775,12.594065638632179,17.534539891601764,13.197589065431046,13.495252161119584,15.737236116549882,12.058387698529003,12.876988840965447,11.441475546548743,13.573977023474127,12.799139614995218,10.190795310120558,14.38220081418217,15.426820816534802,12.798106123758927,12.309984281362018,12.896712625538974,13.221102887506973,12.90783555533665,12.869694727788325,14.838764765356672,14.631128798885918,12.207055781400655,10.877867928573803,13.704763526861377,13.706012922587535,12.649974261892233,13.126781602767823,11.368065354469282,11.740919316549345,12.191190823965174,10.59456828326099,13.080255258618344,12.688630710659607,12.806807166586967,14.510289919478257,13.698758278451239,16.22802945048071,14.162821932473301,12.072160163109476,12.780265671590136,11.742000880176354,10.541638972836246,13.200012704661091,11.986905957537283,11.698028112477946,10.764520129542024,11.711352102040863,11.692123147283533,11.395983666602707,11.795345746229595,12.925698018765276,13.998127262305832,13.159914368512348,10.200727915431418,14.795388121272168,13.08510111214622,13.280827703288331,12.616667095694739,13.21301107463535,11.758534423164944,14.381015127459062,12.615012230433257,12.171870685085349,11.244992162545131,13.696792697326131,11.748394953652625,12.16771870765367,12.03886640743378,15.501667682681841,10.699624272353168,13.607060807839192,13.083304536086306,17.319594318725635,12.512540896326557,11.74210576659831,14.535328625305397,12.115304263477155,13.262302681037978,11.10337228017856,11.691961721673565,11.969178198128168,11.547128862630133,12.518669807111765,12.032537753629708,11.308879197568045,11.549065009191821,10.643472916301853,12.246546101572722,11.025677530851338,11.243621345094288,12.488875638987658,11.040799540461117,11.517918993829626,11.652481761069367,11.506218739644117,14.171649537168719,10.18288572694456,12.968491286881122,11.433977295484201,11.801023133507588,12.037886938610002,10.552513050889663,12.63413897726508,11.326456502439111,12.316741290986213
13.475050551685243,10.588226094576067,13.802826687186437,14.098897212443589,11.018352521504905,13.570619861330549,11.588703802396322,13.41188576350078,9.928364361131047,10.103989244698845,12.000369108431173,10.680690987758192,12.014549584723646,12.684665554040066,12.772668341678276,11.641720110758785,15.51516976191168,10.854504260500503,13.89479696045878,11.843075319132224,9.922032364151757,12.5606728000553,14.407860082964724,11.210192321331236,12.839556375459022,16.0383314173847,10.937706010948402,13.629820916638145,15.378243961552629,11.918673427164782,12.64514966464987,11.97364967217953,12.464834400429117,11.383759674285267,11.631354320769614,10.782172786513819,11.613212124438036,11.114241304541112,16.754289830888876,10.537839690770632,11.873303017762703,14.206464761952432,10.534140300817912,12.216106188388249,12.35283742145737,13.62673385815915,11.41470210341502,12.731165020210153,12.433200226632998,15.95962617771652,11.989733823003725,13.538158082059054,12.617467459028001,13.136211277769545,13.229119381931481,13.499603128797235,12.097577135338291,11.736795438367357,13.325252708118542,15.911485781752269,12.990773415555772,11.734162855281308,11.202643782784788,14.840085340340455,11.642296599305174,12.116117646789867,14.084357721557524,10.668827699260769,11.291941449756258,10.984735045459791,11.42172309742215,13.641176454578519,12.341909432095985,12.553803643935396,13.906237706332648,12.503587180046367,11.699414434736994,9.643087375916306,12.9502762731924,12.521122783966662,11.748911105427755,11.801126231052969,13.1393438685643,11.146604845865351,14.479579902832176,13.905823710967592,13.157369862887975,14.907279696957149,15.247292931797759,13.195994616744313,13.85513755976609,13.344130643683453,11.701522382954298,11.568297220369836,12.93390883954175,12.9666989483188,17.714429514354176,13.349642201255133,13.46525270252706,15.907719061592163,11.867486905258708,12.782562821780145,11.612857833178117,13.479608918936604,12.511341147745044,10.019431639620612,14.399617234635155,15.538806820682156,12.88103135477212,12.011004646247013,12.887164549292963,13.548523563904915,12.959252332243123,12.84704605410822,14.914600951693613,14.694587348385017,12.013770355639005,10.912779226617245,13.902099583268727,13.804003708379202,12.625930889043646,13.206260248777912,11.608657466484452,11.810213844721936,12.113628928144458,10.734683488461428,13.261240400543171,12.759712851764212,12.582762014952026,14.683424164025212,13.551974032619178,16.294862054952826,14.236387694641408,11.857447212727799,12.686874969010738,11.900708446834647,10.524803980059605,13.333483219919305,12.286875972687108,11.832752208910525,10.748520516816045,11.57862963243113,11.882553515506752,11.479174020637084,11.819612887347862,13.191367897066463,13.931614433585114,13.294388681900038,10.061427595607544,14.785485875968464,13.080356564655473,13.508717917808703,12.651415795419693,13.253777453395173,11.704480249192567,14.797461619221522,12.536229297908848,12.108060715423896,11.24733596068725,13.838269322513916,12.155116782751797,12.01816090987197,12.121027619041977,15.869617312753228,10.741142366143187,13.728997648990246,13.32321323393225,17.588683021198563,12.564230516246777,11.766363908068705,14.661719004585553,12.032120556915489,13.547578124175383,11.311627896220251,11.61837581497977,12.092109803609015,11.663098292556889,12.556742951756707,12.337249092525408,11.24674613582175,11.420612132870804,10.641425233651118,12.005615082171916,10.775487135371904,11.173311337638866,12.429581561604262,11.109927319024461,11.5708966562129,11.582566122497417,11.707480480342241,14.259849684650192,10.109508422023026,12.917823971300745,11.504071663907213,11.80585915697264,12.01782036676814,10.723527326929954,12.89799982061696,11.386246640866974,12.222361551305184
13.564759996064247,10.685098131789678,14.080834278892208,14.105336204504106,10.909341474634656,13.746092223169157,11.497107601631923,13.272131925804905,10.121674223689688,9.963517351436423,12.021052567000751,10.53160339644331,12.114840712617356,12.806752859795104,12.75118463477099,11.585558619987935,15.768430430374508,10.738266863219085,13.943632328281936,11.775678403338956,10.043385925678127,12.56176601705694,14.604245902928467,11.291357092226335,12.890076058780306,16.301958153899594,11.101168620846886,13.616849669280496,15.734675750713627,11.881385017142458,12.67629056716237,12.159680205776894,12.613426342045882,11.24790088538502,11.579573278865308,10.840608851446806,11.55414116337848,11.013422660220368,17.002888486685574,10.839561604921844,11.921098475208407,14.157435913841805,10.388477317816765,12.103503797410704,12.436735449361237,13.70758165825428,11.46727088255452,12.805416562426732,12.551655231742082,16.134200020957397,11.94303139543496,13.66570525347707,12.751687271952404,13.202065900012295,13.43491012062797,13.675371718090688,12.352313991201235,11.713998171312735,13.466255398364352,16.072771953228262,13.095743933941215,11.715516943454421,11.20640367492987,15.107588326560288,11.638191701741167,12.178447905439898,14.234361763032695,10.5936441768632,11.525936172328684,11.15902211929378,11.67790869461912,13.705532656590636,12.357499888869455,12.866537804407507,13.81323326039775,12.487457372451617,11.693629411898911,9.457761222466116,13.24760507288015,12.558757652752478,11.936348547695781,11.7434184312097,13.353936780546327,11.242335723901634,14.650862530099312,14.052512847955569,13.287002668243925,14.914266110393195,15.471066441340316,13.347942818082243,14.020864200592117,13.57452161473044,12.085208855829896,11.678256426562955,12.987370134250947,13.068656205102624,17.834977871610683,13.497317430212668,13.503430337644778,16.339084845165708,11.819240356978597,12.905371195630853,11.671288077635168,13.66850939959722,12.633546221536696,10.048344257651943,14.588230280798479,15.64584506779127,13.12300737594277,11.780389777853856,13.25416051954478,13.628798835329523,12.914069499581629,12.948725819760051,15.11514671833757,15.026996345585747,12.051874496895614,10.969438132900711,13.942764063977553,13.765911613492479,12.6592640782054,13.219095478348251,11.721357929018712,11.715762794248665,12.193471652811697,10.569694565838951,13.312204631896828,12.85667031079539,12.400297146782268,14.717901715069797,13.652158453139986,16.64224451080056,14.3084996158806,11.83606499364886,12.69524325655752,11.928679727679866,10.663119485036114,13.077542775649095,12.369359210599962,11.807875991218653,10.637342984574072,11.574719462910306,11.571472010686037,11.450898838787122,11.828423659648077,13.180453672885685,13.98659145527118,13.287421217080466,10.100626485598337,14.735688273860177,13.001839953161715,13.477139676324132,12.61049875086097,13.302295066539132,11.7893026392799,15.04063238612912,12.758387595357416,12.169245405111893,11.15270959933813,13.850395490099679,12.26097107985759,12.26329844922004,12.19462724423765,16.08893629140271,10.71427332516839,14.110782374392027,13.262417054289735,17.860501176330132,12.704871799901644,11.900063193006549,14.854230031516334,12.221415381601584,13.57796924064126,11.336562439708445,11.683714940893577,12.167849751354542,11.621818524169013,12.46534921939029,12.466957799831633,11.401157951365379,11.621628113279002,10.429194079095055,11.94675563562445,10.819826426870213,11.038349496421617,12.477901653552099,11.149470905135809,11.522386928310098,11.822297631913267,11.893704968329963,14.308993230075648,10.061192557732062,13.083066016594666,11.403701902134085,11.802416755685712,11.995933210591794,10.757840717880917,13.176889476873047,11.566165929728653,12.256760244323312
13.708071473978196,10.858525481535642,14.023470265153156,14.344221646789588,11.102227426252716,13.959664319982323,11.604016975951835,13.294792241748105,10.251754787113997,10.068952839719582,12.08850043643054,10.678874906295455,12.390521037152832,13.104619920405465,13.049225199137034,11.636551981964487,15.900629842070174,11.105703452136673,14.003969164210503,11.905466853700656,9.990182215452922,12.74633075251035,14.506665150394424,11.344134047500534,12.792096142197794,16.166688038803354,11.12523440210954,13.59701937800724,15.948118441080286,11.909400325236343,12.8975160776819,12.259014115629626,12.779242136115673,11.24298946591711,11.642382607194783,10.820964507265295,11.788203976865653,11.152560343127483,17.149013841904445,10.92765233963524,12.055701270406352,14.378416220322197,10.243167236707443,12.274870972305973,12.394537676610764,13.697934977845092,11.564573846372804,12.9279159739582,12.960657181716066,16.40057308456749,11.794974695773526,13.717881704416472,12.919483806101411,13.230421374211424,13.374722899649104,13.607514879685157,12.578016910099995,11.99048349487559,13.442069631635395,16.21413135065086,13.280248857437963,11.7455577922796,11.174296284603706,15.197713839285157,11.746407309408301,11.965945401618532,14.41964973206333,10.589177703488382,11.541379904845344,11.316430992820594,11.929586388602802,13.944055021281072,12.340796619844033,13.107499647067979,13.836809177950688,12.466668946550655,11.71883087026421,9.461498099244555,13.096668406116688,12.6598472902033,12.119440591904986,12.025923338922208,13.54713369699432,11.40553247569828,14.720380755912638,14.131895054350416,13.537957567419253,14.980975897282732,15.805678259861496,13.482031069012733,14.064536163466173,13.573104765491806,12.200164988268636,11.865943637398402,13.104387095652175,13.097855088498267,18.108078666465516,13.432018270065669,13.459028689647962,16.633161474245664,11.772733309352645,12.970805523135466,11.643152133080047,13.918519357682339,12.70206087145277,10.014948833883974,14.601664607824134,15.97248185781913,13.202459912055534,11.798217166912874,13.346358264321857,13.792444679366069,13.169037016638837,13.007720806692848,15.531865622985633,15.306217220590943,12.289823743021858,10.97228142485358,13.971756992400733,13.82779699965355,12.754795025943075,13.177348076190524,11.688050277327621,11.602650619249612,12.07499572111436,10.532743180851261,13.55828166502783,12.675543402338235,12.608460288108668,14.83414939056375,13.616100949233639,16.831056638310358,14.555064753834056,12.028662382087218,12.659370317154742,11.887130699844954,10.525461256982403,13.143861739198737,12.42580283854062,12.142370042163058,10.576533463622864,11.60952286972463,11.55811970460242,11.524992493328742,11.817995324286647,13.073945299458817,14.198364607806319,13.270979156878798,10.14114902316413,14.85671542552928,13.182265621807176,13.747098324629814,12.680256575716891,13.430894716825525,11.520820846213475,15.148075514372469,12.564808875627378,12.182533857229389,11.191195915241842,14.010185061768505,12.144064692064529,12.37418042829472,12.252723180471298,16.284122448030402,10.745182966329391,14.071503176747544,13.19441273595235,18.23855046630362,12.628792817565587,11.871558506834273,15.11386387085784,12.321384623108301,13.54872961309394,11.359989937220952,11.667910056347676,12.133325091812202,11.812169551562826,12.517703915176874,12.520619191040549,11.416385233926984,11.719129314330061,10.478164975116258,12.00979222503925,10.95078612896313,10.926914969739242,12.562726559739595,11.252748401257366,11.50026116340636,11.857813765210162,11.92804797104312,14.487438657787578,10.14158731084004,13.380764636373371,11.592064328001323,11.824633465660076,12.19624921034886,10.818019231208128,13.543271987806056,11.553735696433879,12.148021869207042
13.800551890992487,10.907092750708067,14.117890222606377,14.680549323398113,11.176528004860055,14.31534791188028,11.812016874198726,13.149763156291309,10.27499878448006,10.25370798671173,12.114630329757043,10.73108545065014,12.535834442680116,13.361612162101059,13.08880700295521,11.669365961784154,16.050063320715058,11.29994569625691,13.994282000461894,12.10075727296562,10.043752629892087,12.611765928993966,14.458760790482499,11.303245968322814,12.864191531692835,16.578049162961598,11.095888658537122,13.528190258004575,16.067295186619262,11.861292762898012,13.113328325883538,12.363078050082873,13.061283690127862,11.240940629791606,11.712369535007756,10.586168610199849,11.925136791352418,11.202368756668877,17.69532962064873,10.935226122165815,12.088933707319555,14.488323797987498,10.39674991827906,12.41044972396938,12.517289633009154,13.66885439360986,11.673149980520138,12.977007330021815,12.948543359435682,16.45137448231714,12.006173947561592,13.832295159579031,12.929802398666752,13.136088182083661,13.503874786819537,13.697390692332467,12.661686195013893,11.946789641959331,13.66651234578707,16.62623994373769,13.444785010463654,11.592514845479853,11.078959596765419,15.44147739503789,12.024132797111996,11.76890614517859,14.531681617905232,10.561372983411697,11.627701362864135,11.285740772441661,11.921127296488626,14.263051605753496,12.22867564013185,13.356811803120586,13.757966727335376,12.425567166383905,11.931785160237512,9.462175438290656,13.10451159078734,12.708695042425001,12.501176207187516,12.028378684892035,13.638148997314513,11.71508426914377,14.853366723063447,14.34013094230394,13.837728201268321,15.045769178826655,16.008829449058265,13.269157834710361,14.155004678260305,13.79499543863168,12.288385607953623,11.770421447431746,13.328158020515565,13.460365814235898,18.45168913484194,13.430674514404128,13.412383459121061,16.61616752139983,11.637635448240218,13.051698299112896,11.676455027030135,13.969377052108655,12.75159920806437,10.109492820462377,14.685862097297557,15.922735227334053,13.210223399862649,11.535065154778145,13.234136582686382,13.722251842915576,13.275422731655244,13.169672522881289,15.748720903870042,15.485460896771778,12.315607835905483,11.003654382534027,14.108805513268983,13.871575520779082,12.853957988414054,13.318871112006876,11.537131561994554,11.559581447628569,12.326404143323979,10.533581251962175,13.612145894734876,12.665606728570996,12.804731888357264,15.131830759826991,13.531430529254159,17.199630964219736,14.696348849444885,11.991949455202638,12.740418530170809,11.868589820728612,10.541716133207633,13.295453959670198,12.599496213555984,11.979240467626308,10.740946107508734,11.597881018770583,11.423493785252155,11.675033982220151,11.952776447860312,13.040603377744313,14.181512315382854,13.408165646277688,10.084207683732398,14.869340135483274,13.178916722923839,13.939923511761368,12.665734726009216,13.450466184369903,11.524564540101851,15.508914202857522,12.831497081926917,12.197584229818919,11.385940692915742,14.201797089205906,12.199175650339868,12.384921144504826,12.356516903022415,16.613694527870294,10.779518786367582,14.231510543698437,13.11659614924668,18.667600095515017,12.550025801857165,11.70752701266814,15.282867428631686,12.340436875984363,13.779748739302676,11.69476078228408,11.445686947728028,12.07921118295353,12.024647698891123,12.567458136903706,12.735852360761672,11.284785529816306,11.730378063003226,10.364705661201992,11.770601438790644,11.007750812062094,10.947498357843758,12.348773773381042,11.083607493148934,11.516523176799206,11.844957671053859,12.019118957634301,14.542619948995839,10.054822577664746,13.350828404321634,11.46835177432923,11.527395282258723,12.108271203856063,10.980821514146003,13.554625580879838,11.597717782853403,12.203294533671054
13.913047752038386,10.869740838555039,14.137062007541678,14.709230978801056,11.357832620702306,14.746128524808398,12.037388641288471,13.33061545794391,10.417217709211315,10.328090395930847,12.168893551924018,10.752664886469436,12.679187850350548,13.50117281209147,13.119807590054158,11.821117069590146,16.358865597271592,11.392919359232073,13.845941705696909,12.014486041453537,10.029881197107994,12.592529397790782,14.989189529317862,11.37668321496625,12.89137782485313,16.833650162889512,11.073950958204144,13.704475899426326,15.980643748464926,12.103119330162032,13.273047518468445,12.466181565093901,13.083160956276695,11.166542763821033,11.481180485936648,10.814260175832974,12.010010964203483,11.219629209474483,17.982282954110293,10.782519795160518,11.926920510111874,14.480175668130618,10.498616696636576,12.401769153665427,12.385706167309136,13.81275225942332,11.819023473006432,13.083846721986692,12.981920411616908,16.686512005066,12.151760214998376,13.822443227895551,13.085972421362914,13.11884771095591,13.700086720259243,14.060329636370476,12.845626919624207,12.039566142391797,13.695787261325016,16.58513555250898,13.676991566208672,11.744017595352718,11.104239562076495,15.801741636679296,12.351427876870366,11.764527172230345,14.829812964912458,10.634280905167063,11.75051156911327,11.322311245404228,12.04706331592584,14.356473797007576,12.19824951498961,13.478648984469913,13.79044721406677,12.500247451835623,12.045007964140504,9.320939577276517,13.254840874231606,12.736685934576839,12.790975563425457,12.044074641166192,13.60453148289607,11.687061798100409,14.904690169582288,14.63976131741422,14.148409109403598,15.020038662022381,16.07799329877836,13.761956156097279,14.261404187559329,14.05348481155494,12.194701715614954,11.763344836222641,13.243907386588035,13.77392715876556,18.73586067986531,13.348125761352357,13.303273268769473,16.60102117720972,11.612488624687176,13.145294148493159,11.868281523592284,13.890061092799387,12.85465692954412,10.309787531417646,14.81501902010984,16.1413447443338,13.245054413146915,11.753050420395276,13.279364624633304,13.812318842833168,13.36895386634334,13.226948870429714,16.081709487012077,15.507817246616854,12.468375671334497,10.802195202720341,14.416017093154577,13.8047559536621,13.057701096449223,13.399313994256255,11.569804275566742,11.81329545046439,12.263534828516345,10.59963038537726,13.796049209510066,12.618629359058763,12.83658567949775,15.163773658302423,13.505614414387711,17.468459415656334,14.792929762631733,12.112278418989751,12.715071075462015,12.113878450111638,10.620018926810499,13.471094376462283,12.503013028958856,12.090587231248902,10.781669441769202,11.891372493114144,11.49847599213193,11.64416326021191,12.103447900415016,13.085674305310139,14.321612475030769,13.404358250233537,10.2332234315727,15.068508090686645,13.57971104428366,13.85410049197315,12.624303343280046,13.630966223694307,11.669504152500584,15.780693458377716,12.894706412043252,12.23676457155999,11.37671372866249,14.214928179603822,12.418385232887825,12.468631597792188,12.44655734508178,16.997362478751732,10.894080700818588,14.36167163421418,13.154565244904369,18.95870997964122,12.669478889092847,11.637847919592858,15.510259142536789,12.68815867979093,13.950430295277975,11.996195131424388,11.399793023304467,12.02952390908121,12.132796087761506,12.218699641469462,12.61089442763535,11.428000922782116,11.733752134860389,10.300772548848027,11.783444696083668,11.050563788581243,11.061777627244007,12.636568051786629,11.193017034155837,11.59212998166105,12.016486979698502,11.897789412186597,14.82377051952124,10.1870325600143,13.57887214440871,11.524551354748718,11.656126080329818,12.073626939509566,10.978999023094524,13.59704504800964,11.767076975997142,12.21067578730177
13.884449762521177,10.834225511179564,14.41957161794312,15.148294070457109,11.220185229034769,15.145822035432975,12.233395062266515,13.478527719623052,10.247854109546159,10.356783950697992,12.211906060880212,10.96786511601716,12.781744878740726,13.762979885184091,13.376630759856525,12.064946332601412,16.520866721093405,11.538270177012734,13.830250603204577,12.35202793532993,10.296002402117022,12.830770529645159,15.127676232563061,11.234790043066353,12.888331806580686,17.04887612415354,11.145119031272174,13.64777553197416,16.098736446894513,12.54707551228235,13.274734658282123,12.454815276956221,13.17888103415526,11.154178280212735,11.63571612409099,10.871597486097132,11.77860417244613,11.208952710204874,18.176002995768897,10.945346885470327,12.126121998820299,14.538380829721858,10.605647390356266,12.175639428320645,12.493526744804996,13.89869028316513,11.91394840105107,13.071079860722874,12.914598003465278,16.84307754400645,12.26808304345988,13.959953614096738,13.178215163978612,13.172381529008428,13.778454775265292,14.00796344139118,12.774825638852832,12.178548440740885,13.664396510410883,16.637529964934547,13.781570298201437,11.785361757368788,11.154834590451102,15.953327070808971,12.322592078868025,11.613673163970184,14.89683820764871,10.841286532116987,11.647837634350779,11.408864701886573,12.194710716982172,14.59812279588767,12.155938045076349,13.720493506598014,13.837162995586352,12.354139108915565,12.200425635846656,9.283143549343116,13.261572381145644,12.587274444925404,12.831259859851151,12.041329993006622,13.52494588271614,11.782378687702804,14.937272536315016,14.617173907164377,14.366962607145815,15.025085242574972,16.172438754963927,13.745663304285932,14.262693383785297,14.097097399522243,12.223260633812142,11.797222639653798,13.433143739741451,13.962966954184637,18.896718729593353,13.541617546933361,13.397337677060134,17.083172709323087,11.703295780040888,13.277847098521972,11.977292070260035,13.971261600652264,12.686049535714222,10.211927536343888,15.030778374422695,16.44757394303213,13.368177745498425,11.74783138684241,13.505436897246055,13.987475981389773,13.476720228438316,13.188421309101715,16.41074172638002,15.74857030641892,12.426385521698956,10.844578332312281,14.473317262817602,13.872425816539398,13.088321934536598,13.29444216832163,11.61306664307518,11.81705760691021,12.364186243276372,10.706040669503949,13.72931401649668,12.860733578789446,13.036449986572048,15.272573999756137,13.356411314560523,17.86076834343223,14.787140550651014,12.098999369964893,12.73652062514244,12.109728302380027,10.549134773042391,13.685804105487499,12.654226296157894,12.227724300352337,10.934009775184942,11.812418875523267,11.481028201652261,11.791675732428342,12.354009798782275,13.150151407531162,14.424482121928397,13.385883348197709,10.314160462185706,15.161823041124668,13.811278451927791,13.901185433075158,12.577443247220476,13.817813601018962,11.627904097586535,15.711080075032635,12.850748198775232,12.379772532019478,11.326362480579167,14.228929842258868,12.61390403606638,12.588597566016553,12.735496106391249,17.12061962283993,10.875169315935464,14.5075736110123,13.060183286998589,19.147152321459778,12.99175666799416,11.77632868901798,15.73060621087811,12.827076642887906,14.117951111511672,12.04060972777934,11.344069324552743,11.931641192516388,12.087651155186805,12.06898080156751,12.77890394689533,11.789180140693366,11.591241832076841,10.442906259639443,11.940701046888414,11.040534985823152,10.982203479810101,12.644864542454007,11.291652544310363,11.58555279077117,12.282890278203105,11.88638196472376,14.802487063107291,10.346734502646285,13.506969736029179,11.462088454971447,11.900519928115695,12.307077957555174,11.090691579880332,13.931810927867872,11.964269110892966,12.214125736155507
13.96046462612873,10.973969820849362,14.4618815586818,15.503503824029297,11.142194898285835,15.538628530979354,12.155976446913119,13.624394484822709,10.227267230209943,10.407814706502903,12.256162203396372,11.154799159835294,12.832243114803637,13.987352657592023,13.62728081049842,12.203464909958209,16.79853105857545,11.493118054916804,13.850846014329298,12.343508509369382,10.478721396880566,12.916853085376403,15.307641078243954,11.12506594045868,12.860898435133173,17.175029104509527,11.282005394621565,13.806124572117204,16.389729579006598,12.627537179932729,13.303581684615454,12.617565654066745,13.341898224335669,11.135655305726251,11.61292614398562,11.159164553162295,11.8023767290484,11.345862064909197,18.305429569093864,10.968249261110657,12.372099130808289,14.684807160467177,10.605265376964036,12.199871416502265,12.369138777861103,13.900452391388615,11.87375148982692,13.039062791381415,12.867334330476371,16.945072913138986,12.352709621039583,13.92596049989391,13.32142903091346,13.042042830578481,13.703096952440825,14.029251530697364,12.882697298998048,12.522398208473268,13.78653949179566,16.704644022179288,13.940629676885958,11.708658978761827,11.34011964366034,16.09416442115335,12.425370594286107,11.532994107439094,15.075308621826256,11.043927417760324,11.634695356428429,11.474541641037252,12.292060852964742,14.460882194748745,12.059744438202628,13.661494400064342,14.102462442082416,12.325618668170485,12.243709078739684,9.066783432332564,13.295881247211234,12.56608684930443,12.924023160640308,12.133358037205989,13.394228017918605,12.051297782685094,14.957583451380811,14.732830823554126,14.657934819912917,14.989464207687782,16.456454189373737,13.879714949073726,14.2571909038979,14.311396598067061,12.052977233753284,11.741679400807993,13.609592710803764,14.37764572780386,19.287190606020882,13.768877263482462,13.644122105841575,17.195600511821254,11.643839472836284,13.139991995275397,11.987690546574088,14.134400351214996,13.000241859340607,10.289174729370886,15.268785999313632,16.670335530283072,13.256388952289942,11.783135847591028,13.788153558772047,14.038354635941225,13.589964384627049,13.323009367840523,16.73992829445754,15.79589976968148,12.460520507802514,11.169966689247202,14.194199274500114,14.051549948672271,13.065179081308283,13.416646934005868,11.664426901283862,11.968488002456624,12.420247211053024,10.78344501646053,13.935840520668451,12.80551330467907,13.07659281414881,15.216412910121281,13.649702245693462,17.787480369966104,15.007177102602679,12.17247584055919,12.812787710431783,12.246268977096548,10.60404417846633,13.787812325779992,12.860421580420164,12.106097758533767,11.175495626812015,11.934466136273231,11.582803172754929,11.880108383492974,12.274579433835605,13.36831356321338,14.57255389326119,13.650316843560335,10.352510345248989,15.151473774440344,13.907304147907423,14.1683941574585,12.612784343240635,13.86918880899475,11.695716942444324,15.769181012452254,13.019961882552732,12.309942259584624,11.381206284871599,14.10702903917529,12.636814922515558,12.98337112870248,12.849503826165794,17.40199338534368,10.736481909202778,14.480375558410591,13.189730655777433,19.5958570214529,13.048481632437314,11.942323924905466,15.71782949277287,13.001663620999638,14.174981241923579,12.078395216658352,11.530980896944222,11.824365077004014,12.145431399062911,11.933581749182839,12.977378239622563,11.883010701327665,11.497225688351188,10.410936058792016,11.99604526184714,10.848754684638896,10.902800451426817,12.856864167955269,11.244126569314888,11.795465600811834,12.33615944418804,11.921677250845741,14.802429250002742,10.361584876172127,13.687134780377637,11.598663022463121,11.912864815549407,12.287642140711823,10.977397829844184,14.060672482935882,11.980339246770171,12.401818374237966
14.22805842014574,10.878494874241847,14.760166638478823,15.833582298251999,10.930360408255936,15.725412317673978,12.025307106489256,13.786475210300223,10.331425110834575,10.408745962904092,12.263977413354763,11.245357236479974,12.836180557685724,13.906829562830568,13.811915892030225,12.362283006581476,16.963423311058147,11.592039114142898,13.869307650708858,12.337317975697891,10.443996484450526,13.010092555039973,15.646037628084537,11.223699626692177,12.896645136996913,17.384424027626217,11.178124772083123,13.723187879453448,16.404351637147748,12.803551315765183,13.45208270915245,12.723634230015524,13.555955235900495,11.126806991305312,11.648031406816724,11.220817199194865,12.100860805718911,11.401300464392001,18.547520970478015,10.868570943032259,12.558113036793868,14.845997124611365,10.52833816972059,12.170419548630305,12.44951019152806,13.996020010836524,11.823735445987912,13.174676664768846,13.037006170771631,17.16765702375664,12.176115006163263,14.099386171538047,13.367437707076784,13.116094066408966,13.778252033124753,14.215990985483852,13.012015988696557,12.671232702808673,13.755187958988298,16.96451579190184,14.207914972351727,11.48130568387306,11.426090112524403,16.260546224390332,12.720684556968214,11.48061360994806,15.359581757595237,11.162523832848654,11.5501957471092,11.469715753170739,12.35403639547992,14.471391669085191,12.193773086481075,13.897573170827778,14.045852118106064,12.50577096786229,12.537001865459715,9.123034546646585,13.085493932629143,12.642378521866629,13.019431188131843,12.139822407921134,13.608797879718429,12.283792370653154,15.056689110337416,14.734601304199272,14.934610130159452,15.172388571991528,16.76157433796293,13.954628481761887,14.444080174709878,14.201426716081288,12.182755877658705,11.976324573071764,13.717936838943475,14.596282775048728,20.0335832188363,13.787599224931286,13.649457165738651,17.223758225421175,11.841432584823112,13.23249934983807,12.067225764530745,14.185875341855203,12.795196701738522,10.31955919201023,15.318725683371614,16.961611043249324,13.368333118196947,11.877541868766897,14.218923001159748,13.902636516999573,13.652265039109558,13.407699126538743,16.82437480821573,16.163624392873437,12.286105609442023,11.441966305604307,14.441567935874117,14.072906768306986,13.126258423669377,13.470673295020076,11.628633756840895,12.091452872836655,12.580445240693772,10.788078176246534,14.03109430951718,13.003284652491633,13.179223452716865,15.538611614331021,13.726122205549354,18.01498123862703,15.296512213169256,12.156739768801499,13.244588397151183,12.290891313929395,10.724167535854024,13.704570864908113,12.993207352647167,12.109342765243555,11.301115601532754,12.074223609895641,11.52369617614592,11.93353398400702,12.227397477267967,13.424515674476261,14.539782602395073,13.567451700710455,10.462529086988852,15.266979680804084,13.919932409719951,14.224550721905107,12.552159144123324,13.564262719099862,11.738812411824599,16.034845674940875,13.037366018847687,12.568748732576154,11.621571408784034,14.094963260710928,12.626703871524935,13.060488313809818,12.793553899955873,17.625685571962492,11.042441351632409,14.307009209006297,13.189197637015036,19.861717446431886,13.038115250039128,12.055513876584595,15.954304807173035,13.301671008953996,13.986583667302494,12.042789992073308,11.49803586992571,11.877060610129348,12.148667615855823,11.886891353803888,12.929773473564763,11.93063880497952,11.678215853823932,10.27390306933386,12.06399206503501,10.907914368363043,10.96929474642145,13.112701727462976,11.263620173908834,11.763065330796705,12.53083801169593,11.850791108451677,14.950804290346701,10.207184892489789,13.795562045576489,11.72157508200523,12.033146823079802,12.34803163286479,10.926700014388187,14.182344829942986,11.936216312730412,12.501547027576741
14.389080328220647,10.902871046291672,14.912138878466017,16.217795893116424,10.826729071884184,15.614512330318973,12.041751236744167,14.02915672320386,10.328942051446964,10.43935698994635,12.247344320580943,11.371072425397191,12.87870338313819,13.937309482699042,13.699020096013868,12.305560773044553,17.375157085101502,11.526851811897867,14.169678517461104,12.386137733112227,10.54677107109653,13.29320249230704,15.957351842565721,11.257586606736819,13.063191906366358,17.746898356690444,11.254855195715537,13.836915806350248,16.66206841953051,12.906943443075692,13.433097442562719,12.83572561673065,13.82213281623308,10.947280988394349,11.605921311609354,11.245005158704126,12.176575920417257,11.574043724053658,18.811293377470705,10.8716468356109,12.609066621777377,14.803949676411115,10.459864506534664,12.28471803617243,12.424401696382109,14.031770599241172,11.94801537143058,13.256758063053066,13.259525767912754,17.322425462474076,12.260915894889033,14.37733721896349,13.429891280040438,13.143196823051477,13.814564294805082,14.444966722308644,13.02771945743616,12.488523896109498,13.853524183596,17.252811499873566,14.450705438871767,11.504653666612763,11.320256557578562,16.498866946224922,12.678516788375653,11.533539943601584,15.760055542035783,11.303580557973286,11.635984799565842,11.499044450561454,12.411955732380989,14.602011871330616,12.23656953823057,14.227870377194014,14.239547430601858,12.532780652395262,12.62895999141063,9.27702919134489,13.056075120195805,12.540482154732725,13.049407354172473,12.144847040713513,13.711950543694353,12.3148707041819,15.162205621521135,14.885006262689146,15.13024618859469,15.005567510296558,17.190227807729666,13.840898667961683,14.37926103037305,14.283393850090008,12.083646867189525,11.906934264210195,13.756591822580184,14.548435240211811,20.309503759377602,13.690667882506503,13.73983833620214,17.3260406995615,11.886673148740618,13.077079569306441,12.433626090507204,14.197994157223693,12.76798392953736,10.491165606518258,15.350142229915818,17.36942937648429,13.608823048999678,11.975940073633241,14.43102789947913,14.117714200102322,13.844277550877147,13.630204916444477,17.20557744251117,16.334474950212435,12.384705944298172,11.726053461479502,14.479099515584691,14.404120094440637,13.210551950916827,13.55297356264221,11.640058123896958,11.945051392607795,12.58330985025193,10.741853708793206,13.809469376988151,13.134360416964373,13.179203663198932,15.662829552741535,13.667811189076687,18.19223354630494,15.49026169110386,12.005933115399026,13.292700277151406,12.27162982762825,10.855826271888978,13.787893974330046,13.077027873420455,12.054969682238013,11.473028551732893,12.020085850598331,11.528871917933719,11.83971905612485,12.44673955247893,13.575272196544612,14.767128097522333,13.72197773515596,10.393236118917212,15.419416994901619,14.001239712189893,14.501734114016473,12.720770415432435,13.821136921301605,11.944239299360538,16.378501892595224,13.226489014727127,12.460348634700209,11.796845486851822,14.180117448117503,12.663045675497884,13.043512845087617,12.862456539770134,17.844032888207785,11.056577483526727,14.484786698007557,13.179381989314429,20.378233813297197,12.895722628978577,11.992113883720585,16.136718206240694,13.31220172609009,14.377849187842752,12.246463305897956,11.564208882187476,11.776987260790076,12.232707066767825,11.913146252274185,13.016416607871832,11.879283285175212,11.613062380149522,10.1502142564033,12.050686104937602,10.998322693099327,11.192135955768714,13.227145857710276,11.171993155318892,11.794363244502653,12.586686876070413,11.972070898683086,15.098163460784459,10.222553610996552,13.808272839732124,11.658447240097715,12.197867270081165,12.284098852719215,11.032800615918706,14.403335441249222,12.109720222411529,12.522618834910565
14.263677626839069,10.875972556821154,15.034848782665124,16.485737973264875,10.811799393075564,15.709253414590803,11.918759730189599,14.064344074585183,10.30413222778396,10.617775597873731,12.142432843366649,11.742666270195272,12.848653593870093,14.136644701766873,14.02475355651484,12.193105686048172,17.599622100721728,11.483000146011364,14.419834939371526,12.63212316835972,10.567480736380977,13.317631357656024,16.33082177426993,11.166954203137745,13.112347371141391,17.86034995457703,11.437011907564568,13.82073293228703,16.910627196210825,13.234129361354242,13.63151474938225,12.77797074936786,13.92187744341058,10.991793036034395,11.683969315092298,11.529723023971227,12.340280411028237,11.824753394215882,19.155868940735488,10.758852270439514,12.883326939499742,14.985482921985632,10.455119221760999,12.177245339013458,12.493443083773082,14.247195545947944,11.976532417019172,13.289908935304744,13.187626233591853,17.6907923234493,12.24409576150979,14.554825719165988,13.651240832942896,13.237150728360175,13.67050029405749,14.358242987436718,13.177163133034327,12.657515697224,14.03426516696906,17.57459159640915,14.56782996436719,11.64344351858207,11.381481406370549,16.70025119782507,12.771614993051907,11.46977423243207,15.68315416832277,11.606034281937816,11.758950650335422,11.446295916567855,12.671102984622456,14.623993561474194,12.377484696887553,14.515742626402412,14.323437177036421,12.388869660197651,12.71754000831296,9.033853284044934,13.390345462736217,12.536236348681115,13.130838056358282,12.115065704254379,13.629031110521547,12.249284641863174,15.451694027644288,15.083071650565124,15.313810344557544,15.150095230478199,17.28651696413426,13.967679344333973,14.417773100691097,14.173631300248877,12.048597878816421,11.901317486507242,13.588910052005666,14.461442854920932,20.643094759854982,13.676923112883157,13.668943606504072,17.487831666746708,11.927445617759671,13.025225072893747,12.646513244528734,14.226301028474767,12.839404760291934,10.257247980636546,15.397449449350002,17.805021671986175,13.73991337362363,11.95787088181924,14.666067514459927,14.20359720352873,13.837372552839025,13.834722567379798,17.227836014234384,16.503388396323256,12.427808400839213,11.696914332993904,14.473417001185107,14.521940455054763,13.403396287771463,13.774018018570231,11.675844337995377,12.055640626366511,12.609739937293261,10.588291451329873,13.790678002311976,13.320390712174136,13.277804100386813,15.664994553372921,13.740171529015301,18.47744735966498,15.855202711261645,11.99103057519305,13.439975831556808,12.463235679105809,11.001933623504792,14.075862215727279,13.131717012751956,12.11604279159067,11.57960886580656,12.114457663563229,11.695639820577599,12.05325402506304,12.421026431527444,13.51064177343537,14.932011258905291,13.704585955419166,10.195635751185362,15.442156600297295,13.990394960254932,14.555080112872608,12.74377437989722,13.976992743460706,12.174522361554583,16.702017539163542,13.071820797311835,12.4388668373177,11.977004452085852,14.246248616928472,12.79269811304525,13.287472042451236,13.02146489487071,18.400222192352853,10.916412557601173,14.447382219936623,13.288725730431866,20.530944470776348,12.856315672967828,12.29969502662007,16.275570969231058,13.39148485612516,14.602018542344684,12.24942051107539,11.668117826354786,11.964473461251435,12.288595210933595,11.958710975404408,13.233269452723157,11.910591520467188,11.754626909870245,10.122590470411915,11.943280501498279,10.961792876051108,11.149884074424952,13.418429676177553,11.277384446481507,11.872339970341732,12.68584332941711,11.989922699351313,15.365746267379162,10.177175210056339,14.080100155173064,11.882962021052714,12.136764681072352,12.289175175580654,11.250913334739295,14.521594958212228,12.100572048997975,12.515084702066872
14.392849120424792,10.749459681605154,15.291972438808518,16.843327536443038,10.929786448475864,16.22576293439926,11.857657746696251,14.034864400228845,10.111457147143112,10.563504818866802,12.264035969477268,11.774655506432733,13.162698968234789,14.247380463656253,14.059204822399284,12.32937433420243,17.86044053403426,11.721858250217633,14.652810867104881,12.76330117348693,10.63039038074906,13.491511573207665,16.760447092404913,11.444267504769488,13.430057376495819,18.285727013583475,11.46654757513154,13.65977926728366,16.990789569378485,13.477117481187728,13.619029863288452,13.004231181159097,13.988716438157148,11.107114036752547,11.698188947669344,11.49703106520556,12.491502837877718,11.820397844898846,19.4729786187252,10.702645043597325,13.224311011842595,14.894671473596006,10.414226474704185,12.12090595741045,12.670437448579547,14.515504311026799,12.023765605056571,13.152806603861883,13.414214641325097,17.802196663875616,12.219097133643967,14.621177218497477,13.621548220247858,13.190736587787974,13.881762256164492,14.493810552165582,13.041191723089748,12.757441103919813,14.218402239797399,17.756633935916884,14.832725498953092,11.755555311130141,11.325903408735396,17.072843774022548,12.67437513841454,11.538067778961096,15.85815670989184,11.500325107470605,11.686455069438757,11.392048044699914,12.790400533946553,14.688357728167727,12.492097939457022,14.74889287844805,14.279963816355167,12.548171671667475,12.77633852793111,9.225677368679722,13.49856119023058,12.605102952700294,13.075598031379926,12.136430528285892,13.587178061337195,12.375419522018875,15.553132365567915,15.200656548751653,15.46916389746199,15.47739078324436,17.65340505106623,13.896736637229875,14.640809454544772,14.465200236097411,12.21530268370535,12.007662503060859,13.677336228858502,14.808676201835112,20.960621988936296,13.661399807211765,13.727161108715876,17.72867112449147,11.882706791818595,13.11875217002573,12.6539455030231,14.390844877168023,12.687877951872617,10.395269604629704,15.458821746372513,17.863034423493694,13.937215324499157,11.97763961998008,15.001792310265273,14.441300552008194,13.916841151489407,13.993264483640315,17.436166587619336,16.73196471870908,12.288764933795967,11.871155461614478,14.405826759294548,14.636432782778321,13.648919162295913,13.826675722239925,11.809893073588189,12.239191455146642,12.854868635191275,10.479603546113635,13.902273587216735,13.369073492263453,13.358773265232495,15.850307117252232,13.632927161745057,18.835155470286427,16.047336093820213,12.003316824885761,13.345720565651721,12.398738408703895,11.163848422112952,14.206132284260146,13.179395277138411,12.176624281596304,11.604788193294468,12.236596723855971,11.916937990115638,11.827271794510752,12.542567898499868,13.642957190373203,15.01564359884366,13.836969441390513,10.143683953362983,15.693674107607723,14.106058728894332,14.650939310831847,12.736935345988769,13.945438635792577,12.145743825018421,16.98424505405818,13.138856985024432,12.299751810983567,12.045789063734693,14.407672177825184,12.942633784337831,13.27414635155749,13.048895051909163,18.95990932102798,11.233192354232774,14.500229098083299,13.223844486861074,20.909032885109326,12.892914011432753,12.530445227378602,16.38371439956183,13.592229742680129,14.76955135987744,12.297860890219047,11.887870230176517,11.866068474127554,12.339478950414685,11.871623753458383,13.09672840373954,12.222231336375028,11.889330283400097,10.072527627696363,11.975496428017257,11.037577302734823,11.530744989439416,13.49327213463378,11.457217215331477,11.821642501386176,12.887451875205352,11.75086175373629,15.831999818182428,10.213030417547618,14.159412701529643,11.707150551526805,12.014369642039245,12.322484614755624,11.51246586865708,14.676230763791354,12.27483460948938,12.303213104320475
14.519143977244754,10.749118901872585,15.408138097633357,16.908830951764003,10.937809548820187,16.631733853157243,12.16304021311394,14.146042077042033,10.352662639847573,10.780784831729019,12.3820017023991,11.813386102415917,13.072858476841812,14.425595308674744,14.007577342195644,12.363033997750067,18.171081112126576,12.047451803206567,14.82763454477242,12.956848854296577,10.945995378367364,13.481638596525572,17.01974376639202,11.404970872871539,13.497370129362585,18.74721508380583,11.783999372286935,13.996396136687952,17.088692599774127,13.576023876791488,13.708499442228398,13.287094613903438,14.074141524517618,11.07582136918546,11.69930280630367,11.806296299786865,12.703596129613464,11.66152273343419,19.986679123168308,10.948747302047526,13.015263548389091,15.078822750495327,10.440284608052872,12.260930019383075,12.928257466419378,14.57173688886557,12.138833958162513,13.222279308147938,13.426495301995187,17.980368852616152,12.325463970052382,14.499169878980396,13.771389263457348,13.349139267406535,14.197546896471327,14.808179490227385,13.258537781384117,12.884972241825118,14.455291765735625,17.91776833295505,14.985893830464407,11.831619565828726,11.303768421877356,17.37316499260495,12.779240153098474,11.54916343503342,16.20221342537836,11.401122678475703,11.892867442146482,11.255003203285222,13.058563080683973,14.782870836413927,12.519865503709008,14.82759109718512,14.366172034631793,12.715989065066939,12.823501379850457,9.224433355825278,13.40383862669524,12.634842608371587,13.099061466225304,12.164730645955297,13.560551221531924,12.544470956018252,15.697981027287462,15.60016764396692,15.923226086689258,15.406937215569814,17.663256992760722,13.900955983251105,14.96537686330977,14.558731761232568,12.19762129178473,12.131982716981403,13.840784446779884,14.720916638805548,21.450347381496652,13.551405936487676,13.64835074194613,18.11276058795456,11.813368223959273,13.406373601901931,12.73657004646725,14.60382459204872,12.646520204802405,10.51493316008556,15.579844415408692,18.22580666292591,14.065800645758408,11.857321464639544,15.228791815277905,14.268046380636862,13.86334483274361,14.06027896628924,17.607068263492096,17.048077735102666,12.368001288123189,12.067181288346402,14.360278876032895,14.654620243466995,13.759826913594498,14.069257160070045,11.896885396948155,12.282496588598287,13.046286351390057,10.575474571589695,14.061024990754332,13.527623083260007,13.51521116885385,16.014153256069243,13.573071507923025,19.027960197930128,16.197002859592217,12.236420857471881,13.463937316821093,12.522641162602584,11.194446900036978,14.491288674993216,13.440760467782571,12.038687697297703,11.741131573569943,12.158993054968347,12.150760663866473,11.897978274890168,12.759417493253832,13.81078899460861,15.281268144633819,13.964034245853398,10.325195891613015,16.01332040077325,14.048508767744227,14.760255190336405,12.98150118427231,14.048121412333233,12.089631455974853,17.263046354708038,13.184979760179266,12.257958137312466,12.116779980753652,14.623619906186777,13.125977544944394,13.27649494238155,12.964398505834986,19.234458592479697,11.25174371248096,14.605843500687246,13.277672007046888,21.22691150644611,13.187485343473453,12.74283093165014,16.48562303351751,13.56839837297322,15.180332199230747,12.331286148556353,11.724282481466739,12.179787596933245,12.431431056408428,11.633848547577605,13.088935437046487,12.240884417082793,11.789836118297034,10.205012729788699,11.796490882837794,11.06033797528406,11.608579242728457,13.81435121725378,11.49870755406212,11.719492557949058,12.951044358621392,11.686307630721776,15.95514102714284,10.388590229293817,14.310026609338244,11.841741308969176,12.214626080757544,12.546204683135088,11.530922730265127,15.014858407769283,12.321615629407471,12.25240102195071
14.600511600675661,10.911351063431615,15.666637216413234,17.172030391393534,11.094553759713758,16.631057822000038,11.936969594821687,14.263741708081115,10.340714797147488,10.870303644497676,12.433181295654242,11.74859848448682,13.118481228086837,14.714106565894596,14.101779262083133,12.200117073622113,18.709608490297622,12.17522159399864,15.197018166857811,12.96078623872504,10.952997747472454,13.716964665620331,17.14192505495285,11.34277280624574,13.5015939334002,19.162691521780637,11.758497875329562,13.8480218672067,17.201099395666805,13.551842892207691,13.672792150668053,13.328915604921285,14.032759952416118,11.245358015144859,11.569801038628333,11.927455682090052,13.261093894508743,11.746333117865627,20.351862240802546,11.105244528197272,13.115964273493871,15.086280418664565,10.352089216483739,12.12514987362806,12.853618106548996,14.628091255644751,12.235591406838985,13.184156223528406,13.431061731291006,18.30626468432961,12.477341905756306,14.642914700004958,13.836746820889935,13.438404149563699,14.250807199113005,15.127048679333075,13.24232486093468,12.835103026801578,14.637997365766676,17.936221827307754,15.355887874200432,11.906896228066412,11.373223084804678,17.636747020065222,12.940856454283214,11.633135790511623,16.29229935680854,11.613352747415215,11.81991854843574,11.422067481188177,13.011964894849795,14.948625379354793,12.863709273284163,14.953152620099651,14.61249446844321,12.818167243374683,12.835831109284825,9.209291755204879,13.503445629241316,12.715307087122138,13.213803509925228,12.300267654997429,13.653526349147267,12.584084693253903,15.927931037430536,15.851392336755314,16.046441780538128,15.569053804737585,17.703940293100587,14.014692416058246,15.088831957689813,14.621093396182681,12.29839206457305,12.197556795730904,13.96254448633356,14.559282325003455,21.695740866797784,13.378759849771741,13.656378345293122,18.337113481690366,11.728645916803796,13.516816728505056,12.761647756479887,15.05173415638044,12.828549260014093,10.703752590491742,15.727515650026655,18.37340366299498,14.23878842938809,11.797290084903056,15.34344052185326,14.33022141776533,13.982893484686116,14.26666544538022,17.6864741836509,17.392746391797314,12.411378869001764,11.972668140330988,14.23254854263864,14.801039033804045,13.958725217588684,14.026460864347374,11.814924287349767,12.429753694839972,13.208395915771302,10.466691540937015,14.1628018483166,13.63794211765751,13.632505527901174,16.29923938199814,13.637709893419947,19.31762399010528,16.36468615293399,12.557923257540057,13.499378464959335,12.851095643428835,11.43634895514268,14.76011888206075,13.475590090695277,12.154366121003218,11.791447957772416,12.118857319684587,12.159647687563961,11.794914510072674,12.953398232161382,14.084566964380826,15.393963778360758,14.108041423984695,10.221592392671637,16.09813747494304,14.085203152290468,14.79931282072048,13.010382747841167,14.150882408117443,12.211681068946996,17.63051620885413,13.140160955574869,12.377886066501278,12.134428833052258,14.888516995811816,13.404391638192447,13.495638015474366,12.897262915636755,19.72798827303923,11.47347404206695,14.685561408465261,13.387357423100188,21.63590145275273,13.28597849689329,12.80417906345166,16.589448976718504,13.597289024520554,15.001494535231203,12.41809420511808,11.720270848049445,12.14325572847777,12.49160784759335,11.747737723857362,13.092835920249765,12.44613144993978,11.890869266025375,10.229543637936953,11.834685138156145,11.04429614536072,11.860062113104187,14.029928006604163,11.790569784285994,11.735739982373381,12.978599582432771,11.860030964236838,16.271474251378436,10.281360085440417,14.495461212522123,11.890995515936782,12.260694768598945,12.567392408485068,11.47318120912246,15.212432165222399,12.292717276526389,12.412531594349858
14.618810506197452,10.658260572462693,15.761972688724516,17.56924761134366,11.151196674141799,17.027788473650798,11.977462227618256,14.263979128063701,10.60152119629242,10.996583596706953,12.46638291980649,12.005926003911497,13.096742315537472,14.81503623063059,14.223803962605995,12.293503010201677,19.242264978131878,12.127518898970985,15.471676016312028,12.94922661986589,11.354408828323686,13.78087149459783,17.56875455666505,11.307913549945024,13.740599223765201,19.26134991171829,11.892841941615524,13.924412056585044,17.316543698122715,13.593342233015699,13.900343345229174,13.374833227711395,14.126392441889292,11.296002496874811,11.59596791145306,11.89730428110162,13.334968078215496,11.526113712572421,20.579969033797298,11.235436490442265,13.042768060594588,14.91357025891186,10.249700068228817,12.263867667355122,12.844816292812755,14.739295433567012,12.398727182475282,13.346003426351256,13.426213645940628,18.50895861678847,12.575288835996407,14.706537814710329,13.974069390141345,13.65857677969676,14.563512451329458,15.325253615114606,13.208707813840856,13.009233046784734,14.564210447629645,18.1190365083604,15.521015371319029,11.916826344374957,11.372523697923773,17.94956711860093,13.307417436786494,11.571057046982016,16.678750689139648,11.513323557467274,11.90175840759048,11.273843798595303,12.91343788339562,15.271009721562162,12.842834883866495,15.024252423460524,14.81679712894693,12.886133431755779,13.170793489327947,9.213568622289372,13.544727713102947,12.830358913048803,13.277525060786807,12.34177068368192,13.558687330852376,12.661807840243451,16.001013392147755,16.211928759411713,16.260980233556324,15.678728934724676,17.911133167463333,13.886557163729217,15.225681811996248,14.801164062552113,12.358062832249505,12.27693681819677,14.065116851602975,14.630388987762647,22.12554995348644,13.615427224003536,13.834942694218334,18.61677914975681,11.83376403837817,13.566831763852857,12.722903862933844,15.230989628995324,12.873393815547331,10.69154113509058,15.844433098561574,18.811917195971194,13.919534121711509,11.874113548449628,15.492494212607745,14.603104584075568,14.17802504957379,14.28052161026025,18.251608586742368,17.76756023646533,12.470306143866475,12.105212889322498,14.310792339523584,14.950548464648936,14.163654853341058,14.104747806248437,12.069981750206425,12.450055442420053,13.049635372588634,10.439354962952319,14.346875272666818,13.793165304308296,13.606683213759737,16.440212611892594,13.671288774143163,19.60541229536607,16.671278710874283,12.69043586776888,13.668004272625534,13.065455903732202,11.391730167795892,14.841960620044139,13.57436535275721,12.175413459809246,11.69256142120602,12.256530143177855,12.381745972264861,11.731988042036907,12.963155306995347,14.281798921042048,15.542170015615527,14.383467903411132,10.260235973915876,16.277477471990213,14.338728803750403,15.176857297457268,12.961432992834443,14.390906627876786,12.238923868713307,18.02361298005592,13.411321886546888,12.44113493733212,12.363953889621696,14.751474703437083,13.245436887298892,13.577892717917951,12.905302574893359,19.981481114700344,11.672849811038706,14.907094353731399,13.504377410833206,22.060309173377775,13.076018199739293,12.608772400924936,16.650918994326855,13.52746403981126,15.257604734919084,12.401971299327354,11.932969955122777,11.994064893548508,12.617522210559052,11.487685069971201,13.549573610500957,12.430083206489321,12.156633018995686,10.374849836180758,11.951430925876567,11.198374284600616,11.865829956897844,14.199752102836664,12.00786393473105,11.90103517166453,12.956345546140025,11.902536608900032,16.538688576967687,10.181983910991066,14.637355874415716,11.891446445628652,12.420955236075581,12.522719603228648,11.684899291287557,15.28518198471425,12.18170828338437,12.328642144957819
14.7377049443101,10.889276251487615,16.054974343549908,17.821213225606947,11.132047204288863,17.244718591389834,12.140667002616047,14.324007780660859,10.576217337430467,11.144756099107688,12.622423700310007,12.292779266091257,13.368057519458121,15.074111008107415,14.347388705290742,12.166903353846902,19.565873080449407,12.033352316565876,15.621730009779743,13.100153664232696,11.4374283889545,13.835112285387906,17.71920228297191,11.393602476178494,13.662367947872792,19.5522789508632,11.999336676036641,14.0207517179509,17.406342390379674,13.539884621962054,14.048693782688325,13.465570589345363,14.442240618682028,11.302269718790917,11.684929511562062,12.27961676871213,13.501387682603186,11.42546105968296,21.11588149921974,11.247486759746835,13.06431923497944,15.096480169558513,10.228232658477056,12.417506082907382,12.72893930388447,15.072576421357606,12.44705105746139,13.469668092646875,13.739123466479715,18.56363070620317,12.552147203954066,14.930059204752812,14.240644990555765,14.020114961918765,14.667218315111889,15.605008004561416,13.292118916827999,13.161018455410588,14.733142050358422,18.226019708154787,15.68691610762021,11.832897954078017,11.377859687177306,18.234874638092634,13.377841037037049,11.32768925239942,16.905576285544658,11.405496174862572,12.089678067503932,11.189678128105001,13.08838111435285,15.468887623736578,13.075566883564171,15.34107198972005,14.736633219622082,12.98163736752514,13.427910134057075,9.448481515686474,13.317949496160551,12.687007076591131,13.266591465198987,12.292159557179474,13.654725807143649,12.834820689155997,15.840551521206237,16.256550470263168,16.679758323753667,15.804539062986267,17.894016458937223,13.859118670358153,15.542132536372595,14.67456892107079,12.496967484093023,12.454962865719686,14.049855393961773,14.720600551981804,22.51478082599541,13.71169361102561,13.908378722212017,18.57061190531226,11.787559838634236,13.672034776844026,13.306604858773394,15.312269102955641,12.90813566862091,10.548567424622965,16.00994465415201,19.220089045522734,13.96037083013406,11.8624116659974,15.611360959580566,14.663218751331856,14.269330055655203,14.49185539619759,18.430880815425855,17.974471803731983,12.626911385461096,11.85214327314467,14.295008052134296,15.20221976192974,14.300698099104627,14.295651643475365,12.156712065984422,12.710592447063265,13.42524944778097,10.4019247117394,14.570117738444466,14.16595527476216,13.72334807316423,16.520528308689947,14.02003115671971,19.944110642991276,16.831896102619186,12.767102020949405,13.473331030972664,13.09997814053515,11.362619208387763,14.891768269254179,13.793777165638232,12.129812759055199,11.932945657071501,12.265134098539491,12.502010168970028,11.753813500366995,12.888273337582076,14.519530921826355,15.560530083026704,14.19141682545256,10.364633965475862,16.448985570423467,14.342637112116757,15.295389359771065,13.142187988236573,14.449720351789077,12.518888585321868,18.14005873053688,13.288493789580663,12.694230205275106,12.528131076169675,14.919656555115264,13.606567329559777,13.81986438070546,12.908942791064218,20.20849191497929,11.773138487973787,15.109969442896027,13.738180646552491,22.46811312381722,13.066092223946116,12.615707122691303,16.76424363140141,13.574793311416435,15.209412551787821,12.284114262070638,12.122428636541573,12.128363661274921,12.648876744909543,11.505017696169588,13.566390451047543,12.527362707478705,12.058618455136578,10.466399589406974,12.062113681104849,11.209844370839399,11.825868505531847,14.248200514598295,11.976612070367327,11.660052237617409,13.08721081105504,11.931592405019083,16.726590952452355,10.362012937116182,14.491298292874529,12.079357251429462,12.61911672265523,12.51297820292794,11.579382844525522,15.314152815206663,12.281775065195687,12.3029215756126
14.704292761581124,10.81485907930674,16.240925671999793,18.1818522109671,11.195453557391417,17.587768767099668,11.992474242757527,14.305154633967097,10.574377728369033,11.410019552122419,12.614014200288578,12.472327375125753,13.278889857602405,15.335084697930178,14.489523819003395,12.022770161343097,19.940122289680165,12.124738705568564,15.801788417743058,13.064597393416294,11.360492394362577,13.890109086912304,17.81223022857521,11.627793602834007,13.470438027683944,19.96073592008229,12.196734615371287,14.085411647373483,17.84816614747951,13.893197385494714,14.176217231358901,13.651375909334059,14.522749478917953,11.452215534965449,11.809910980635037,12.428211813091604,13.648253984535048,11.46195005308886,21.347588174283494,11.41660941674667,12.932515615301481,15.256626409285992,10.285740620103985,12.370865614172796,12.962074897861667,15.509266185292102,12.316147662669946,13.539160359232389,13.913163688336837,18.876938173291734,12.456869642465469,14.994108793094028,14.491321516962495,14.0109609095338,14.647403302503758,15.65291076091453,13.492922419796614,13.13038051707469,15.063405456993557,18.240256436306613,15.875435264142425,11.732252343856697,11.27782851428297,18.556577278973663,13.54980443353918,11.330604769750488,17.120532702833323,11.449328694840375,12.281497178903416,11.468623074172683,13.258186337896237,15.755546401303869,13.068654841726275,15.307493511727495,14.600698317611881,13.070548492774567,13.870258747172489,9.71877888280975,13.19601611938513,12.727752448411238,13.476679690565764,12.472029266399874,13.935506654889704,13.095848224336248,16.01415204183179,16.637449342378673,17.04160247064471,15.98179363676357,17.94921084376979,13.923552146369916,15.764827037031854,14.657979099233325,12.515278192795394,12.404745273379469,14.14378390354187,14.911100866132337,22.941623827448318,14.029393435715996,13.895549916510657,18.850014348226892,11.795409698330863,13.787512526934025,13.396745590733772,15.433009884803619,12.902933893068973,10.830624572272015,16.098651641635566,19.759737364126785,13.970764740605011,11.725355967345672,15.800784179049408,14.719377945833342,14.598848566630249,14.587818425562899,18.57328778319529,18.303620057632422,12.774749080750693,11.978974657495975,14.50356655125662,15.383519120002006,14.39144313833181,14.341726246407575,12.21532572998641,13.023271233278251,13.447122309441344,10.466635023118524,14.625473057855734,14.122703396817101,13.86447319231743,16.75694004191707,14.239685705103003,20.40968062327555,17.081690348159945,12.885973172276849,13.62877208384854,13.332870243512371,11.746345830789647,15.090142749031614,13.857462307083722,12.15036231476386,11.91631775235678,12.238386254226823,12.574975137530489,11.830654826932902,13.191878065204536,14.670066207600273,15.679561421424062,14.397206470606143,10.425844533533562,16.697200420728112,14.50858151009139,15.517361622709508,12.951657281667426,14.41631357470272,12.569164278188113,18.490216081856957,13.251105790892538,12.524211190851751,12.346398226934529,15.045641714698984,13.516713803838048,13.843003237815875,13.148420063303806,20.571631306870316,12.000485863613136,15.423848531305094,13.687660519357356,22.828699905603415,13.14480435441346,12.714835225333472,16.92234214701282,13.803361992357607,15.564386745499059,12.072123702461983,12.122321939342854,12.084606043768517,12.581315265920892,11.551368487398857,13.640726590880735,12.50193180987222,12.160856476297361,10.450402241327955,12.032676553950438,11.256201619269051,11.768354622313717,14.187218248055965,12.324344467752574,11.771186035528705,13.215628316638458,12.064955139215169,16.9362286354256,10.476933800657777,14.771197018906651,12.029217003800715,12.695635118573584,12.504495513393998,11.723235124217386,15.48138724615153,12.488710709269082,12.143742153501963
13.675552157888436,10.45377907658333,15.083420537431962,15.122244584536704,11.144891810381825,14.476103686125747,11.8802420457439,13.269777368480234,9.890961871685947,11.113068213651266,11.98656483041304,11.755052166913373,12.622300685299573,13.677430526118517,13.111895232359155,11.66688271573046,16.74324711930236,11.561563864404736,14.272656904218255,12.441825770935663,10.77156400486079,13.367085463146115,14.662652967119925,11.290533730015895,13.416716683697764,17.361994803885647,11.752665776554847,13.826842599997677,15.402577431916576,12.809714824286837,12.801480946579382,13.1124425515142,13.290747170656728,11.313395850086456,11.601345830699085,11.52732976758742,12.312928902455901,11.253787673973555,17.40708826227016,11.150301136006824,12.198319186228455,14.218582768343854,10.458858959454794,11.854707738123485,12.767151906241086,14.067013198866157,11.785121377542023,13.315893204388491,12.774007241953868,16.288684153448948,12.007748368248006,13.837799010912434,12.858843770385718,13.084624639353134,13.090767011195954,14.628766895890339,13.183014350321669,12.021827860695566,13.887240473969387,15.826132163909014,13.78817262544215,11.049385430315292,11.130790206973074,15.825607664006837,11.8861235360188,11.383540774220934,15.146574181117215,10.565600735331088,11.621676344463726,11.153876209081202,12.35833226087752,14.509390103922712,11.621580944468494,12.825220819525157,13.919143493950804,12.448843534511074,12.31329684017382,9.666370147771191,12.481918908612766,12.656267829566655,12.342661997378473,12.266985262858109,13.333290414101796,12.234966636124954,15.080940844784717,15.46663933128257,14.280758766253882,14.974694953991165,15.627944552209804,13.102889348239797,14.396473395393455,13.675774472847806,12.098787999800196,11.747244193742718,13.697754556950095,12.646748284673823,18.927620776548764,13.322281278163176,13.296242561365327,16.830001723095833,11.889724161814962,12.09483189884492,12.172164353944158,14.131143032433453,12.726771357908683,10.469639761250244,15.143614836937765,16.40007563990567,12.721840632631908,11.83576240566625,13.592275505272255,13.861790117223425,13.39516836633118,13.509064786648008,15.590455012907798,15.368399838692966,12.034820962712812,11.196333577697017,13.908082133123894,13.842893727375854,12.963887167699403,13.449777870643768,11.842761576805822,12.884962913631307,12.490469828893161,10.44394852992718,13.567467656938259,13.183411402659658,12.423717409686061,14.576777114972987,13.745314510628297,16.911821668730838,14.9638514980677,12.258142685590615,12.989744305609445,12.110755945047234,10.997714705104887,13.807512050833909,12.669327922345921,11.266931454547207,11.36095885878169,12.107975911255767,12.085001115420587,11.638750276943442,12.149079031157097,13.291559308734618,13.904482759430499,13.25685887876823,10.153661894755455,14.825592813168635,13.348600212196015,13.774451288645665,13.004643795771656,13.270481759218033,12.288840373438255,14.76911497509634,12.35483769656517,12.508025365788614,11.574693069857915,13.960386514130361,12.543747752689322,12.666736945990165,12.585912620106072,17.19528512098747,11.409493196526427,14.22935336006875,13.10065834546923,18.749921397731466,12.649208824415773,12.228887427223727,15.492795858246033,12.9493768897691,13.601676878139076,11.52520161606612,11.823526892486061,11.687204980309831,11.892533849562874,10.736008638102295,12.144718039936489,12.223299544398325,11.331846678115804,10.589101621586698,11.724192445064062,10.731720539773665,11.404446575977316,13.329165387499547,11.479187975971836,11.77717895437509,12.223607570452886,11.489702534502099,14.929294865159537,10.315924404874592,13.745479348191612,11.812556530531696,12.22507107825313,12.072113700612206,11.433745475893453,13.778675838251095,12.030196659812221,11.886282295178034
13.031212237392733,10.469843138595316,14.484929826183569,13.420518083782081,11.111343323224144,12.758416043203058,11.926022498844025,12.814489557342682,9.512561818079192,10.835752829898437,11.775250781875727,11.527645841886722,12.17576644162346,12.733779957928114,11.96557723155247,11.4418887701933,15.096373023576746,11.321702843339391,13.297739346294176,12.145410700381841,10.477969081479944,13.118094795212217,12.687194908309795,10.988553842424642,13.472693984786202,15.675144277316052,11.42569616837706,13.505508599759706,14.03769416667771,12.285796204393437,11.874642688914744,12.666752726426026,12.654076626098401,11.210565240697436,11.621583662969897,11.003799791279524,11.542958204913312,11.259369715144228,15.36715905627271,10.867900295401128,11.832134167674301,13.598418787737879,10.526872459790098,11.957287788901423,12.340875274203448,13.34781117264924,11.389039761758381,12.928811397426507,12.213256628048963,14.343727022328597,11.580793326321372,12.971599454737518,12.032492841355763,12.287251040208362,12.17768371592616,13.902215105114895,12.702496455171417,11.2805178726659,13.267446642775855,14.621070896588536,12.373027682628544,10.879409672408967,10.924008304024047,14.159277692916433,10.856913391164214,11.269347661229808,13.845290242629739,9.966241768969375,11.578131963574016,11.060657923712622,11.806273882826414,13.872863046960607,11.195524175785952,11.690686771026527,13.807120944812961,12.143873818150874,11.774852540929535,9.62319540612885,11.93353763428906,12.855788997811143,11.507961627803642,12.073925230294215,13.187535491478679,11.755544353906599,14.459364806057636,14.48181426374385,12.720540546735183,14.200370137289454,14.25311703248621,12.219947915789636,13.769756602545048,12.971090605800056,11.859763838942149,11.283433445312081,13.510728624341226,11.684706554961785,16.169605392944874,12.751136922641575,13.130980604777186,15.63100816020065,12.029963397317166,11.070006284745514,11.365527567051899,13.167412267277992,12.339449490636362,10.346657384817028,14.462746926960495,14.809367832851898,11.922823649286284,11.872645599022063,12.074434479017432,13.371006748523122,12.590985524310147,13.087050111640952,14.064900120028458,13.795239210201007,11.734048341293185,10.755516485418424,13.661838366742078,13.071186165743352,12.323381325142622,12.868252275044288,11.503985027522885,12.89874664464993,11.94345006846066,10.465485972539918,13.045581291518841,12.788404872542895,11.859402497793374,13.458797384102583,13.386042580109661,14.777493735605535,13.92615403840543,11.586736946809623,12.4904477693675,11.671423111790848,10.406089202822274,12.976003066794176,11.998542605770231,10.930040997461898,11.099727043648427,12.144367038307848,11.83234454485448,11.619033226810306,11.611161252688646,12.561670648471862,12.895819182185592,12.594748374395346,10.036305755004577,13.960603965740601,12.538331294739653,12.624384790077897,12.877531994250415,12.599744534007455,12.19557968988331,12.720224816075655,11.92344658615595,12.52602003531976,11.08649077697412,13.129163905553865,11.956161028635217,12.08003692772933,12.507793235599648,14.751793169488577,10.952974603320568,13.51591513682938,12.789054687541155,16.603680161097213,12.406577989549103,11.910185696886838,14.424583066609369,12.222144995439749,12.575051879711525,11.289145844809621,11.528696269622818,11.405419650578832,11.4673956135822,10.688727126282929,11.57491456862253,11.891535655596128,10.908696806007573,10.618607855655751,11.50177354737419,10.268610694892152,11.023223980613313,12.743716311246814,11.292549520206503,11.727855132515353,11.641265719294788,11.171306335621383,13.97858933290264,10.23507826525152,12.971936368864144,11.887607990811787,12.050492725796797,11.792120060076504,10.870818342808697,12.827660660881865,11.529126474724112,11.4808254916332
12.590783853509942,10.404916566604323,13.862524103393978,12.177905179923137,11.05499710639348,11.492793823735326,11.863935528489186,12.402657477102059,9.344036177051326,10.478146483891603,11.504519623620586,11.182785952758067,12.070845569978019,12.167733516055668,11.343557060718569,11.568239300385,13.90312956373571,11.007224125936228,12.37684488722155,11.818509807866942,10.511242635440261,12.989069318539494,11.502341822917995,10.594882089295254,13.418970685983169,14.486035230990925,11.164389333808614,13.386606240354155,13.196462584270455,11.921488298324222,11.276594620068265,12.52411280840365,12.275490177477609,11.124262217624969,11.60658884481028,10.64485249841226,10.975875137220465,11.02750782085485,14.168230235965199,10.66277894102003,11.621397272079712,13.351657604448214,10.446237029184104,11.984577942936845,12.222736770597653,12.758404323170828,11.238045004120554,12.795968125228011,12.067378545193817,13.350673843795697,11.65925104889887,12.694433870213818,11.247882778639148,11.886424334621221,11.658162925149924,13.484436488428324,12.616782098217737,10.72866214230623,12.901485768928492,13.961789322236015,11.653936523700033,10.669488862588864,10.937377498627262,13.344017506815085,10.038284391270002,11.377794324090623,12.973248417284873,9.732743724838208,11.338387153042937,11.07228226899555,11.577853430286757,13.442188294645565,10.840062173821066,11.176997194503855,13.290598111549308,11.610673291286506,11.157840551291272,9.699761559601347,11.700468978481167,12.883530884062736,11.097493471136353,12.007614975518258,12.701292950747943,11.436606675753753,14.462328411766116,13.694872008067723,11.686151984991529,13.75217592375019,13.42002663293417,11.955834373327422,13.356396793341025,12.600671438251707,11.96952297173194,11.014878391100842,13.393290857593472,10.7720961948629,14.67168210836665,12.405729648328334,12.86729298159276,14.854729606527155,11.943764766913063,10.746009251096881,10.879227859328255,12.761812222730342,12.25638713449107,10.220976021038013,13.991859106876445,13.708420140924007,11.600673848661366,11.872742496087195,11.451464301817936,13.189589910744942,11.984046211518956,12.795712667288988,12.96812636811258,12.700879464593973,11.499632431763839,10.505945755755112,13.564840401464519,12.689738715125303,12.000592303065918,12.379562577786675,11.348053817592117,12.709258165530171,11.721347925113463,10.44838296403955,12.633686433527274,12.531348940608288,11.388730463820693,12.989253342722655,13.028151171127668,13.381131816474573,13.301792304802081,11.14004233288023,12.427347029699733,11.343002684095936,10.299110447412273,12.680754181257925,11.568848722470769,10.900450951406498,11.025964056489615,12.00048470727577,11.595539638155271,11.506298446861395,11.128850496741816,12.010970840997043,12.201239481119467,12.120111506149664,10.135632268392238,13.505617815088405,12.506946682762539,12.249373329766387,12.92753965474433,12.21174065896838,12.140857832229708,11.324547587799815,11.69131478968936,12.56710334324119,10.830067025301117,12.531389152158111,11.56075459183284,11.71165330173074,12.200820985175918,13.605785928544307,10.624626468748435,13.217099869197817,12.435769707799658,15.160329264574502,12.308586726591534,12.02278817675281,13.980213179934935,11.706245505288626,11.718518622834255,10.889769825443373,11.373096048502235,11.202504471015557,11.221627225968158,10.650260426092764,11.037909354174564,11.984979966819045,10.622248333843302,10.487354072717913,11.749156880713054,10.126961585407276,10.902391451718781,12.438499215192994,11.04837756505229,11.541287736644957,11.348471229655233,11.024063363914538,13.190657495538186,10.360720606903113,12.840124074915952,11.732192773599222,11.879301545075275,11.550635688739986,10.822261140454998,12.224269699932353,11.392976719071633,11.322715689150243
12.265565184853292,10.392229397159573,13.490593013275879,11.360545889436125,11.08281112396479,10.95964992682217,11.978892972057084,12.447646563688131,9.29565556503749,10.562125018148084,11.545530632518082,11.084915274255131,12.015981239496234,11.987865562657223,11.115458629561987,11.434166776296603,13.264381060986997,11.092387419396102,12.011978122070003,11.69979086938853,10.490198930406189,12.962402555894878,10.724899079820332,10.316062968229753,13.509035630540563,13.642343521327039,10.865268273800718,13.261153475134188,12.713852536084884,11.588917961067118,11.149753551763702,12.50838926007344,12.211016469707337,11.063486464856028,11.482208300700796,10.48635641661837,10.612991993960785,10.941627208037607,13.469548390643956,10.643679330444728,11.310083879519171,12.860416140265855,10.401480067913088,12.0130444655124,11.907927174478974,12.393902227793186,11.081301937583813,12.816397845107481,11.839169013208407,12.943633823251556,11.436622730660238,12.528002162072326,11.090131928539545,11.63168290981119,11.495215978814958,13.198511869123964,12.508508270150958,10.699619530213662,12.590021813137419,13.568035092645552,11.233681037586507,10.670185853911777,10.859470101519257,12.638067214870102,9.772871891608892,11.345206708416294,12.433918924820007,9.625322161126784,11.187928834911634,11.170987878455936,11.498728114203791,13.115482538114668,10.476315696524999,10.500692068087425,13.28882252496579,11.352563541992204,10.863421462479755,9.821715018926557,11.578095377588271,12.843549296977582,11.203057720541658,11.73807611077234,12.742229632652732,11.200877733610842,14.164379860448703,13.468921358938735,10.837762591198752,13.37968288682255,13.127295382708727,11.77964868652984,13.111509081076736,12.48679498140817,11.910880749452685,10.965036590465594,13.244465845695965,10.18691053696925,13.522740001249478,12.384643747898753,12.836693638314063,14.429417894078584,11.936100231740083,10.583518580935424,10.599956242935194,12.87115797851679,12.261906362613162,10.155642568176216,13.750882023506874,13.167009339943057,11.3924192301832,12.080103852444047,10.819116068789068,13.176199387818718,11.623490518721189,12.744779836026996,12.43573206030689,12.014935868792085,11.474522851591736,10.339720812918857,13.319909030221405,12.374051460919496,11.559489167845395,12.298935369819434,11.530662463444216,12.830083955407027,11.527394026175598,10.362710056872974,12.511566348965797,12.507607425963,11.368040402464638,12.393887397933417,13.16003376013888,12.714467028735774,12.66924923038727,10.92747191251124,12.10518018630012,10.793489706483303,10.230981683663176,12.309474026301796,11.397469825261604,10.777940570008553,10.93165643580119,11.879860722724851,11.581411304265556,11.46718017654021,10.958455305146968,11.804194485108889,11.654251742915084,12.251159726524499,10.208554875455093,13.051697795914768,12.493362645473757,11.973725589916324,13.053109328970239,11.885545195650229,12.08529745736826,10.68471337636419,11.394771469224862,12.473182509883083,10.643313819993635,12.198555659663329,11.220280671741968,11.387159085587275,11.917682181455659,12.74839463799272,10.462032922679175,12.927384135364182,12.30701351590431,14.191911079143082,12.078851887995151,12.003801390407132,13.681803917258415,11.62070653629054,11.559702867732476,10.890828439346599,11.245641713796076,10.988293786911758,11.167898546141302,10.432107272292651,10.83061434734213,11.903923646101958,10.161245452534653,10.38843223888715,11.692213516266763,10.045129989887585,10.90526528603992,12.639526336395454,11.194240612444924,11.474445995485967,11.44195374042902,10.977100023739391,12.631129305406972,10.333541285750972,12.58001306399942,11.568750409089926,11.796081953748844,11.619240395415227,10.698272969864869,11.946990232312054,11.330432326383217,11.289880253407585
12.231863361594344,10.383939117357478,13.203095180163361,10.918509916213669,11.040908929922185,10.5636885790366,12.06543423516849,12.378498355516893,9.1833589922035,10.777586342208393,11.586963029935724,10.881273897998994,11.878738216837535,11.700951621864007,11.143618076584804,11.225799606471522,12.761232043683627,11.177487194583358,11.796055813149179,11.719102953030111,10.31117235967345,13.007106091648469,10.372341442293775,10.48725384509968,13.544864550636522,13.266852415607039,10.923955609391186,12.966191219961075,12.25146662137084,11.315883117044153,11.217099871434204,12.517152250558983,12.200485790797812,10.891365752086303,11.40245616536395,10.43371108824096,10.459780675951418,11.005551678713262,12.98801273953256,10.684680003597387,11.468552240950848,12.791747680224898,10.302947694597364,12.187478896907425,11.873187739665125,12.284518683869491,10.98650960222288,12.781289001171412,11.716529595148797,12.61418999142276,11.564056961802441,12.188571902114854,10.889732583541859,11.933596704211155,11.30605529075699,13.189644653757927,12.31447724214688,10.727451862186177,12.457351732900618,13.013363515014904,11.09518229618207,10.431182618093963,10.829665225760191,12.339646554292221,9.627474945337715,11.35851580415435,12.20653611687696,9.572774638476439,11.342260489522307,11.356455373579212,11.216831892337112,12.875947943912823,10.404502698167951,10.182632825671268,13.162054194939882,11.4969768687486,10.867722109273636,9.895161448966043,11.5292667613828,12.83641527002129,11.084069092906274,11.776736395291156,12.585470424581683,11.016859983257477,13.969503829855993,13.58720712583185,10.572658111780264,13.130426419197825,12.645438557332358,11.786808230180732,12.775066358997092,12.280558077198723,11.78702623343488,10.706270330296833,13.548960747315176,9.748214872575181,12.984949641716106,12.331839633489244,12.879782901766363,14.256642238867869,12.022583077384125,10.42588902289224,10.435799961434896,12.657682270764589,12.197352279378975,10.118227298107078,13.844155684308621,12.618136475675307,11.07046190986464,12.016949453844761,10.668213654725092,13.088789627173744,11.391828274600192,12.652313550687584,12.046831862454995,11.640277594209092,11.344210934198426,10.28255829974078,13.304192973877214,12.306986631586453,11.53383479023508,11.97093133716441,11.34583851878963,12.708819407732252,11.22184116936695,10.348854339160603,12.590614080811815,12.258752298065348,11.14142640011438,12.075846525118342,12.936808325312708,12.396432936017376,12.244638015204753,11.045090463518786,12.13196038591274,10.64028394640077,10.276296333540154,12.001182151292397,11.096758687805034,10.815072734157,10.984772638318743,11.894643283360827,11.703899530026597,11.516423531976727,10.992630866718462,11.628458316126258,11.676323700320001,12.067116014601611,10.286272329336171,12.791212173067358,12.35996099900757,11.742619115552099,13.169565778542163,11.740479205324782,11.867579853181015,9.976966520048396,11.477247711756046,12.46939444813989,10.482683146837319,11.741647185496532,11.123491198733374,11.266050412753604,12.085605474056472,12.335231084228623,10.314798086940996,12.982452997059623,12.124076387547245,13.451803411731694,11.943388609096582,12.113076670661544,13.108070221998569,11.571649964841278,11.37945875992717,10.770012762225768,11.041198044536323,11.108336988948672,11.164119890418256,10.311533463751447,10.526967658439595,11.838055148797105,10.030264670109025,10.193699017350593,11.795935293904558,10.068954151974133,10.64598749667006,12.51044816922171,10.936353719768164,11.558679552529416,11.12430846985156,11.03422937415277,12.40658232765684,10.283586688712152,12.46871693439851,11.526101436819271,11.729380233797709,11.699437943746826,10.624774770182189,11.640696896825292,11.348874491112978,11.310393889841595
12.034987504469205,10.272524353506125,13.145362641360073,10.647805287954473,10.88740198885115,10.14294427713421,11.812235525289996,12.248618896750315,9.20740856023894,10.761814522352417,11.574614165773626,11.094056157256478,11.911082848599056,11.740944620864758,10.80315307424701,11.38478560184328,12.532088917247329,11.227525772498439,11.806075158160304,11.603890002102204,10.357791399920048,13.037077274372137,10.142270951237103,10.311671246280286,13.617555473145698,13.16383521095074,10.972477780153362,12.968705813988484,12.213664928176454,11.283598613122994,11.005760378387743,12.482793021213727,12.161399910018726,10.988313902246698,11.352181760192844,10.308961683652742,10.175443965604986,11.17413467096443,12.595220807981317,10.846223218714481,11.660408803917065,12.823538482009432,10.326495954526088,12.189619692750208,11.775065242322434,12.052534344015015,10.845637925767882,12.773872828834389,11.745046712524077,12.435936396446797,11.474831546053284,12.313048649514819,10.934023730766876,11.791948715867772,11.211661356176373,13.060985775261708,12.381744820517554,10.521661464005616,12.485325299561387,12.683784652084535,10.940152444469582,10.449026705552283,10.732240524989296,11.932218801322719,9.37272746731036,11.333747227051912,11.961468750143025,9.414469017743635,11.13677767008051,11.413534526875402,11.407117482201217,12.86946607060119,10.331264436010189,9.95736098820157,13.155061354281534,11.463999744341965,10.852159436551363,9.897091081573343,11.337535061624497,12.959602794314941,10.91501479212703,11.858822763003484,12.455494878622163,10.882100465155247,13.767516808996252,13.468807071666536,10.359900423041687,12.977428838469423,12.504871013566333,11.889529046920734,12.47464828016964,12.235200997360348,11.805665326959046,10.77968713305369,13.410889118693357,9.784719347548384,12.574206014159602,12.31255291321158,12.62373096396486,14.020519127862412,11.934489070712115,10.37891137879193,10.56429152142947,12.479143268902941,12.221764720443433,10.154885925078869,13.656614756178918,12.513737039222864,11.084275186150254,11.929874947225633,10.226428498401317,13.179680923986334,11.115539818636444,12.523240640684927,11.756382694689213,11.253547510182354,11.42720038630259,10.183580476633761,13.21790065908156,12.245896820623521,11.277359635305725,12.127192782904068,11.412154776127107,12.499324991473348,11.235889500761195,10.388142672392478,12.375431902262292,12.206759126278401,11.204650673251258,12.148438191958327,12.691216587492887,12.116089500008618,12.00548122039981,10.90278362343661,12.229882299125727,10.454173885623248,10.409934008820018,11.912855901391222,11.304088523194446,10.749525245058697,10.788227280242335,11.86550407656371,11.616357637793426,11.568687964421198,10.99367246170345,11.343863589798676,11.705811106161136,11.789263539310312,10.437416557016334,12.741548205204731,12.16286695870252,11.509398270687118,13.123479108944489,11.715317528501613,11.940378708041452,9.617667712943403,11.585605534142495,12.550744639252075,10.440717871290254,11.715795200152963,11.117675719060966,11.480546771228253,12.12073149999816,12.21180579857355,10.29369411465516,12.611035325169349,12.250875551658806,13.175157192223105,11.97942958775205,11.944845130089139,13.04954908217896,11.464975192225717,11.40795570965604,10.686664503662598,11.076126438185659,11.20611870911811,11.045729699336228,10.099751640397628,10.402414941678675,11.898968988392612,10.00849263453519,10.092734787159378,11.655045590585148,10.141089480205045,10.666199687357174,12.42501825442408,11.156990879864093,11.508397232395305,11.343117082376358,10.999456912804039,12.21812878742147,10.434270138954464,12.490523232202014,11.492902069977555,11.712408619813546,11.54038171603124,10.850797470772681,11.47963284845721,11.47966175182667,11.350958407769104
11.913764302785543,10.370061419472556,13.28639932392279,10.528168723844534,10.807465137458259,9.95548845724925,11.948567850301535,12.051832918209058,9.262205758123367,10.720935567644995,11.58213373759811,10.819063646824329,12.065470149095063,11.831129009334461,10.926058953844246,11.29223197408212,12.224500367855866,11.116907958736707,11.860962540614237,11.528085974965363,10.276876221189227,12.938660975328025,10.137001956474972,10.249755952268794,13.514983757557863,13.147277001331979,10.89972099753387,13.061682282804615,12.202383402689666,11.45305197065846,10.862617629263722,12.468572005771009,11.979127194976094,11.101045978378567,11.414450523655596,10.266024425820529,10.105792260220541,11.23770846145718,12.437789641290456,10.888939805415895,11.61774863648779,12.522237773636261,10.329574233086083,12.319106755351019,11.88300025692543,11.765355525237423,10.966598610104782,12.777250557142738,11.567773912733243,12.351016540343842,11.434523669010312,12.216045699271213,10.819813968499115,11.670724888860793,11.24107791386868,13.024631395588447,12.299821858150853,10.63396073388741,12.51399596673352,12.670976001464787,10.833864016574006,10.312507453457542,10.918741478800097,11.539125582864907,9.457287424076132,11.35288460226014,11.796559779415592,9.55671205762168,10.969374406925116,11.489319701179435,11.466167533192987,12.872116438849629,10.238889619313078,9.9664424332979,13.209574678211006,11.53045607649373,10.983582462661722,9.950114194757283,11.191211335881219,12.942238559392313,10.740139529514494,11.908981074526324,12.39837938753795,10.80651256343147,13.672136485829293,13.304054306476548,10.198893287918406,13.23986543715563,12.393613353998497,11.754451735724441,12.522770458489347,12.040795407933656,11.879525610752303,10.531191727751983,13.216613487062586,9.90943618447658,12.383421755705955,12.2708489189792,12.554822681857964,13.955841471452693,11.814375926588722,10.279808101704077,10.48280170620326,12.310576204572536,12.162327001758424,9.89492913158832,13.750477801949543,12.41499982202744,11.038290263052103,11.881832517503154,10.137158716801329,13.195803293148863,11.159741011964133,12.487022288288067,11.689023562950974,11.008269808020545,11.40220332232388,10.318579217577632,13.279131818511463,12.067879284222082,11.20731473661046,12.180044670047472,11.44854645715515,12.447914991984012,11.362216508047135,10.381569490190158,12.13258409547842,12.292469574278652,10.952040173648518,12.059982130232964,12.7050342034256,11.735919205860121,11.824667559214001,10.952668763733008,12.148591688440838,10.366664287448588,10.441319580014827,11.893783785020759,11.32941114225604,10.749960987405412,10.772876392243406,11.9240668874882,11.473808618512292,11.611850219123147,10.86733373462774,11.14042981150006,11.76168713727705,11.798724960983025,10.597015268208306,12.741900446258926,12.012441132287538,11.292790458617747,13.163094120151827,11.945858784080217,11.850228113969072,9.445726021425186,11.576171852964412,12.496839409489004,10.48021712399073,11.77314428505776,11.165068489997173,11.195852219873238,11.810334842155,12.1076607976516,10.41980769430891,12.650066236169609,12.224128307439146,13.203447660039885,11.893108586827587,11.952401409926717,12.818065952819294,11.482798190356673,11.191053768251347,10.761547133140771,10.993045020930092,11.301457271741825,11.09270335863025,10.121807668556274,10.312853168528022,11.750944661515693,10.30989124840313,10.101489663812377,11.757738650050111,10.215556422928442,10.802963195186248,12.165462654108149,10.916945140628775,11.347416118176472,11.410778675481259,11.177544932210157,12.191136764162666,10.442578078465337,12.45612799526959,11.561028846774164,11.699140161347707,11.53630272217027,10.645584502682675,11.505609628313366,11.441775052044937,11.450760154174281
11.939319293009518,10.308017096701816,13.191311638399842,10.329261103732742,10.818846195711991,9.85546624243132,11.857595041331361,12.172363316891202,9.374907039846867,10.640718676722573,11.67436729446144,11.05737573226074,11.968704284253594,11.660434641006422,10.830877218105924,11.2124561622985,12.0234975890067,11.191686315868704,11.925146985474564,11.649878520997746,10.274457853193194,12.935293396517235,10.175737987518795,10.085141597975156,13.391133241838059,13.082144871069636,10.781794482742356,13.162887916934354,12.08889197234002,11.567010854396573,10.769403465541235,12.414160088500907,11.970085755936477,11.15365192121935,11.459529570750115,10.18108386956569,10.14473086297527,11.305384731198574,12.24732186904238,10.849069738966266,11.757030789827644,12.392631270842292,10.360880487943327,12.240225427215101,11.85539474338461,11.91905627864424,10.89097033015153,12.78978392388388,11.603869115682068,12.393242999406189,11.43299850857994,12.333827564938755,10.8916668113025,11.753329016553694,11.135425943325224,13.105507499920257,12.254677303551654,10.758678366861936,12.508380921075059,12.579508908828684,10.829953952884207,10.292437398476483,10.91320915017714,11.583151592612674,9.398554860874475,11.458924333362265,11.815672497874722,9.637671195438163,10.915329938633853,11.45432462460768,11.220729937988686,12.889248258484892,10.53652396951036,10.136720500766033,13.176677835862712,11.555369594211623,10.742143114607023,9.968193058053002,11.169118301697567,13.079110190042872,10.559631802909491,11.855330818659532,12.430001843640568,10.910581696705803,13.79385857353329,13.255382131225916,10.159502087179474,13.29620053727234,12.375092900780992,11.6517130717186,12.43334916176033,12.037150516003228,11.778478993048248,10.394713886382394,13.475394374727808,9.956432134938826,12.51959594616654,12.35805366652529,12.529311128931656,14.004804506714466,11.781304399129425,10.24516669233971,10.492166392971221,12.372299802944108,12.240126172484402,9.952534475255742,13.694499205117918,12.443172120332358,10.910868439955177,11.862292063973133,10.215858533362788,13.34379021353004,11.124374808918896,12.462069654781354,11.536382109857295,11.07030965055019,11.340908028217513,10.426048966141305,13.357084903544916,12.033889639351825,11.12874382213088,12.205024831872198,11.45662817614282,12.331547073190245,11.355549026137579,10.286961864209841,12.163800898770203,12.38951011301637,10.972685777330923,12.085778419489966,12.758305605638556,11.841807167834958,11.879411748266394,10.960674855548136,12.18727486575601,10.410778627574068,10.367377285037021,11.849889672827555,11.149156597110684,10.705776068959501,10.756974827746722,11.996363674053855,11.553335816134148,11.588086346595787,10.710352827270468,11.257110045249119,11.746036749841403,11.52285025879064,10.654641219439677,12.811608409550917,11.77854982830417,11.180158714393603,13.18885984442013,11.800940924882472,11.761954145386365,9.45004070892236,11.746728561713258,12.413559747737915,10.533868580437579,11.9042022903064,11.231003910037408,11.215079826186189,11.65383302233082,12.013928161935485,10.35898463339895,12.647417651238792,12.245557225537315,13.148255915853607,11.779124113773268,11.958751070465683,12.833638447806088,11.563982210952968,11.068041396548285,11.008808466291326,10.996241989292338,11.452007114543571,11.0910984885804,10.216036928563481,10.35723964550812,11.823213263308418,10.3498944932539,10.205954695463438,11.776740321430047,10.328279980400973,10.851800918591774,12.100517021168192,10.958729196484997,11.276340373839327,11.272479635677431,11.001145341596112,11.871921656451974,10.354389470748082,12.431939322765775,11.559834384012973,11.680734811614,11.605799350389546,10.652686946853583,11.546560767254105,11.470372007134012,11.495488858149448
11.951578592887808,10.367035300108162,13.087517013562662,10.500627659302213,10.774147468960907,9.855903352734789,11.782762585279169,12.18193834340385,9.413015172807585,10.5404196742547,11.70288622155819,11.019014493395643,11.912205589879644,11.767689311439383,10.706707147651901,11.134474218805599,12.04890464089356,11.32359296406091,11.835768589058631,11.582768271132458,10.33781716191122,13.040597737879494,10.008361554497998,10.124773527986655,13.342661382392066,12.922140954201936,10.765035000093388,13.301689952350571,12.127749144704687,11.50139850273798,10.891268842607689,12.362058384006232,11.902727747044612,11.119575060786397,11.445159339411893,10.208523391088319,10.1254533795035,11.256262787750657,11.890475670744928,10.696518418718039,11.76821496731878,12.341986810433838,10.236250283346445,12.176679726661707,11.926144087386803,11.996848132241196,10.760328714134866,12.812565475528878,11.63935672448425,12.399280011804239,11.358847383968023,12.457403181862407,10.754409753653922,11.737458591217653,11.241518044366794,13.094639822281747,12.222937450817511,10.578034090023031,12.614118078564237,12.566598512985962,10.799244986209006,10.349284454089652,10.962484146885576,11.73895372789119,9.363043285451402,11.52260760484077,11.677542393996116,9.320558428514916,10.890273398886547,11.454243516737183,11.226919086406099,12.868521706585817,10.465273038988217,10.205049164561173,13.135384411016924,11.593470277837147,10.797843068265568,9.975166159887776,10.992122319447317,13.16961803548628,10.57100833822363,11.808163737303369,12.566026118867494,10.985363702533908,13.672376659773619,13.282987458100754,10.19305417001227,13.18563741539127,12.406131988899537,11.591675398297639,12.370153354700207,12.02863497083973,11.720403129306774,10.267481550204241,13.46610495315784,10.00563186785,12.363133825789983,12.43060597606932,12.559740562080297,13.959913043314078,11.700934967914367,10.460926250208917,10.561994865205978,12.237697888682916,12.188760785967395,9.89019742602712,13.669108872149614,12.567254325125727,10.976946232166616,11.939907461465365,10.29817862245552,13.248029120444851,11.157725410497033,12.506060314385175,11.711989711171768,11.083539149000645,11.396929571175693,10.422636461537708,13.251042358742819,12.115420717728366,11.165715993448684,12.158577522143752,11.49877690006483,12.481550553057494,11.42198230909026,10.290338820225477,12.331273520431099,12.42870985860265,10.918380882561975,11.922111943766238,12.741723686892348,11.606332146248343,11.847589711680525,10.901988365826465,12.082591999665594,10.463913797367047,10.580265248580229,11.640130433428535,11.108610413728329,10.608631085257551,10.797265620918894,12.17469988026541,11.476366594514683,11.55842356424688,10.632121420563829,11.081390653416463,11.896381949818021,11.51212265574496,10.556388782272494,12.941326334789323,11.75820393829501,11.422528522692826,13.341694807023222,11.633323636135291,11.720826323032316,9.510848408481609,11.808478526103412,12.436859206388135,10.445745990495833,11.874143655172013,11.14278374872124,11.136223860721039,11.646998735745555,11.838839441266282,10.451502673093142,12.53993125636291,12.272021872000764,12.921234762975477,11.746299839944541,11.979582897945836,12.647221301837293,11.711156031650379,11.280362440113178,10.939538534882548,11.156427825162906,11.390009732581529,10.991762269126543,10.105930028141897,10.09808666369219,11.802403070139746,10.307722505785051,10.343581955547378,11.717064771033955,10.34283566414569,10.83109415457511,12.153614847212262,10.914981248169301,11.396765146442277,11.394062139478274,10.910716988405403,11.876610679529636,10.292421594875194,12.558419027176818,11.560222391005018,11.694549328160958,11.732877373776036,10.746349514454304,11.537477788725923,11.559165341017122,11.525316635034175
12.036183433393166,10.55559304384169,13.087492279100037,10.375140124348135,10.730189359782045,9.934115243584001,11.834711423741162,12.27638099419871,9.258398698504193,10.533850335915602,11.638186044723781,11.079408095836861,11.899192910481558,11.823600145830401,10.729015624958835,11.199084750041447,12.015851523888305,11.339893638072052,11.961339135962836,11.668569676434947,10.322572533494077,13.22566548083462,10.005661923708779,10.210251558503774,13.258429905744597,12.969174623516846,10.779604692431215,13.202684151832333,12.166940753520997,11.453617067997435,10.914703791743698,12.488609219717386,11.942994185862913,11.144498002879141,11.490530066967272,10.197459644403175,10.096224297177834,11.386620512672346,11.943134632910763,10.678912181150052,11.739321588693347,12.286360107211712,10.195731903422493,12.18754843941797,12.000460839295522,11.921016722583387,10.921541983696844,12.880659683018804,11.676899552191223,12.168824514417143,11.390939204337464,12.483635883483988,10.668265492370313,11.667453446198335,11.222921337451515,13.106792515344003,12.325501101662576,10.577976540110749,12.616686580306265,12.691364864045296,10.819326001238476,10.312534607367105,10.94662374409159,11.861999856225973,9.452470984393276,11.500798278497617,11.570430324507294,9.33180675004753,10.964450489380814,11.359901348761577,11.25487262831879,12.787546203734472,10.518982367744632,10.149833373019339,13.070719284291462,11.585955647077762,10.772831431439,9.980639607605323,11.001227340718229,13.23180622179018,10.635516701161645,11.953898774122104,12.598027749759492,10.936028523897074,13.54578369366403,13.302858223416612,10.194456847350624,13.049879413395988,12.552365236119217,11.557977743353431,12.376614961530144,12.126052223703903,11.734088718281567,10.359809322859846,13.411001461449084,10.037773113283833,12.166850544118828,12.451714433698408,12.597315823273771,13.942655660389569,11.72942613669548,10.43714553506812,10.560675614805374,12.191018428951615,12.215387848430106,9.751078135369156,13.794865046663197,12.679824843786308,10.869475937964001,11.904789208419533,10.19429775177382,13.20999242526856,11.237153295283964,12.497945246245111,11.83528324196951,11.024252856804454,11.452451534469839,10.32365946155635,13.283000196035893,12.065331175047621,11.18584171403359,12.11346647603195,11.430887963452372,12.556459390740605,11.457492744555676,10.432342738228483,12.1609729302188,12.41195202993746,11.036575269375954,11.978671902478467,12.927062034223079,11.587512589715585,11.75607309973076,10.902430831101427,12.0086690748443,10.54227001967712,10.617224690291419,11.724419231955828,11.10188315274626,10.735448516706716,10.94986548764468,12.067796493855734,11.793079954261438,11.51034329825572,10.662479134771651,11.058643747541229,12.083500470730579,11.533843871401812,10.612739669216703,12.829913677582876,11.870254895767447,11.445588400919318,13.321039823947723,11.665152734114823,11.663482742284305,9.640006048457176,11.845242913544741,12.377804403320308,10.298328319557985,11.899555173762439,11.116915480214344,11.147723702794469,11.749550564010978,11.670468068529571,10.380236236432687,12.695893972091008,12.178222472760925,12.846039133166334,11.716089209432711,11.979618727261773,12.625755784750464,11.705261065763434,11.36703820023577,10.773269828952264,10.962362876146408,11.432270110877932,11.121610735430606,10.160691365960497,10.285974282852907,11.69460176067287,10.362383443071646,10.508673557703505,11.820375156189694,10.213180950070008,10.748048817367831,12.209580479181167,10.92197034560065,11.445391898449332,11.260560040449798,10.828471007738553,11.756393642546271,10.332820971245702,12.518373525679992,11.606580535504948,11.712163242775764,11.714864537103956,10.746859558589858,11.56707924394446,11.347999478334916,11.53569675884004
12.06314689889474,10.522309368493536,12.967707623406065,10.401706749224761,10.709271492455564,9.89198037819898,11.958795412532144,12.290114985379821,9.257952231344214,10.471896450757503,11.705714333281572,11.018793285056635,11.789742228551583,11.519662561321772,10.721865176741115,11.09417096120479,11.904035014803739,11.291475346385944,11.90189267448295,11.683010565914469,10.315657595134606,13.145515846567163,10.045049983874597,10.414563686684502,13.337863644366603,12.987624019559902,10.789484057251851,13.224823620715513,12.315136113281298,11.44430843777049,10.910424543447661,12.516267440253678,12.023031172067542,11.181183116072528,11.50086952655696,10.247606226511138,10.034561707544459,11.313430862288723,11.976455530718765,10.714171882651494,11.608517539218372,12.299941327782763,10.241937695204678,12.32566459586482,11.920216719289632,11.901618908588999,11.024290477780495,12.96273645699923,11.789332296986837,12.210912739445625,11.26093250327843,12.405569925499814,10.665739556440702,11.649206562876982,11.297154970726902,13.161709734029188,12.402090279550006,10.56793032696156,12.526090881377112,12.662778558620667,10.824202937219821,10.349930185024112,10.787233492620814,11.478293665475563,9.404806450159523,11.57748792759686,11.586533019749607,9.220119923714494,10.875609802674173,11.385994160002591,11.632920786478257,12.624910423447258,10.489895323687218,10.219156002532788,13.126982236746997,11.797539283528,10.998936959288601,10.098080820656586,11.077566764428363,13.24065535114219,10.537381498667484,11.894078747155577,12.594326834150602,10.887039514757973,13.583487493907393,13.4543799282718,10.234665688051708,13.082980912963889,12.604283632163334,11.606138138676007,12.465252871950046,12.238529814017218,11.667980885986132,10.331713858429488,13.569241119519004,10.0033551510033,12.23048429326602,12.462421714440072,12.476594078949468,14.009741789249466,11.715254437416162,10.490506730709038,10.60406675834329,12.408902004731772,12.231844359442785,9.641163877051623,13.809475342529241,12.715975822231442,10.848010454914277,12.093903162117858,10.26972500468887,13.152823165473366,11.367528245392174,12.515171517365335,11.734812916159308,10.989152440334054,11.300769565081945,10.44162456886504,13.349612140661582,11.969301312329529,11.274765523098678,12.019540097076423,11.35236570136763,12.557262408453264,11.612598430534932,10.409668600643233,12.141961969781766,12.47206473971733,10.948347239739809,12.021497108444336,12.827916696588545,11.528148832840033,11.685628441960196,10.884907403362362,12.225888193362659,10.619649202184132,10.512786587752714,11.671923241555888,11.175820842848326,10.682339275807042,11.014873688057005,12.140877696213686,11.637712923459128,11.545178483277345,10.715359237823455,10.978601883641986,11.92245173016029,11.485658680634087,10.70327034839476,12.602913797880783,11.957043473159866,11.459574377313752,13.295989804156415,11.607952683910117,11.704354579293145,9.64941854464702,11.906163906441552,12.455040829038527,10.189010642334534,11.94715419494793,11.170497055079544,11.175925841041195,11.776229146805084,11.891641413480658,10.427038342285403,12.664937974286097,12.10212168321074,12.796114945335427,11.678447646469161,12.094025795304553,12.707838131184259,11.708709598211769,11.498365787438567,10.774931750671037,10.886605926307587,11.525160127773441,11.227175582176919,10.154676506526185,10.2178069299912,12.050603375847983,10.342572042808849,10.637768692397758,11.723008102657639,10.33872290152595,10.848493819580932,12.168675430838084,10.874643106352329,11.555933657843989,11.381976956618537,10.815681435546798,11.714545748302568,10.339716184220913,12.639736929420248,11.536030713486364,11.534697903740561,11.673224334565717,10.837076736604002,11.580590250977213,11.329855961467082,11.540325225062638
12.043711333410641,10.446041710005272,12.918684756326083,10.426136278600813,10.854583433086432,9.818176479630804,11.95414620630347,12.41067190219493,9.348302485420824,10.358865800411568,11.794690086734594,10.881361321936632,11.823962148710235,11.416743959180177,10.640190174533057,11.0929756330791,11.962542862690938,11.380763117522836,12.062587464304345,11.713845058366255,10.375436687535373,13.217286002394765,10.238224320019235,10.240762154694348,13.182244465819215,12.901384640545047,10.732820412411122,13.290197315927479,12.263489455064525,11.43829228103216,10.901971838089112,12.588189413848449,11.793185772448753,11.210639521477294,11.428247699889868,10.217275645131428,10.040795871686335,11.285978402277324,11.903360027829692,10.81099039213058,11.555861509783048,12.249502988567192,10.216794357701389,12.21208690966603,11.768295215203228,11.90499133293124,11.015150316465961,12.984077702215494,11.827118056870928,12.348105822552139,11.187081827253492,12.14059948911967,10.80372312400353,11.735385525360222,11.378784930526646,13.125909578984675,12.318452057112133,10.725042684625688,12.569939604663276,12.739758839473902,10.765936859766672,10.317378495695325,10.868022563005422,11.448769917434156,9.39024454520293,11.59462501533944,11.713235004572836,9.221999789408775,10.868695443904627,11.413386152827576,11.586741060103884,12.641066691932688,10.46696596311277,10.30495313772141,13.235096277098554,11.749704203926163,10.930197628657853,10.053737026314831,11.234265056161012,13.300793485893266,10.550733262346565,12.020312434243309,12.486501005477932,10.813431638601795,13.645406926310674,13.32920679911885,10.192236177856918,13.06185457919539,12.538170885686656,11.430789452575954,12.593247836348763,12.22069381698473,11.700650796191436,10.325536710700952,13.354061395994613,10.163344323746271,12.174335845103162,12.610007051749637,12.512059997581101,13.980056553826174,11.70832113558467,10.685968707821475,10.75765420378836,12.381517355394143,12.181680953421495,9.814840127718096,13.794945594899286,12.636917870782572,10.791771750931598,12.09360372801897,10.466429050489122,13.286031757430115,11.371701062471049,12.561408736350858,11.749338793946757,11.062220443840392,11.414444584725988,10.588282451186807,13.413833068519986,11.933430385688634,11.216200075963256,12.162865287938926,11.594081572025301,12.506956309030453,11.620329387786828,10.536269167863791,12.085004916210163,12.493935212481901,11.011729291042531,12.116377774852989,12.851659136700626,11.551337017554898,11.599286813205946,10.8649590768209,12.20161294901178,10.65185889451631,10.474808094076433,11.712234499260331,11.32760952605639,10.708917663628386,11.03715521968642,12.067853841551736,11.412565636498972,11.638575734348816,10.669077931846019,11.129944928688907,12.105737709657005,11.488967060053854,10.66661388796147,12.64949541827656,11.968748693880464,11.480587773362096,13.352315574400333,11.573019731465049,11.794375187051497,9.72641140613934,11.931715585039871,12.416244633710278,10.320882154224037,11.766719091356418,11.149524808771671,11.105427851920382,11.829330796456446,11.830577338645401,10.373010118602515,12.635729215239746,12.20825881393754,12.790494725374213,11.679805716162258,12.094069915704276,12.830988868563333,11.86721619044789,11.489624465771785,10.728097854238323,10.832162670608005,11.440285137463576,11.353676705174175,10.113513963384777,10.268159577720816,11.830082966017832,10.401698300585903,10.684830797923516,11.78234498292084,10.446556889726084,10.950587455496574,12.18382254470989,10.851184304146216,11.540684095281529,11.41966937021406,10.621534155367,11.623169360042377,10.343538957688002,12.572203460680404,11.600443809815575,11.626421493366998,11.716027863054098,10.734364195532917,11.615881899992827,11.490262570009486,11.66578559040824
12.222630405760501,10.483384308524556,12.856689352620709,10.609350818572391,10.933233825970937,9.964640323928554,11.928321569235845,12.308277679044604,9.438384993752319,10.3937210568023,11.777659705377005,10.996948871045063,11.843991754974029,11.44292918917956,10.693692690992087,11.079170249899649,11.98540210919369,11.41336951874134,12.009566088584844,11.770869110630862,10.53972954429409,13.18810786369836,10.249441044096576,10.186939969939928,13.194333877970196,12.926372113105112,10.594297995809164,13.368449432975998,12.261977320275522,11.438475846882577,10.931145453385788,12.662592687003364,11.858887488266262,11.134822783613252,11.506112089749415,10.223279942054278,10.152623097744797,11.249442465332272,12.008322067705873,10.790721951640222,11.594677144434945,12.261067317292596,10.206126900953729,12.078924684662034,11.729185410661348,12.134677995982697,11.08354348667085,13.10133278177427,11.737936046425194,12.398516632903435,11.282624354065362,12.133922872424105,10.692091058512824,11.678748684461716,11.352394848065908,13.140877153874285,12.509574562424238,10.714688573936073,12.625003759033008,12.932168217343332,10.800284237265062,10.439996298625061,10.846851830059146,11.670506884185208,9.387971588848853,11.480890525381634,11.908643924880149,9.369274928735058,10.840346466728711,11.372232273210912,11.64613858194553,12.551714968197853,10.41073983965123,10.329062453854583,13.26128492400141,11.829677598240883,10.989045740555689,10.043338608946462,11.214038842547208,13.34976790231815,10.571732535226166,12.009897120440796,12.529812595996681,10.988052173458836,13.648066647713108,13.662327371647525,10.184737404853335,13.07024953723433,12.477776579205216,11.290848910102877,12.447089735269362,12.376104575153144,11.674624587449545,10.234800045028727,13.36645681688107,10.223147637466525,12.079233098040072,12.662674214717455,12.574187369446395,13.970822190758335,11.696676051004514,10.508840143242706,10.954207225988009,12.503671367754025,12.216876040902294,9.757840966499293,13.740047949538416,12.639787818184505,10.760637108043158,12.041815161595123,10.413471717385587,13.274836747165804,11.502476107680657,12.467451575768589,11.761329004811339,10.933070448038968,11.43048586133375,10.34300062415636,13.369771720238411,11.735274451251525,11.230942151836787,12.221358613436593,11.511792097936262,12.591873105832477,11.600264421963358,10.453983863962579,12.003489355898529,12.359753998554321,10.905357639952026,12.107084876729717,13.037816099168712,11.463596037384805,11.7172057210448,10.988000154297072,12.18356873791763,10.577793930786022,10.435581592731765,11.764102605090743,11.34758755969947,10.79126803754349,11.028549826266211,12.151021930888183,11.461301852257463,11.634718829903418,10.6706008551114,11.283790290590243,11.929734871068552,11.47437313635506,10.695922923509308,12.59265295523705,12.029506257462891,11.475492647138424,13.29563803100605,11.648663840490686,11.81798020455083,9.75824465297786,11.983718256750514,12.46484507871062,10.34547393179674,11.744555913549007,11.131361884852112,11.087865621805175,11.939392018845144,11.860322950809739,10.430123378071388,12.688436824672356,12.285288175871566,12.688252722806888,11.603550774029088,12.23558788389878,12.884870604872559,11.761593824238856,11.627437487598064,10.763719458519184,10.7962413317865,11.345705659301306,11.359063013948242,10.180261236577504,10.34252350335196,11.908361525460418,10.206761522309762,10.607445666751083,11.718023617254056,10.465673426121237,10.92746892847817,12.09257613091583,10.910606910471305,11.504610183447037,11.413262199975856,10.71882796999624,11.66190220421993,10.395198455831247,12.573669072313889,11.65119729900296,11.650970325155109,11.82557171137534,10.576324754025366,11.614078720227216,11.3099192413955,11.659213618871863
12.150264526221687,10.438104618049286,12.955775029714074,10.491916598982616,11.016803138790829,9.899227547154734,11.891246835521729,12.358553007798806,9.367589334028956,10.49319184181965,11.639584050659765,11.110208130641135,12.03253682207568,11.52218929120999,10.754865181945258,11.039428127733885,12.015965940130156,11.453359399866489,12.008308809298686,11.739071741151745,10.503521953829734,13.305122732420056,10.280154749189467,10.180838416987017,13.136566184908565,12.878486665787763,10.550260240857533,13.457758746587967,12.179868257731059,11.369056610076107,10.946748683174942,12.654828379866919,11.94683733208921,11.201856166195158,11.665061508784733,10.216587288252754,10.035417677493285,11.153195408911047,11.924482011598307,10.697742892940676,11.531844290318402,12.289263384949361,10.367239337177942,12.20356532620267,11.732630271368265,11.899836419296859,11.152521271075495,13.111661256898135,11.681041097757621,12.376754884096641,11.258840607727995,11.975626134455192,10.91764942573061,11.650133794580324,11.41528343264078,13.146987912661942,12.612441493801953,10.894554663667874,12.349863707968787,12.847782877031532,10.887225061089826,10.418590073796263,10.894014290812356,11.477978279633609,9.380200500268046,11.607724485463697,11.97586624211553,9.437489083675683,10.845662055372967,11.32562651665169,11.449347441479652,12.457636809023139,10.434607601835891,10.254476069587446,13.248906673091305,11.962817994675715,11.065310053789894,10.106491905799611,11.078175546693808,13.413881987036687,10.512481085770789,11.962465206595727,12.718920916991335,11.105988307738423,13.676916945245386,13.744050350374868,10.27655502851313,13.073572056718422,12.427337090701748,11.248658280034283,12.439448459363534,12.556240223378317,11.712899348279112,10.165243244312602,13.391334650272515,10.113100457771136,12.02944754206795,12.657479427496456,12.659415009326578,13.979152629320987,11.702081825107175,10.606115298482893,10.949605715555364,12.49797986673236,12.244711137732558,9.71159503166974,13.677390561660493,12.590771304914474,10.759493479656488,12.000590824290407,10.522720486601584,13.155746422769285,11.53628094115405,12.436356121671466,11.867654528672164,10.75616191731517,11.619212434321483,10.277945957386232,13.366918569149481,11.74031979800575,11.19098700918748,12.306166917411238,11.642040485617326,12.73762247508299,11.57510857129854,10.506868287904606,11.988029193167392,12.29737745228288,10.842573362926103,12.180988350198692,13.070771569376461,11.610346718313599,11.613467598389043,10.94050679687256,12.064676554991495,10.516584012557583,10.605314649868932,11.687955473308568,11.322419097224188,10.835180365769062,10.927508543451173,12.054785243699746,11.33836739531621,11.706867090650736,10.661013521032245,11.361282004934639,12.135771734411225,11.475958454986525,10.752521263865209,12.437023329713721,12.004461093194665,11.619357136004863,13.413002054190054,11.596396106246543,11.93742968534955,9.80010729564242,12.030773254445599,12.538658557389386,10.382316840586276,11.723624626443325,11.239880426115905,11.001315033665206,12.035513965550047,12.117036119229704,10.494932961689118,12.5698100271655,12.221366994812437,12.61716085828486,11.607355356422016,12.336355705667918,12.864753242158248,11.65181118071554,11.414247262853143,10.751945628832228,10.790277880226519,11.37062031413313,11.235897206440068,10.134015862481197,10.288412381591204,11.76170972890941,10.27110650212782,10.65839123992074,11.780846213419002,10.42431865448848,11.094898737353095,12.133090004931992,10.89113574231386,11.611168081763747,11.50738074100911,10.693839959016236,11.732417507471581,10.540007664785147,12.685053448819438,11.599068858134965,11.524051753722999,11.899078443621951,10.626758686279564,11.561373948546972,11.257312160910129,11.72904237389005
12.053362101483962,10.461411015309297,12.919153936819605,10.533987761480889,11.04055959015026,9.849665411746212,11.930001893089752,12.25571576380161,9.327672564228163,10.410537208721845,11.66287341693186,11.122167249494796,11.955274818705355,11.423885960080968,10.805140845934732,11.068255934936813,12.034336449188865,11.31236339104641,12.03010176189982,11.723243407969068,10.517001585084138,13.355157989563736,10.400442633879042,10.172979291423244,13.223992689751677,12.862629084913484,10.602712114616999,13.447841834537053,12.116120268357342,11.314352700271417,10.989112075959012,12.80313965133208,12.001143428044044,11.161899517086317,11.60003866169411,10.27432579375752,10.01766848224452,11.033078068608878,11.911223139491952,10.84815497269049,11.526751209513357,12.230058811763167,10.436767477746013,12.237967838266583,11.68253853408272,11.845980494420392,11.31887534903424,13.186921629041516,11.748586983634494,12.481061539532924,11.288422725121178,11.949150514462257,10.902913459575153,11.576645081064239,11.450998561566369,13.143195286921813,12.635729077738278,10.962077542956647,12.284886839812122,12.94897924619602,10.838085460003779,10.271634707563514,10.945872016009313,11.284535099463575,9.35868402607493,11.726162782738019,12.01450825067549,9.504685426413818,10.801534177403939,11.265572753451302,11.6224399562592,12.555776783148374,10.479875679794118,10.374962760900509,13.252001766706973,12.00359479076777,10.999968252440315,10.112086201501766,10.990909866071457,13.487024422564446,10.54842408027109,11.848093712480953,12.814828888784861,11.063552733334527,13.760995659087483,13.742749718946236,10.312906929646827,13.087161397405499,12.38755163620691,11.196809282575543,12.484690573648379,12.562775365049108,11.6863089915618,10.182153245401,13.397927979611314,10.058577768412794,11.834387479711848,12.769352940180733,12.69684273053679,13.912480365928381,11.82682141484656,10.32502447000107,10.989513187661458,12.470836788073496,12.303877003200734,9.624449968307898,13.542312023848615,12.57025570457179,10.777574270252419,12.220972891386413,10.485714826899939,13.125358885263843,11.527997074932495,12.428075110641833,11.809654470318254,10.839024252149908,11.633765825294782,10.299184698085309,13.315493008114291,11.708720268097771,11.194570325031147,12.247007874551308,11.668845246121421,12.754582015391417,11.612860461315558,10.565980480714513,12.110003529637861,12.310041826025826,10.813091425659408,12.261999290075696,13.068217644525287,11.481238696065883,11.61022858909844,10.9832549235909,12.09300430825538,10.655966668313742,10.318401794615296,11.793192687148037,11.200403570375919,10.921486838195271,11.076008474080385,12.106018775660484,11.279852423023716,11.692116507237197,10.710234607388312,11.394210809736963,12.040691954942432,11.558947970904644,10.75738443107995,12.377735895764733,11.926294404197508,11.63189880417581,13.518338440545378,11.695518816055433,11.87665739362091,9.843485791190382,11.92617718289393,12.75799266525634,10.35248180885719,11.627561849853898,11.156189650280227,10.972830640617719,12.051738831447743,12.092432663611747,10.55414584590778,12.571063227433246,12.306991482431307,12.541886307859244,11.524907447928927,12.264256889008845,12.844959995647491,11.519027806199816,11.309057565046023,10.742452190299208,10.69403284213558,11.27712258714884,11.247638120214896,9.996291446644626,10.373676769276758,11.82510718099305,10.328299202470268,10.70873354777314,11.80330401574057,10.382703406758322,11.072117438414727,12.089972738973755,10.793110725722997,11.674242750169944,11.465206330884913,10.748556863060735,11.810478229231151,10.61368832237355,12.691068023335905,11.513512048483907,11.491767925076756,11.754519349148001,10.529814276139597,11.717973770956181,11.121454017839326,11.747122583149395
12.01451671286068,10.476602334630257,12.87863116288831,10.622774098856679,10.903593475468623,9.857556515164713,11.96120630661882,12.207396353216472,9.391649821906103,10.443198938421727,11.503028513928342,11.21436728865454,12.109688525592647,11.36946671881622,10.762837466981908,11.133968453960287,11.968810681328168,11.264360272418038,12.094464844900559,11.79579528422235,10.509605995637076,13.286053754140728,10.278085689779319,10.171254658899496,13.270351511880122,12.885498784026703,10.554621619929659,13.582711946569795,12.030620494905719,11.292721975372388,10.984820351967306,12.849515424288427,11.869065234630565,11.208031024418657,11.475656329721305,10.309482568464555,9.865152855043368,11.01180376857715,12.08899900338339,10.938849535961543,11.58469717603585,12.155612895870457,10.381531736593617,12.25639622703836,11.71795675019503,11.803623265891732,11.244100069499549,13.392016018718545,11.768210170161892,12.382055833067367,11.208050229977932,12.043131953983506,10.99632064560006,11.60621912670623,11.595246274981983,13.207409756668184,12.58190372054703,10.932261287221472,12.241983744437325,12.95469294073814,10.877307339024721,10.444732239332618,10.966094346670394,11.284652019042252,9.354568728807907,11.754262858399457,11.966323831036858,9.614982191825982,10.840821520919123,11.393800746823361,11.743797263784645,12.621617118121845,10.49389351691463,10.341638277387265,13.3221934027037,12.00461621516618,11.169023192400493,10.106843326294289,10.91372254619461,13.500994403528916,10.479186216359006,11.950556915180767,12.855508806212601,11.198940824362364,13.784383848831716,13.702305763476089,10.40194135547326,12.946571870747833,12.42398212063751,11.111420224171916,12.425062724632857,12.50051286951737,11.605969659689997,10.177360946427243,13.450518508568733,10.086684107759814,11.96851270214947,12.622668723610673,12.69190598472458,13.822532586454125,11.87016586166842,10.279882032498385,11.079762517380168,12.56442032782691,12.342841583729808,9.748017284597479,13.47810921002076,12.387446937240787,10.826109255084004,12.247055587403,10.49307660443198,13.169874676289346,11.553093908693594,12.42830639831006,11.652583845751964,10.87888825825684,11.709563570341524,10.186434923619913,13.314504910340887,11.771270844652125,11.11111810648377,12.192953047317848,11.60276249825485,12.789924094588327,11.702621461277763,10.497344526156096,12.232742168829594,12.320857692444298,10.764712689404579,12.247435277584588,13.064502437682366,11.339044501007976,11.560485494830884,10.999387009068856,12.07836574656392,10.79851189071394,10.246854019058828,11.773321570869735,11.185317489068318,10.938870440160128,10.996968393408281,12.078494253207277,11.37090959911716,11.702376863691619,10.806627775232448,11.40726632746278,12.061271469972,11.699376643422426,10.790257064743475,12.251685561119755,11.93280187809674,11.65414597642864,13.538010847139972,11.760629931162152,11.866488414615873,9.88886208677716,12.028546834765592,12.829316756710769,10.300418610531906,11.63725718707799,11.141718203706883,10.926884916738471,11.947545727627219,11.848847865942535,10.525681437046387,12.580834599974127,12.313857974710546,12.522389162033878,11.574290145662026,12.226844951021112,12.879043727487943,11.397571571236055,11.4024436728588,10.828961905178822,10.727720072880036,11.31459367153464,11.28114761248211,9.982212238417173,10.333249877852076,11.596348636665033,10.35314508193189,10.870064682899672,11.727406158518269,10.449754487112692,11.123118165143486,12.110310216611076,10.746661239087677,11.68520608682156,11.461348803956469,10.747095936024854,11.97496218222591,10.560457743008927,12.655670781788764,11.630615440546197,11.62305909611275,11.784326700139024,10.589275779704208,11.644161269190196,11.095062530047073,11.733031477354123
12.066492253858542,10.529647329607723,12.948640017001056,10.71737238932591,10.97208191348253,9.873182676200502,12.011140536225955,12.342462956547726,9.440494950059414,10.397443933808283,11.572339170884954,11.195821827088132,12.21532496500501,11.30729956363048,10.742379109002831,11.115986089777543,12.089333075970362,11.24866109227101,12.203762453066217,11.83917857848614,10.520734449427488,13.240947052531586,10.260428484746528,10.179801253261335,13.27660765371628,12.985932920205386,10.61927813542791,13.624497222064731,12.053544439253697,11.23355715323381,10.911073533749935,12.858051757421821,11.803218296281253,11.178274157377587,11.563574028689327,10.394863400634057,9.949336254374797,11.052698313437297,12.067802703690825,10.993674411490494,11.720106485627914,12.221967774732938,10.40250932924737,12.076487481352315,11.68555817579204,11.770380219062503,11.201937029552278,13.413655492757913,11.679453254647662,12.500175188511056,11.154141996698147,12.082532942634838,11.03539591271916,11.719121763608689,11.655392695193683,13.1879287306141,12.693865167032907,11.00431805045412,12.238533081361208,13.000985074927685,10.893716661257432,10.60025931098509,10.935308382368508,11.318130299959662,9.373832144382558,11.814920107832725,11.993682745677077,9.62741689610139,10.922530489040835,11.282927010805635,11.66205108619619,12.580380298414077,10.486660382450042,10.306802303172582,13.395066604090456,12.149082229470086,11.247797136305435,10.119105634099324,10.828056112411314,13.532039636047825,10.55466966659715,11.880611250121614,12.856691126533848,11.195388145789853,13.639640539241462,13.439067637870183,10.612657535337814,12.950892221094296,12.495599632762596,11.119085784556518,12.459024326895364,12.439468396121114,11.696695147086512,10.231749800936262,13.364258403837706,10.041541149290541,11.984915425112519,12.709533242685167,12.64405742836203,13.813654964328386,11.774884359987542,10.194506395866211,10.968997782298024,12.527440459634388,12.324339875519847,9.813820217455167,13.43901323867328,12.499223304573164,10.789498155071653,12.395747663465132,10.613883956129257,13.300088941330902,11.447912994109638,12.53438477577796,11.75676335611996,10.804042111594104,11.687099546638747,10.098030251669043,13.274485734215585,11.804836888214309,11.002947706334918,12.240967774790468,11.716241585418503,12.767022697250027,11.670037075124876,10.495628518482192,12.197157987413918,12.380429271247083,10.70773251147047,12.033196277497682,13.01037686097658,11.436209833996088,11.625658490847968,10.850562869565065,11.859423676763955,10.907066055083776,10.137867677016088,11.849156892376945,11.258723958771643,10.957419390158904,11.054272405739367,12.10267961401943,11.315337371456975,11.66779997714254,10.90472823385015,11.46339786856697,12.043726305811632,11.700723308666896,10.848340277791195,12.104699332701093,11.851347427285827,11.75700621286287,13.558413526095553,11.814781435733865,11.907041131001403,9.987237431249211,11.923005393058352,12.73129445807798,10.292004054931763,11.577429044175055,11.150812977743541,10.954679901712145,11.937295245648295,11.963353986386178,10.51242150978591,12.533565198284757,12.48114355244352,12.392070358291905,11.577178485011732,12.26116388630656,12.885909606313515,11.553763871317617,11.39796406903242,10.970260701387463,10.740028189340977,11.306893950183174,11.300037822696058,10.09960186732895,10.233351413491118,11.530234409611822,10.425262881519672,10.892863552331795,11.746233357899797,10.376204382325094,11.059683279622211,12.165953280365619,10.72839176256484,11.704652530475009,11.503572005215505,10.794837690667464,12.062378813998734,10.734688226352764,12.660602866217948,11.734629286037382,11.676458318103712,11.607892804748113,10.67834252528458,11.490949305982669,11.243174735852058,11.636753246422526
12.048547603814649,10.559038368030745,12.947803153814512,10.612949172919148,11.169581282958852,9.926777008798478,11.883520570870155,12.223722772645635,9.365358832025882,10.411122614956986,11.58634463341387,11.280158504391077,12.205664198333656,11.20084714955414,10.724901499868958,11.105016837881497,11.960635032072359,11.357475906012871,12.17106267108572,11.975210689890176,10.700909280600312,13.21740917076791,10.281984757980783,10.212726655385518,13.245782650038024,13.001006284845392,10.48847316711627,13.503909577162503,11.977907200954393,11.099802004867028,11.051711006999433,12.90805270704052,11.843375404644942,11.191187895711517,11.761735453718245,10.4447342423718,10.02909050084862,11.035585221902828,12.044630322461638,10.908486900575435,11.752767409039574,12.146647429305702,10.390166436235315,12.028656371661164,11.74868502693313,11.789656843214246,11.233170762338892,13.42934649960171,11.631184543801933,12.574696698481613,11.083455746471227,12.08665170921698,11.092700820500744,11.666629926338159,11.661624802227092,13.166851021292572,12.790657714830534,10.966609896018403,12.297727783695446,12.982526195636723,10.791853049569196,10.673587785572726,11.046751307973116,11.325047138246953,9.363814473186775,11.804597972265382,11.905860268252587,9.768463040013254,10.90338871896791,11.268210718582731,11.692817110332433,12.604903011834914,10.427650490628023,10.330402101696437,13.48467483956818,12.2949566627015,11.176648720953132,10.11833666739969,10.944218423831972,13.650924663745347,10.566826229091443,11.841493418044443,12.718648761941902,11.249521671938632,13.59880078213132,13.580438607032768,10.486074085536961,13.030466527799662,12.586833485803693,11.124004986261188,12.65022921343774,12.56618862684634,11.652946930970248,10.241892265216427,13.321654780575093,10.117792532359019,11.993017104525808,12.731535010306452,12.600661447339284,13.981395693823414,11.861197799030759,10.28585470528606,10.94527766866241,12.580552332041181,12.259620405268016,9.919406805285139,13.533872483226975,12.51384663576187,10.81287088637685,12.428872574673145,10.616884033641172,13.280130289897187,11.515247881404182,12.467640407311011,11.79835327683807,10.856782489774906,11.759106228286015,10.130527264886187,13.264800521175102,11.783756004372966,10.942079301564945,12.191201285991903,11.762434540378209,12.756237970687652,11.721616558931595,10.668979320810326,12.039886380600333,12.534392749196577,10.86409663059481,11.989731589138746,13.149737367966896,11.329197640268617,11.671207286504783,10.912950761524323,11.823143882487717,10.955285745683591,10.139764839942734,11.879506992010393,11.303401281032135,11.106769733607592,11.111577573940327,12.112534281954723,11.342738516199592,11.74748148482552,10.982790665032766,11.354757962316665,12.10414685799319,11.690507383634003,10.82280109640055,12.051921671547209,12.072614036360203,11.763133791991141,13.435938663801398,11.919214195049069,11.95133926481993,9.967085702129104,11.881705659855111,12.647896232090595,10.397126527114882,11.522797968181912,11.116003899885241,10.969043813915562,11.752016512198642,11.969870161923923,10.486501986896263,12.652068175983311,12.521289461333271,12.45225153677354,11.702324737038145,12.276215791245278,12.898800036669728,11.563802103898018,11.57928150415919,11.067054100940029,10.798179201392141,11.292609462709365,11.417906794884484,10.099703951582887,10.348368868547656,11.480409738204473,10.396948376597525,10.864104641939488,11.9073971250386,10.338497828841723,11.09927289348698,12.13167138435787,10.777668168176481,11.719206149884583,11.461960364657763,10.79197289464128,12.182545748807842,10.749399757826199,12.622199864163115,11.752049223333273,11.519222765585724,11.575301693894115,10.584917540039992,11.54586504295518,11.238780673436413,11.471168971061228
12.023288526802771,10.597715374013116,12.849215571240629,10.657353527658596,11.228537887828,9.816495215867034,11.986669762469695,12.298606485316148,9.296606358610237,10.337472353979333,11.663931081711207,11.370496178565105,12.309009053987246,11.310743074006227,10.82541164281379,11.025200722333642,12.029897543115771,11.344772283951837,12.177820899509168,11.927628771491166,10.663003810848927,13.167971874022623,10.246478276393152,10.026255874646637,13.369437728954692,13.005346836451018,10.531863997267363,13.523075373037065,12.149596116756019,11.152748895655279,11.007969144644742,13.030246846755206,11.832489880297063,11.268015680249981,11.8017935057912,10.43454684062473,10.08833218659383,11.115306782445824,11.98415972020909,10.986475070150119,11.726485818804278,12.152138953194367,10.390198633403852,12.07127158191363,11.73054827808824,11.74924288057046,11.081559618225558,13.49861430598854,11.62221928997783,12.752436253427293,11.146951560310248,12.026095008025312,11.166050977679461,11.720808843430683,11.655312668556887,13.245710007556406,12.917095628041723,10.984256345289674,12.223013859075754,12.976626608634216,10.762617709042289,10.713839319985532,11.075983141915358,11.434002341383978,9.2745371632891,11.86412330926887,11.960327804433584,9.728337794972877,11.017793668039037,11.393730454473973,11.617058872685819,12.6126772366771,10.487448315853179,10.27939465829036,13.637549062070473,12.363888883646242,11.169939337474151,10.027592259935053,11.019208006870343,13.581774509044463,10.55797652214891,11.828782209807827,12.755825929234629,11.234035007652507,13.590635078331381,13.610039823507737,10.534667405553344,12.877601915896749,12.565781039264241,11.194017837909726,12.580448706940354,12.610715265349755,11.77251115587201,10.226651177369778,13.19520086210671,10.084972862308181,11.988295852045482,12.766633654036587,12.717765814031871,14.06004820378806,11.862583656400187,10.467067694097617,10.887149546658243,12.504404587004322,12.399586971522362,10.036876772656331,13.680230173435936,12.683103872470344,10.768261157727439,12.415892856334088,10.520116301924682,13.216841476616061,11.582541426241102,12.572873790462937,11.682840239798432,10.816099530907612,11.68089876336985,10.187292176230775,13.293995148724278,11.738421404379466,11.101999603641517,12.199703160234467,11.677992178764308,12.675405628795994,11.845810957721373,10.734887557354881,12.050063678984012,12.391004157819689,11.032046802961284,11.886086016327509,13.204681621399557,11.512291997996975,11.57154886506455,10.935617074596683,11.827210762783384,10.994197119585577,10.018947279581226,11.945383980829076,11.302924164595005,11.040768732486091,11.128533446288525,12.1389944533316,11.461083647185353,11.81810658367736,10.916862440593867,11.32062850162926,12.118675681252634,11.644922757617321,10.82333879070604,11.957205232831331,12.19526821197868,11.764292734303487,13.468749681367578,11.957626040868261,12.009391519374903,9.96690893446491,12.011669154024073,12.650693176590133,10.373900041170504,11.439448500235752,11.274273889620599,10.974071954824726,11.850299494582341,11.992662218071803,10.419245173175259,12.69620836203646,12.482040076460253,12.227657430344237,11.77872131009043,12.28919400241889,12.924458455313673,11.634347638138093,11.547290352320553,10.898479574470445,10.897769546635292,11.318442526745482,11.408326878474627,10.02812444849172,10.253119428884286,11.528434350341064,10.426278167509173,10.907156122363283,11.978309653549085,10.319371841234036,11.03712224338789,12.265627241501033,10.783796740416907,11.57524762832474,11.386027746156453,10.731089918790675,12.227035609652726,10.720201019617898,12.676312374460316,11.715294768531244,11.626699087538986,11.457502886481674,10.608017758521928,11.488310966078485,11.31840781662257,11.553003653731208
11.943585518730943,10.71310745392168,12.946727585277134,10.67433535636306,11.341243280771902,9.810588059433307,11.915006914751249,12.341786923724758,9.198752973039182,10.23703463328607,11.563288299532225,11.356138771256463,12.193468790501344,11.25664217810794,10.884315457273344,11.046369873244185,11.948460071866744,11.374443509683546,12.059177568381806,11.915704674748113,10.53390688571573,13.206574722222735,10.306048922887712,10.07017772676477,13.340681349833089,12.942149776865737,10.426607094349233,13.543979627021809,11.95591099959903,11.282374814645552,11.029189437029478,13.132944758892044,11.71354198612333,11.192699475095326,11.840171928126182,10.372421542063515,10.1685129923173,11.165850377390948,11.958101481773888,10.845769977450425,11.673939087242013,12.079261552860672,10.450636427780324,12.182554902841071,11.69202011184472,11.721612787177284,10.945302820063116,13.54496284933771,11.7103934225536,12.596999885250874,11.302220699629649,12.055743014346415,11.29807447608448,11.576661895326307,11.783590339398165,13.34675226518529,12.986941628331786,10.931211245619721,12.173176441833814,12.888491620250651,10.905339228376143,10.665336490840286,11.100241366414046,11.407915693582652,9.229604858650063,11.980344492858327,11.990933866787913,9.633390840390199,11.067488014114774,11.409140290132482,11.467527882480281,12.490539745946272,10.481888726395468,10.403696959416921,13.652370632828456,12.382725909884247,11.166479465414431,10.10130661995629,10.907418213589176,13.52533448506768,10.49246190606857,11.824590895509745,12.681448687016118,11.092316854144764,13.63018521842407,13.579978951320335,10.50338878274846,12.84957415425485,12.59322988231146,11.06851081800905,12.61344522391339,12.609203961664292,11.777227247945959,10.213612095344274,13.146311777286856,10.119656032123322,12.00937831468364,12.825893101883572,12.64690991600322,14.186252399436784,11.762752405531176,10.471498227891978,10.844269313239312,12.569486908729498,12.445821676901259,9.90869168890387,13.763943972258327,12.679354065379432,10.87326727275888,12.602082155415104,10.637612585895948,13.111306012812747,11.55152877839062,12.584548811793836,11.617238219399526,10.966529012672034,11.816833463787864,10.128284034273653,13.250117783354534,11.826948743696569,11.072134115806401,12.264270598298864,11.615516844757751,12.705344371341651,11.868482359188306,10.757718224333697,12.072748423965601,12.515068607772,11.036407104338776,11.917530295447515,13.106211792485654,11.468074180554867,11.537595556999365,10.978806381153342,11.836019052428574,11.035510898012635,10.068006654420733,11.848121352875468,11.417310080982014,11.084886083416569,11.125547258173365,12.25707461192331,11.476901231633173,11.900839620372148,10.951530276362627,11.148274746585225,12.204944082014734,11.697443561142908,10.834366846159096,11.83974394664569,12.25524575501299,11.803875881777813,13.43752683877236,12.042169239953983,12.021260271006389,9.951171017608981,11.940788747357233,12.701196008649502,10.467712623157025,11.502975220612445,11.233042668390915,10.983238821606012,11.773743845500015,12.175757007114889,10.461429506401602,12.824145601399676,12.574581109169122,12.082436943416822,11.91212282861187,12.149098040152616,12.93764145400383,11.667632794932478,11.622981792886257,10.80961861476411,10.813967315438779,11.412555826759037,11.46167496325498,10.045063879810272,10.36781747211759,11.571679584725027,10.499947436305822,11.02582549379424,12.004654173642521,10.30702636916504,11.108559360263586,12.287303767283426,10.84195597992593,11.566587350838951,11.357739783753674,10.80895768277896,12.155301478622833,10.744106874829743,12.674112531919311,11.73777521891706,11.597607599414042,11.27538844683292,10.600900493470292,11.416511373457984,11.284299488841778,11.533414958287771
12.071413097108563,10.649305166611828,13.034993428495971,10.710209130580894,11.246329363851673,9.756385578464934,11.884310755845666,12.253674410370493,9.226489678117,10.350366055105365,11.604323456027435,11.475918781048831,12.178462581544741,11.266222929611004,10.939638293445691,11.016567729301789,11.965058889719309,11.381050078281653,11.910614313807386,12.018247960396748,10.501462985574705,13.248827954859072,10.509640481209686,10.008315264421428,13.37835437019738,12.857360132070747,10.657857892020452,13.615247778191241,11.89346424624036,11.216553387047005,11.011682816856853,13.135618987656235,11.702602619934048,11.151615786613865,11.814714911339943,10.28283663142603,10.312980478000188,11.146427561821076,11.95682382722257,10.834349714664745,11.726596950380541,12.010943049601163,10.487782194995123,12.21202451629759,11.607684656801975,11.749727878588216,11.019244008589864,13.514424058748435,11.809440909710476,12.628285759388143,11.175994595848843,12.022201092252628,11.386319452966111,11.471496678605025,11.784496359020443,13.32397441507703,12.948410924817336,10.92465260605594,12.233529147141681,13.097338528415378,10.784569075569673,10.657526364645902,11.192184949793079,11.400172028925194,9.313068369145624,11.868471286828209,11.909061716189271,9.504616519208595,11.063002885514335,11.522394469406207,11.294539953925804,12.59611316679011,10.443714389124692,10.475936537928115,13.592265256370055,12.36526542423839,11.161683309574713,10.109040752357934,10.924287856521124,13.723808917532672,10.60586739456791,11.899205964392657,12.775591627684065,11.108371238156193,13.738558712383343,13.561747139509382,10.40619603665701,12.727742035184571,12.596826730269557,11.020429938979705,12.528423233212177,12.572149250401523,11.658603463125532,10.251064171157248,13.097010273842653,10.076123631701625,12.165175686273416,12.902189493547684,12.50966231287563,14.233491418642469,11.730813688486512,10.453239214112177,10.807385349596805,12.671484980711057,12.448411743354272,10.046274576585304,13.813857198007355,12.572526255153099,10.804401250466613,12.728464040086177,10.66881606321233,13.23675170266163,11.40923540858771,12.707372944075155,11.573524226294765,10.948694694272197,11.943088543485507,10.048276729682023,13.311548026966129,11.923510367090826,10.832602827443123,12.332504542580425,11.48834044064294,12.67662986740339,11.925474430479873,10.681034867265407,12.065078067998122,12.59916858484355,11.023850363897607,11.933239569854907,13.031375474241633,11.40945999160417,11.702753655227713,11.000742287961028,11.771977332213975,10.981039259470727,10.121084444979164,11.813791913312166,11.345996309142569,11.088673047248474,11.045313234752227,12.348437877426859,11.483579172099317,11.864451917127903,10.970082560952429,11.26647936484601,12.237866710087562,11.81506137711559,10.890500692669665,11.85655839312504,12.407789326964151,11.612420280480718,13.443893226615021,12.142064641583953,12.158865896110482,10.137412213938976,11.942609488984449,12.705448351051366,10.40075797875481,11.337173053300425,11.142246502190488,10.958697589174061,11.751244660449176,12.221382510954202,10.356301934336715,12.755857386021107,12.721541545390458,12.025243152451461,12.056804200812088,12.227512936768008,12.905536642078856,11.598604748158952,11.476552704210713,10.74528069361494,10.819856800036302,11.451722274790916,11.44895915166296,9.943705326567498,10.270487179480877,11.455653058054015,10.314626455688936,11.16111470190044,12.013834357615215,10.213088766924006,11.231057803336398,12.358872985324812,10.827494712088294,11.575048280020674,11.25506560827325,10.8247176697665,12.298345448770652,10.755012851468734,12.554472807443986,11.757207080885266,11.593054241271478,11.219594271981641,10.51159871152313,11.388722475726322,11.294385212444071,11.555428286025045
12.031543318106456,10.666941080421712,13.01884641024811,10.75257453544537,11.282428862612939,9.646154418849926,11.919245625736737,12.263475102545907,9.295998139862187,10.490539959091238,11.575751336565572,11.570675195133123,12.105041592112963,11.356049556591692,11.015254993013675,11.037184268589492,11.925094897997004,11.354373077716627,11.846064539186724,11.953250220338502,10.636900712849885,13.15776714526834,10.491886715404608,9.987002664061189,13.273669247063314,12.954043710619862,10.688940439190132,13.792909300869175,11.864058836339298,11.206356055418725,10.8759424831922,13.171909283532141,11.72324938487148,11.242325912982212,11.768512258448695,10.250285120766076,10.30594812183452,11.260228907912337,12.048559998338744,10.71325824290098,11.905739555745361,11.88334909525447,10.452701319704506,12.219119918290257,11.655317316473331,11.816800745834659,11.083280221638368,13.567659666727067,11.868715904370156,12.741557631426138,11.256987839030183,12.028935228008166,11.408012877319308,11.432620647766436,11.673816311421179,13.22540721153034,13.109102266334094,10.943791188407292,12.174937717088046,13.17769483101644,10.861252676743863,10.75111365717545,11.191638675330367,11.342919171804061,9.175684707736925,11.791651073531831,11.943748247160185,9.486735874150906,11.066662117551473,11.617481620133988,11.448286093299206,12.543788026076506,10.280912547933221,10.502987622719466,13.74995106450501,12.394232152989947,11.251307982560173,10.11357666540139,10.744786505524813,13.732054585374295,10.577750133232833,11.795878785613594,12.79600384161701,11.136551319022045,13.568305260929856,13.468476674522789,10.428769100545342,12.662462962996438,12.523862013442056,11.120514119310773,12.55045766881515,12.622818797303811,11.57064140877131,10.106128239790673,13.254019451781323,10.100821504208438,12.081065989632384,12.951554318868181,12.606985243015068,14.386614923522192,11.710589735283206,10.6364958962177,10.884700194857622,12.603810692179838,12.495293984498874,10.001365332581187,13.948333654158008,12.539043316756285,10.924090324066828,12.66350332373851,10.75555482116677,13.207496485976346,11.35244707694651,12.810482489923045,11.538733098630633,11.01402085387967,12.008556263470318,10.031111249802121,13.353742896408873,12.073609783990577,10.7867260874247,12.354176627465524,11.467389789412984,12.77369418258069,11.903275829092891,10.750725514021376,12.11730210797153,12.65265542962396,11.083423338997838,11.952059670368008,13.286836192875931,11.490947860988785,11.755937724151785,10.968470045436861,11.837036253004072,10.944655739678447,10.109833840055254,11.891840436669115,11.362540865965103,11.307146633665427,11.005808009188257,12.396993856748697,11.454914732077937,11.75016624442726,10.975580322470663,11.124597749416115,12.098663090555847,11.738132862072899,10.942534671642386,11.93391976740944,12.384606430108606,11.607516556031094,13.548815022636695,12.233083030371077,12.218863042729877,10.191642599924274,11.943360262970964,12.81187589579543,10.465000209366446,11.298099607091281,11.168582516435217,10.959505291403906,11.826799919820719,12.282687798569386,10.315594161088871,12.70746582379771,12.743286132753875,11.978600676804902,12.09919940464154,12.234244196855654,12.731459981007045,11.443230004095282,11.368499883445052,10.730905469756028,10.82604407784043,11.460629144629662,11.581493894507746,9.84649818076848,10.317937579145045,11.562193379721034,10.4271094299222,11.164093447430611,12.029295928535815,10.086120552583036,11.173402658175286,12.6305500465774,10.767560724330826,11.48752357929578,11.167442176003636,10.816822872022499,12.305608283310766,10.805053879447392,12.51026916400145,11.703338612728631,11.504061211753756,11.338572156786423,10.45591005283196,11.396323152842534,11.350774884931953,11.657096818755347
11.955087161926755,10.706520025738817,12.897055936400623,10.704942626643438,11.323061652801488,9.80759982983271,11.993601007899105,12.225296771580936,9.293328296178107,10.621126885848478,11.523748985440154,11.673373395497148,12.075759033867213,11.396655249215494,11.099326619584998,11.083617788553592,11.878553907134473,11.366453931541262,11.887344356070187,11.957665041117444,10.614182539763204,13.0801782453029,10.581978674530037,10.002634151845589,13.22558885500314,12.916322835837757,10.685900316165155,13.90914844126319,11.946621524724135,11.303082862431397,10.861535473168958,13.179933338323394,11.73689130845435,11.16996847680654,11.816088830900062,10.347251333998912,10.297676111495429,11.317340079685685,11.988671334486915,10.629044214265937,11.8972099311746,11.933640711056919,10.469193552736115,12.240954420087531,11.583476607032942,11.733602022636616,10.977120788906102,13.587733629842088,11.81921285222673,12.775563047967896,11.28299948893089,12.005325404327571,11.374377613931529,11.449904247629275,11.724491306366682,13.139667236786353,13.170833362938309,10.986556133402686,12.14409043835413,13.172170765020237,10.884895679449421,10.822644510623057,11.249815778622908,11.255120879348354,9.166723268127196,11.834637655038188,11.980524128171936,9.458251653573203,10.948404154777688,11.50995526122763,11.3763777123631,12.659847044835248,10.254251448144357,10.425633060581857,13.819884588925554,12.385282265862317,11.214076646980667,10.119363416699093,10.972928668148981,13.709459269629363,10.49373269249834,11.932998040256056,12.751150131077553,11.075194562646802,13.635789582574155,13.456637269272953,10.605335347007278,12.705825802989661,12.593199033969771,11.114025069892081,12.642227776193396,12.701992667048417,11.632447158688182,10.168099762162962,13.314798720668195,10.076235634006627,12.056597709048058,13.03791285897826,12.58711957270598,14.470074450635256,11.72496512467292,10.675876304894441,10.97478615153484,12.696243324832716,12.376590882412385,9.94252417440266,13.905150731640543,12.43986166050304,10.850716962095685,12.729293700842932,10.827892394145737,13.2146012761108,11.356186226005844,12.775354908465399,11.67544379586831,11.13112004009532,12.028971299987807,10.012465663935961,13.393005417375313,11.96012077219092,10.759600137549214,12.589171196415121,11.344575637189601,12.783500328431789,11.845592646075588,10.63855876033007,12.061087268031265,12.478916329087012,11.131101639627744,11.930428701244631,13.448857034655857,11.451925834392755,11.716055968957303,10.883994353684184,11.876438930503648,10.878222226715529,10.122883109704606,11.855265297291224,11.410753994571456,11.364625242786571,11.008264512618977,12.343701716322096,11.305234790421096,11.649503964930695,10.82383784387285,11.227618833231038,12.111909076314904,11.849234545095918,10.872012424996214,11.998462085212065,12.278650858493917,11.647197037545894,13.51690404153874,12.227141333478517,12.296295318626873,10.25847852057674,11.903809192623129,12.822750222613601,10.561472658724602,11.29977886111612,11.084609707014232,10.939995980972034,11.789547233969733,12.280162184423315,10.309737116841864,12.764109930005795,12.82156468211786,11.925225505115945,12.163911315703851,12.255999205108983,12.712821579735792,11.268111372219924,11.360794855452527,10.57728089368078,10.786584644580236,11.585759392729122,11.542799833062364,9.870650651872552,10.269264531689556,11.446319065586628,10.388231578509929,11.206686911266335,12.088149241306008,10.170669079337419,11.158052974497304,12.69036741272668,10.867138402939617,11.500599833846904,11.218374782131685,10.842284445757105,12.182752737003817,10.847506904342312,12.647811293646205,11.696791636064987,11.574247140570778,11.52097281221593,10.46892925139092,11.485656686018608,11.455615832300738,11.686473898384854
11.955284754511226,10.623029038569086,12.850679965997754,10.753249139607755,11.412127729427015,9.817504634754718,11.987691849627742,12.275713371405299,9.408304074450028,10.619990924179719,11.592128867551187,11.50977106312878,12.043087878558026,11.457402155322022,11.190933945950754,11.152705533356226,11.940946978897985,11.449316377205,12.010544427770323,12.034065426183986,10.604782276213905,13.174734169610195,10.69039848612094,10.095976692954846,13.251843343279893,12.917290090706276,10.776512940471553,13.90818734422643,11.89764422402504,11.431584644368396,10.83783789783757,13.176267241622933,11.768075487319296,11.238246637950494,11.772995410507763,10.336679957247176,10.214260866257183,11.216869638655377,11.925155682689283,10.65058029674244,11.810954580572808,11.797460529162588,10.485336518544814,12.175794285678569,11.705339934071748,11.697775315187625,10.93446791858751,13.580082679130664,11.841247515519782,12.8602472521598,11.2630441264151,11.933190737358643,11.407323437316132,11.490952785683719,11.772276234673118,13.12844925595998,13.155085115033591,10.939323038059454,12.227031953010146,13.192301454534316,10.824648684605489,10.807380078936738,11.365118138929633,11.332968508795151,9.201577186098252,11.991171119050431,11.977298008230845,9.442633980858542,11.16935382190982,11.43906432393221,11.401106810444084,12.616217998868372,10.163300494422876,10.564054089747112,13.89795445382254,12.260037476048984,11.224258986051996,10.06269723216607,11.045946620723639,13.492497614659431,10.550799527092957,11.967776636038314,12.600242436552875,11.063450122432577,13.587311309151394,13.436699750403498,10.494293347397859,12.719174847128103,12.636536548086013,11.118394924036922,12.737180078415433,12.771371347497315,11.656714775043493,10.106435016756471,13.210794761221727,10.090764503672808,12.005096406683064,13.064846924962563,12.690973060160049,14.478525511357494,11.697235083849662,10.797403759737787,10.922807920709865,12.723675615891917,12.414628056857568,10.015771658232113,13.857931171544998,12.373939572777445,10.835473587424632,12.777903006523848,10.877050721288796,13.223215668837351,11.34885397527262,12.680282164942764,11.739751051997175,11.04970553982207,12.134682006538354,10.05150858333442,13.53639324681285,11.912613703783586,10.84003341927419,12.664430315013147,11.364498059294561,12.841816987581993,11.767725626133961,10.687238747752625,12.22993189775271,12.47498139912635,11.054929322218289,11.816162305830964,13.609710249295762,11.554245555550072,11.745986751564153,10.838032810165023,11.931367634949678,10.99171431399171,10.073168024158356,11.753437333171334,11.271981000930067,11.308790086993822,11.045970871911056,12.26162905147552,11.370802594765216,11.711264023979226,10.900502373670747,11.12453329088059,12.304496827296866,11.80435620683619,10.948258352864535,12.009058920687428,12.253769018510193,11.515468653319358,13.540976459074574,12.253857797862869,12.347801267050379,10.369081591609412,11.916450878841912,12.75381896994599,10.610038466070248,11.418328186645578,11.143510930934452,10.91849664800048,11.678417103805977,12.216464671768563,10.330568374682365,12.901775385025129,12.872784088718975,11.967332940914481,12.171683028636966,12.228765547277678,12.715625063122037,11.285728470575753,11.256610027923099,10.623784889691763,10.829666469044302,11.647318179213498,11.33934094183164,9.982108752546736,10.26075573639107,11.32242690384639,10.478869506257093,11.185883952888696,12.181145691335002,10.333486241186577,11.064604600905199,12.8696955191641,10.809469712444015,11.593957797563407,11.213729028007045,10.974520246019908,12.097688994613778,11.038738255539704,12.689584143910306,11.586382638396126,11.64364085714208,11.62123035111936,10.52817077706363,11.547419321192445,11.392925717220635,11.673106985505388
11.900665306867149,10.56125205486785,12.785764013470358,10.691999917772545,11.409290531932493,9.870656188195147,11.87968788464518,12.248297732945982,9.44512292147216,10.657129240302446,11.641379549188201,11.510947021674715,11.99381702644071,11.383283521950533,11.09797110367709,11.281925950376328,11.969559202523754,11.36235531599706,11.98305827819865,12.064565115665754,10.63874648184371,13.266488170958963,10.632151636544043,10.327949674361363,13.297956748486751,12.838978351634163,10.774656634576228,13.884906704145271,11.912408921784815,11.445804371588972,10.906748222589107,13.102132993900899,11.801717725094829,11.247925109026149,11.756724947189886,10.282766260708994,10.289728287079031,11.330471734629635,11.944892866108377,10.607815654580667,11.936797824677916,11.725996028062724,10.562158659652138,12.05690058835228,11.63435013233447,11.726874221217763,11.070166299028523,13.543123885312466,11.93095040943798,12.737882118312546,11.364069683231802,11.897971498710584,11.31645689425794,11.491867672184963,11.721940264186316,12.966963032418155,13.17103941623585,10.841353906699148,12.284745956137485,13.286508507780319,10.79616173367422,10.843389865452163,11.334796951677255,11.304541630455326,9.279460176149959,12.028734054728005,11.962573973509498,9.482035274119681,11.135351143753805,11.363172137914331,11.568272281092495,12.607485535339416,10.217913417856757,10.678103400993983,13.861371332728822,12.317827029073438,11.215403479581502,10.196197681470203,11.032602020970575,13.445043721507384,10.645139069638468,11.930941996501696,12.677847442173434,11.12873644706114,13.565733885543672,13.313405421102791,10.505334679710236,12.573572894229372,12.682402252587195,11.181051513897184,12.708340563970609,12.728840211557102,11.776696716495474,10.25941379957051,13.263055634001423,10.141760129781366,12.070515618129843,13.11264752524822,12.67015895413085,14.491345409772936,11.915746303966962,10.831108064024377,11.044615849255376,12.84586192923612,12.466736613840242,10.062848544383845,13.937011476526472,12.244178829201973,10.87314578960828,12.820260350405096,10.930525333130495,13.203818047250264,11.267681124174278,12.670096889596483,11.797109570078714,11.011309575808209,12.229354614818737,10.119108625921493,13.481592068170288,11.884019680249004,10.776291958249473,12.576501152701029,11.555561998760885,12.888316706385295,11.781594623295927,10.698002164045802,12.194910252317795,12.536087892841893,10.896157295951067,11.824140706220401,13.719335065379958,11.472963781831751,11.67016015747048,10.9101821945818,12.09052004833513,11.122569600664548,10.03958321143819,11.601293189178211,11.325600832751656,11.363852243839933,11.116549246274635,12.29027671546635,11.311969511147149,11.736338935724387,11.096848889207243,11.249684863774652,12.387640547405946,11.802585094964124,10.89636651505364,11.992823884404935,12.219715772262658,11.462152882101282,13.503559464907498,12.238459623174203,12.301680327682188,10.402458605898483,11.873668525499356,12.710492301838238,10.517739312268999,11.375265811473355,11.188264468448537,11.032619362552591,11.68136573550302,12.259658022752802,10.34998281424229,12.991913559913847,12.887550970723696,11.942631580614407,12.100217629197008,12.039612783372213,12.829757306990032,11.322374646462267,11.322022396428544,10.76694643224779,10.773873169951086,11.636704003934991,11.370365264995002,10.031056204693398,10.281973891020268,11.404181206068026,10.548565063681464,11.272749089342966,12.292524418989547,10.341298462530773,11.114249603452073,12.993890142874154,10.847665436704933,11.613352632579772,11.124743829009647,11.011893398332155,12.217748818213323,11.132399941636704,12.67956316406584,11.592641577211822,11.547107654680616,11.654366447115304,10.616313888338102,11.591745562872601,11.336562234786497,11.841057236714441
11.892060808961919,10.548546851048812,12.921054773814907,10.580036674483665,11.462361905646791,9.891494838561224,11.949591183612895,12.209675662324752,9.441853046967356,10.727290414378343,11.793100855898029,11.548752730904956,11.951152420335257,11.333192474123504,11.199737548703196,11.367825799132719,11.944836707275474,11.31958417289427,11.840767238843194,12.08733521425614,10.619625452843838,13.17371901204359,10.716662664468384,10.40899606399813,13.246707095357305,12.954095795440915,10.7011326427046,13.916590550772511,11.808818128438247,11.496101419784901,11.051682200212117,13.145299468314919,11.708385930054549,11.272052127766669,11.79679611673049,10.179984309778527,10.25829871199565,11.353416116399611,12.035316009391188,10.756729708041041,12.144324643224847,11.775514300525973,10.53563235564244,12.001753049076815,11.635757768509526,11.807147530463624,11.02777973096873,13.604464464203511,11.95448927212841,12.7623095900052,11.299372212709688,12.03056420006482,11.258625390454709,11.519123902841276,11.837496455334081,13.006067177087925,13.072878943741967,10.955201188562894,12.428383737631298,13.358763313674933,10.779845994890628,10.92151347264811,11.335641067839566,11.35104084644479,9.477176033111892,11.971919993228822,11.9271646262473,9.648827243189206,11.183457836051168,11.425825835612109,11.67002634299609,12.679519088682076,10.272877384763019,10.534162577602375,13.92947108890851,12.344639490081002,11.301170109331181,10.18248380816892,10.989040878857194,13.45020363312824,10.747436581063505,11.926311622647244,12.571768677859335,11.13450841384491,13.346012289569044,13.254274421326262,10.499534287153807,12.661064876813288,12.55433299029351,11.044839618663044,12.613084451837294,12.64535508731282,11.7924610040094,10.22250501924177,13.324797990174323,10.20421329573193,11.994899720554585,13.146996744545941,12.659697447400166,14.534129521827778,11.877407198355778,10.98588091409452,10.979435391716189,12.80743553455882,12.47299772989121,10.00148547406568,13.96324759804436,12.359874331052714,10.817709378645098,12.876536663193557,10.958156954694513,13.297478457353316,11.235436769505677,12.623992186636157,11.727020503568744,10.948749781871598,12.182312529719516,10.123110176775441,13.412166994786217,12.041919372498228,10.802216122854748,12.536209925129626,11.58569466167233,12.87742415925559,11.79159367630563,10.658332780815355,12.204137834284843,12.508219568605671,10.855107090997691,11.73910162323919,13.764266132276225,11.492265241616819,11.548515796925816,10.729972669152776,12.096885240839788,11.162451585484673,10.097275461058123,11.706085928890124,11.305383509788857,11.3139326356791,11.222514102932653,12.314432343885839,11.417835774616512,11.683137389444878,11.090236425945179,11.288273191131946,12.321621071291773,11.850262688356736,10.959122301302404,11.939075514102107,12.162029545533162,11.560860349643395,13.510801318654398,12.36867866692995,12.346147851612534,10.427037510403908,11.876515109505435,12.771892361367911,10.51418049071187,11.487807145634815,11.245218147807178,10.948779356422685,11.698945760604017,12.327514414145703,10.365711826218925,12.93658966633454,12.801324731640333,11.98640539565727,12.07182527413324,12.014129966241345,12.85907003647483,11.300516445332601,11.396411740461545,10.707315204187251,10.760577009049854,11.58348208269917,11.536951116417018,10.11572277457548,10.240196669076287,11.452394611057947,10.448646437102466,11.182998324635165,12.275082119146655,10.297284359731341,11.11468550654872,12.912270557503637,11.037189812915454,11.788388836324057,11.220358066091217,11.087209029321642,12.248481338750091,11.226316123783764,12.804302845709714,11.704576546429061,11.53057411650349,11.730375982561883,10.688143476608458,11.572876730976805,11.201338015634164,11.866824497996562
12.00887283589199,10.519623900805492,12.872099799844635,10.54060010431192,11.352803498926798,9.853740969472538,11.960256718539728,12.228705574063648,9.43393727351269,10.672096421948885,11.860776848012735,11.488357655886668,11.997266965172733,11.481704403164846,11.192480133299634,11.26664713582587,11.845855235214067,11.437369410607205,11.865464825830742,12.12848769469576,10.640879783161097,13.124362308276961,10.643072271056711,10.348012977228434,13.125946721189182,12.972160988869776,10.739808113693663,13.942723561391638,11.719664281288043,11.524423194813048,11.03870488009595,13.284369113045095,11.800203899879186,11.314150598017935,11.839597254626234,10.147158054268955,10.367889435135133,11.227174666698492,11.998086678916705,10.741963439672764,12.13425985520841,11.915309473274174,10.538035695091406,11.916487152532277,11.66970878009818,11.750199977889709,11.175143459482387,13.67309748221555,12.000289891187657,12.890100947043349,11.455045177434943,12.059254791708003,11.370945329322376,11.58464466889199,11.737708297978491,13.062301630084544,12.991183321605405,10.915515592696948,12.35542715165099,13.479003204083726,10.879827583308728,10.920032815121395,11.457852271913303,11.519346615142654,9.515091871664644,11.953766379990993,11.95837396719711,9.665770579927054,11.172326352430376,11.51491472436523,11.704905335562522,12.676998941944344,10.428874226908189,10.412041539255453,13.937422234205366,12.319046105626175,11.514141802585055,10.244149545526085,10.977417495700076,13.45250334256069,10.832315006105366,11.82943853017855,12.596369344005987,11.209016230201113,13.28194763999954,13.174251645839561,10.429148283222542,12.677259430725293,12.61879458154384,11.025419090009295,12.546085249177498,12.587695139504719,11.855991464940006,10.249109402079302,13.540185873343685,10.333695491565459,12.095729526302529,13.225136813779518,12.780297064839862,14.549921634598785,11.73249266966798,10.871815563183434,11.037863626182645,12.679092016939608,12.530088887484515,10.0050843295336,13.905716896232107,12.347271854575029,10.767192325390006,12.898290653267198,11.018308667118504,13.094610788425056,11.231682124632115,12.602084962241152,11.757704003277938,11.0639784963422,12.17672063591731,10.041235815967003,13.326485445519111,12.171199662003794,10.889544542636115,12.414624959053866,11.650253162587994,12.939634335724056,11.786776026884358,10.596144686263232,12.174370179753288,12.577718129957935,10.828764086921494,11.734103968066321,13.769395474792514,11.417392562408331,11.585119845162511,10.6354893443236,12.089586812212497,11.084048540338088,9.97284533018065,11.743986531066849,11.451915663159848,11.441509603847946,11.329080975421332,12.300728612823097,11.435476107033436,11.63721269923847,11.135514304526172,11.230554539846796,12.322450432860778,11.81282444333042,10.988197258308002,11.79410465936625,12.14389373399672,11.662072052610062,13.540053897467821,12.286459893757463,12.27393256555174,10.233550549924116,11.871689588321045,12.720500165900269,10.538297081842824,11.585090837089,11.192685714321515,10.956705164298754,11.684694243534992,12.392573009608558,10.473360651112415,12.784661782447309,12.876176639244186,12.074568562998143,12.009685777092947,12.022684631214421,12.93650103000873,11.41884649556841,11.435307173147867,10.692201929818811,10.71006545670636,11.66487927358266,11.680901258561674,10.068363979384076,10.268894604925116,11.443188627932807,10.455470899410566,11.189863982445695,12.331025761305291,10.219159388806554,11.10686861018865,12.897529621831294,11.110273547645967,11.75697321312285,11.284005616496078,11.265646446555085,12.333654403276416,11.119463373680981,12.77514950854122,11.660513329288849,11.690042462605236,11.804548978766853,10.872178712234632,11.34973731889779,11.219017348246249,11.787619224775735
11.98315629775659,10.623084036962881,12.941451234859732,10.565682485046715,11.299276255250813,9.838613247100358,11.987866346060224,12.178420081439786,9.373493728475426,10.694599998896765,11.858711994613596,11.570039763455359,12.044680324599963,11.455986847206862,11.288742863121861,11.043245110046826,12.0314739420191,11.52442428971492,11.809410713782002,12.15758442821767,10.606998617613609,13.174138026222497,10.641461397645502,10.360179015369667,13.17435517368183,12.963156455075543,10.71516833639536,13.895423227755233,11.664440566728981,11.552971222515934,11.058518028905583,13.223812046495937,11.758062978551754,11.324403071983031,11.796440840603989,10.211651878471326,10.29421375110135,11.249345259089802,12.123379095405877,10.72916788511553,12.128531755403836,11.944249375439062,10.498145887854616,11.996625056116875,11.619215211993877,11.670736248315901,11.137775290243516,13.794711398427427,11.924609255441174,12.771419469319698,11.385258784090192,12.079023644248853,11.395853602856944,11.644930540644436,11.747542626564037,13.146552223641729,13.176887305599324,10.944722081996371,12.462152682995262,13.425683037819834,10.824287365027853,10.950918668282924,11.539892517346383,11.544078281505348,9.449570916891153,11.988463145826714,12.044772301579462,9.508403322062097,11.20368185435832,11.494108856491469,11.61735233651729,12.670043134196495,10.418349752077887,10.253621795456917,13.952701592903159,12.414745215154788,11.510646337130853,10.387913671304874,10.963961157749324,13.473545385950104,10.857209742028571,11.906780182792419,12.682596299188331,11.167136528795837,13.393351954034816,13.179807977609995,10.397467657406485,12.762565112476265,12.585215980324469,11.004911285008305,12.48914468207847,12.633086835369616,11.89993766102243,10.425076799583534,13.57214923959665,10.493696283762791,12.059174316542444,13.237661646455278,12.68502839269955,14.551286850642436,11.623654969781372,10.957142297283918,11.14357610704743,12.597674759401118,12.576079240204256,10.032858814500887,13.9620554397666,12.359670092939057,10.990872895441962,12.992353386887046,11.057626425704878,13.099972135508862,11.24240944135856,12.667579994509149,11.72592431628846,10.940037841454796,12.05070744682136,10.049305327071728,13.259778848916648,12.137313884776251,10.892918186185337,12.359623217952436,11.60275339043185,12.88539612553903,11.668500197856845,10.578215598266029,12.124628886051447,12.64610167351782,10.916632736033883,11.80733070026039,13.96188153137291,11.453440236540414,11.58929226160523,10.563083010356332,11.98942971875806,11.069029938888075,9.994666401745102,11.740015569974945,11.559480973433846,11.5443115997028,11.355712664102247,12.247318516188496,11.403224777141338,11.656573722362939,11.15413917959257,11.163012786395026,12.357187709548947,11.79702967897189,10.953535432115347,11.79946291963631,12.228659133164095,11.715717457889292,13.38225009963008,12.19120821012962,12.264565754733459,10.23511498444578,11.92482505228605,12.717007518183253,10.555469150170005,11.491453948786006,11.302446697471334,11.021973751017283,11.812041143947395,12.329987335900194,10.49445998643484,12.768971162007238,13.002154678220494,12.120498216302785,12.057848762121196,11.925239494851946,12.84053705145738,11.433595678692743,11.360722120920732,10.597793504957961,10.607691893508154,11.583566007165508,11.704686385391344,10.057658518875643,10.43827869734419,11.431395186976914,10.416528064990356,11.274926655529782,12.322092578695395,10.349294846899152,11.080309659843579,12.84991914399859,11.15103404648157,11.729110439962138,11.333360941739633,11.395614032425122,12.353590324329456,11.05148660741887,12.779498507999282,11.673967039505026,11.769972292821823,11.750300306422638,10.94661215128099,11.430118239953261,11.368612850076877,11.812385932961599
11.989173203011665,10.647632210578566,13.04841822272125,10.70601700950035,11.276915008100366,10.025540962131807,11.975028863283029,12.241373820062435,9.497562445302007,10.770671570514835,11.842063284553722,11.669120741580258,12.020757315411904,11.455331042444628,11.309554894256452,11.053990485893452,12.05863546503594,11.656595612485736,11.892588415416451,12.121217242934542,10.648362873937469,12.993344228211255,10.73928857895688,10.30554838923868,13.181869738476479,13.105333344313099,10.707409204622921,13.885598355247744,11.682459718745955,11.53783464370941,10.990998621718928,13.196028842022143,11.807126050390925,11.449293494822053,11.93944648039738,10.167656851908085,10.170646237445276,11.287098692308193,12.117108361322124,10.735338561237093,12.174517206749064,11.981412679963682,10.281107779689464,11.95810855477065,11.71909174026026,11.715362522934019,11.128602852681382,13.780591201578911,11.751548555713253,12.898396237758986,11.380100084228618,12.195842691987629,11.474528732399252,11.603649584285035,11.77145913190995,13.103723672249203,13.203883117302352,10.914692702813067,12.394391363241914,13.521506483756065,10.881095613974129,10.962965756188296,11.491881426754665,11.461553706590601,9.296284603732373,12.083390909522254,12.102675389057868,9.472879775793416,11.083624232831784,11.5731102507529,11.592197061636027,12.659297551966237,10.387923254569582,10.143402716566847,14.012317427001365,12.380646492890577,11.492405157346044,10.544037860167428,10.912650104549451,13.370742243481203,11.009138340625693,11.93828916691637,12.696920507452923,11.174524773912019,13.456491413986527,13.061604548020194,10.428478067945658,12.700205276696256,12.58225004873374,11.046105184088974,12.559825937447116,12.529417844488087,11.962577166422374,10.528874524112164,13.589215153750759,10.648758968636901,12.125130292664588,13.271624680595588,12.773906237385969,14.452203717425453,11.675744634030238,10.9990968683802,11.161216350757531,12.641248602761868,12.431396181265917,9.944262355080543,13.870059952851332,12.42377363268886,11.010353211396778,13.070220203159803,11.035529837837283,13.066094856488274,11.373556104394451,12.629093414199684,11.829509828160639,10.988909254129938,12.014216896166038,10.012197669022976,13.125921060255273,12.112122731966277,10.955776356893622,12.43602607555183,11.615280310807984,12.903595351752275,11.68716026581199,10.634323095034246,12.211444315808837,12.64264307990813,10.991283892378757,11.741927600034373,13.986149105715326,11.50951007408824,11.662764456347517,10.554416043838616,11.863815446310447,11.214182741748836,10.109963181109704,11.70845204918699,11.6686091944928,11.59144503141068,11.40395095569122,12.358858677796253,11.327150007807878,11.502104742938505,11.099634601969317,11.19447115394628,12.354345226252233,11.808915543979047,10.92915899600899,11.82577165355903,12.191045363061612,11.766027601556047,13.151593628508614,12.259584363975605,12.23531976799442,10.216810000079187,11.961027331961184,12.745875130838728,10.70788559136092,11.649186676712118,11.271961791424301,11.036706469482045,11.900006031355884,12.256436800072521,10.478937088369925,12.777567720895686,12.915050132968839,12.037978826742071,12.072675798709673,12.054203948101602,12.870085457885272,11.472181918152511,11.375684017901444,10.54305406549221,10.633296360869373,11.53906021010062,11.720269590921719,10.278972970789866,10.369418416951934,11.437123991537664,10.39675153956573,11.193103870950695,12.450937995034382,10.409973562561579,11.09512712871858,13.017311554746447,11.080516976815115,11.614271202331349,11.378126305169147,11.345818735378264,12.380579792457787,10.944413776912876,12.864432427661256,11.734507744475515,11.674219007920753,11.782919946145784,10.973436991218577,11.50344750668578,11.472754866733093,11.744062359909988
11.969689620685198,10.896144584570129,13.08090252997162,10.681505642258777,11.31629950416047,10.046611956125073,12.016614194129524,12.237473367650065,9.575603449012114,10.659304744916843,11.875952905942128,11.776352692729997,12.05771587870877,11.541342853150896,11.299664856743421,10.990607541273219,11.990335221905807,11.578256208365529,11.911310957026066,12.06624471027836,10.692815385673446,12.908742360994768,10.819065356959818,10.205691698531188,13.294585110106826,13.061320290126108,10.59441485721855,13.97971661110127,11.800836263591929,11.47804430637264,10.970053508676571,13.28935502740976,11.903398344485025,11.450846593758893,11.882395302504646,10.237183095625795,10.176152233074436,11.273123976892077,12.129687262342589,10.538068553252513,12.18783631985361,11.97399702012522,10.285594737457718,12.07713318701956,11.695341646722435,11.623200844091075,11.287424316050176,13.683375715054588,11.748901632861248,13.069411411428595,11.380292111526096,12.1102496866325,11.576671376983434,11.53224273905327,11.730205441403651,13.111887751519125,13.129122679821595,10.956391143267474,12.195869910549021,13.633960065634442,10.922545051193163,11.044799918232185,11.504344808015091,11.556211134693388,9.199369218558308,11.912053816747248,12.12138836463312,9.559347824467313,11.242930250207474,11.54050946871536,11.516682510152437,12.711591410342796,10.378921348589332,10.06424557891707,13.898015806957572,12.31378273480002,11.544149844578135,10.453790981320417,11.047525343500485,13.314439984542947,10.938764129191139,11.91197859107439,12.710632955231425,11.201274390332602,13.399207899323764,12.964844040022994,10.495233291459025,12.703189807901538,12.633168280301623,11.011902618611039,12.640852957379797,12.615996300305083,12.029463007517258,10.654587885460717,13.598809247395977,10.715383346039326,12.280701589441712,13.161045917400095,12.735844591939747,14.522875302084747,11.769758152985524,10.778504594280228,11.099911215008719,12.598669118462942,12.49658991383623,9.932132106824923,14.002268673076523,12.48406422483602,11.053200318575461,12.987870922186714,11.109567150712286,13.277198479887984,11.458409693333623,12.67603757946786,11.798114872838191,10.907635070987821,12.056010976552864,9.998560415469798,13.098308738829017,12.282871421324927,11.002050375123579,12.424258431149509,11.635470267439487,12.887749593961955,11.554339506464764,10.503534495354161,12.248765557731026,12.584313325733985,10.951878192250264,11.639430639506909,14.106898953471969,11.552867747093202,11.776066469441075,10.417975164494967,11.81404893052738,11.064774294581834,9.978681385272806,11.671607223182097,11.73410406622743,11.58858079207974,11.531223750667795,12.483977809954439,11.421099766597656,11.595964532845917,11.128312910002625,11.221692706509586,12.353016343104162,11.764083566613877,10.789757603958678,11.993429626751373,12.058813333326489,11.813216127424697,13.27230188255855,12.28255712114791,12.285280286639853,10.231574463805778,12.102109337823753,12.724381959340912,10.764528645202889,11.615789598711947,11.28090248888435,11.103110841936568,11.917802782470464,12.219228934562635,10.451698507468803,12.758245448921562,12.874157392060505,11.948061481481341,12.00825445476196,12.014351158985217,13.066885791913649,11.428568497178953,11.365568542810331,10.540222145609151,10.420207790467794,11.500512486983427,11.600443104506287,10.306886197550694,10.392343954245861,11.481834694204736,10.33285540771787,11.224066516120747,12.44046609095846,10.435182621229439,11.155889580599936,13.106818458815702,11.043117642261683,11.611728759946153,11.321722991692399,11.49068987372592,12.311638253747724,10.953321929699266,12.81192794331235,11.833280880304507,11.628963432459765,11.748983420122462,10.991559921358231,11.51814155161131,11.413210114945992,11.750521929874877
11.964350455209061,10.880161484991733,13.115071788542368,10.807179042139623,11.367427987023255,10.071006326146955,12.111290792545107,12.291235033247764,9.526001988672137,10.611123001197623,11.887781856000345,11.841169280225866,12.122679300257225,11.640049836022394,11.206614352142163,10.890901967955623,11.937633417186474,11.535943094951733,11.943123340571443,12.038164908415752,10.804256449655059,12.980487053346586,10.900804184367786,10.266735560129037,13.286344672589955,12.922767154319619,10.626903353467979,13.940886702182448,11.854811531703959,11.458755670615675,11.003342072412545,13.38528627538339,11.803454401884672,11.557147172993654,11.826951667766608,10.21346246756348,10.187650135470653,11.3391002710784,12.191754293523436,10.593222346592148,12.313989195791386,12.056204895898215,10.30563650191624,12.076093723712868,11.597177451463311,11.610526881440128,11.33372838113979,13.614855740843867,11.857690689792681,13.018756150894,11.504447499240515,12.106006511306854,11.395564539472494,11.433115679354987,11.681063222682496,13.094084761205423,13.157357279767767,11.046003372907208,12.033171212830954,13.758680998926497,10.804415518587664,10.955357723579878,11.5590693463928,11.461193236476436,9.116056026398692,11.836741937444597,11.99942347207008,9.544310611723754,11.136425417123677,11.54270172354605,11.507775151440343,12.68342987247898,10.387620855491026,10.120193664208603,13.942993518845974,12.337751598160121,11.663252292058933,10.532403533038485,11.155856840790117,13.402016068146546,11.025328251100037,11.843586770471289,12.64445644914288,11.155926636662818,13.489528487472413,12.859092950330025,10.391201521954992,12.594291962948784,12.674625559803287,11.056950798189524,12.649757099095734,12.690785371740755,11.968703708622503,10.562726511573292,13.443057491559031,10.837145407353342,12.32073569453972,13.151177312974225,12.859511475493418,14.479078508861772,11.793947738004173,10.996943485380251,11.158288428291883,12.60116923426316,12.521298697576013,10.018933174774688,14.0037349353602,12.561636304578517,11.042279228171582,12.81286280789961,11.028837672317849,13.29636800262882,11.543973642353283,12.705564062143171,11.850469675397747,10.907365133656986,12.104841103383414,9.953074268658346,13.20395589615104,12.30964113534123,11.056622002215494,12.403422240781083,11.569482925311457,12.754836768248856,11.486910676831155,10.568997622385309,12.179185363785736,12.768132972867935,10.840695981784252,11.730413597258874,14.232924569714626,11.677553600465068,11.693426304418294,10.469681584845883,11.918670491226493,10.918913384861709,9.923873619692202,11.650311466040232,11.84529769343632,11.670043475576797,11.538703411095144,12.478187166099875,11.374191513315264,11.648130726650736,11.124170491885385,11.401910471596727,12.413648444831521,11.804961354380707,10.93225714547625,11.9716494975674,12.007732430305007,11.909171716879454,13.335850770080798,12.201413467715552,12.07838974248593,10.246069286312903,12.094227524318168,12.835559859339645,10.726713716530009,11.687005574492884,11.202548012990894,11.180416220067446,11.729284579200405,12.25523176224063,10.347963329932181,12.766737232353373,12.821370336254114,11.873189562208584,12.012321865436155,12.043117033424371,13.027520589720435,11.364509297685,11.36930169787302,10.661782273640315,10.365644038791833,11.418061823030662,11.605086575741854,10.211992146916922,10.4620326025119,11.627352252437506,10.261908353977608,11.243702880868131,12.361204701939451,10.606908991979324,11.077010742011698,13.144056357333342,11.081597090072204,11.716312251860142,11.32773560221976,11.503909115410025,12.29400520886534,10.811239070708174,12.842450450163396,11.68664681272316,11.66568426146068,11.728874937799125,11.024022807987084,11.650872530383428,11.479560296193382,11.808791175078547
12.03992484881516,10.869290426409755,13.225302308223643,10.746674031366199,11.266613974179645,10.122603553578116,12.142403158991527,12.245459999806037,9.614334501480325,10.538883385350317,11.844076256976486,11.863804833011448,12.028587081010796,11.717316613809887,11.421619064609986,10.901842684273836,12.118554674357219,11.531949850625281,11.954072547846614,12.033987919529068,10.908173180598375,12.979207518904401,10.882833937141521,10.399185890613468,13.240834869678675,12.848716477855357,10.582862968844296,13.866006112487003,11.92316016861614,11.549133624409954,11.043650649987836,13.363598456156682,11.82734932242711,11.8051918943382,11.943020577351254,10.195014392669412,10.263551569016746,11.399254189347504,12.298685605605591,10.641984768846843,12.315269664550451,12.004710753187931,10.002708973511897,12.189442001607667,11.544173038855897,11.520906443030562,11.451375673107702,13.63664555061208,11.774730683643526,13.036610423565815,11.5636291146085,12.037215448089503,11.501426656590102,11.435474643530595,11.81600821433354,12.916027359913171,13.238882929245344,10.964210989299945,12.107725005976913,13.669536761757088,10.787261861477898,10.989702353718659,11.547865858106807,11.530832067000784,9.181754120497844,11.8979961060213,12.03277837907509,9.624898036738253,11.066606312814315,11.596690253631948,11.596327299685207,12.826561846993966,10.411833489896258,10.081015626627696,13.906312672766536,12.162612765645434,11.659756078654356,10.409970141727959,11.250220521440838,13.380661337851317,11.068533816497757,11.92968088569901,12.632259855842255,11.296245882312324,13.514686020035919,12.933220860215245,10.399417239009964,12.649657468617757,12.595458363846715,11.111970560803984,12.735625068412176,12.69933552116069,11.898418731820799,10.484325454754982,13.528744038562854,10.903011181765956,12.30108025826511,13.110496317655434,12.944209955022012,14.392579948211536,11.711067458045763,10.891437138629446,11.12757641775528,12.525428664640835,12.528341032889907,9.951965312152566,14.049213193563814,12.525328925658773,10.991435032528287,12.844417563060043,10.93188274249291,13.253372676827357,11.630341901992912,12.825881037111127,11.839171625264967,10.780817953430901,12.127100242595086,9.980016560755146,13.220061477682897,12.159482971240843,11.031610777230984,12.367731249661238,11.581537913720515,12.792048889536892,11.456723971945943,10.63299361924123,12.153916361502306,12.788946327392376,10.855032205261542,11.751759386443638,14.305026937621898,11.68728770958708,11.746396124787834,10.569951891063734,11.929054752227344,10.774673630781441,9.939494610674554,11.5726785787244,11.902784901493204,11.594532752352345,11.477339323013792,12.41681097089345,11.307084035933595,11.642147203170053,11.139438966307752,11.468820926968014,12.446768193676851,11.724924073837606,11.145828577171647,11.952953028289887,11.94772123503928,11.851888402401325,13.29518137977328,12.223628839810212,11.946203536532368,10.413110699497773,12.091835212815772,12.863288836237823,10.801080106931344,11.749527785485187,11.24604264636006,11.236078664394949,11.751386118769986,12.218874941678441,10.289289808403908,12.714035780422877,12.882819522394175,11.849734566541382,11.927025565531935,11.934391695331016,13.039506399653357,11.354065937163174,11.256507980335199,10.66718746948848,10.245852209061123,11.468244333151322,11.615766057317527,10.190393552768278,10.585469736130431,11.65477190805928,10.171917847775825,11.153663916895013,12.388610208668014,10.652581310491586,11.154510609957155,13.226726621484556,10.994733108241787,11.673550759924838,11.330071971299365,11.529948036143782,12.389139097183211,10.89805144678501,12.754257642708692,11.762669229278815,11.71672170266221,11.725080750133204,10.900769875225983,11.532801284825657,11.274385441292257,11.950418194221468
12.09245554675864,11.063838757163413,13.297107924302885,10.702803157069138,11.306976520104161,10.115208600264383,12.183732979593994,12.2976722027905,9.817277560948574,10.610937013674455,11.824267193349636,11.839653399576111,11.995063834410425,11.641221334995516,11.47653856102294,11.010358990940537,12.016890923374598,11.443710750620891,12.044973368235285,11.995397393117134,11.110022290860048,13.189323235961806,10.963296732984565,10.42017412503739,13.355113819458346,12.837685269167583,10.709504059541832,13.84577719424248,11.92014980719489,11.623089237250083,11.07955575140437,13.296482054341288,11.734809287822202,11.93655144000317,11.985290602784774,10.10886598032978,10.251068311321363,11.415605058552769,12.252786460523998,10.664990791741864,12.22774071462543,11.942364765344141,10.147790659383041,12.205783344218736,11.629296712832174,11.611317428012391,11.375701312081189,13.648667677143388,11.783833369086551,12.99404397018074,11.627378210935927,12.13886142420978,11.45435054779322,11.531296291857887,11.910525606736835,12.97107998379857,13.077220011107906,10.971122267722727,12.050783164099283,13.780614552594658,10.744642538248293,10.885931397849385,11.689444183977512,11.546727275939665,9.176288831372649,11.804027761149271,12.012312822403596,9.65112857508381,11.102308327240012,11.495282629942228,11.786335988160394,12.765367831354713,10.39253949336532,9.999002060783548,13.92035925842591,12.270735222867222,11.62506951214389,10.512049000267247,11.190092226645833,13.240219241671618,11.13698299962999,12.033193163050361,12.53738701840447,11.29075110980013,13.584081438603839,12.962669304056734,10.294756255990562,12.700427745238967,12.696247645999438,11.249842849070557,12.773898879884845,12.727015141528002,12.119005734638565,10.606335122597843,13.55422328468759,10.910078389783266,12.259203728868812,13.040787224565975,12.959066524892771,14.245538585712946,11.54834124819287,10.87005834120606,11.10993109091474,12.470784879174253,12.610903634644165,10.091083721302926,14.062073142903566,12.600008823574376,10.916571608072216,12.76533870171738,10.94843215772691,13.397374419478622,11.550302478865063,12.90710600718921,11.93413613046131,11.082428170879401,12.047921322850513,10.037631223161833,13.285084964581404,12.1743479405513,11.141721986276652,12.44520763140813,11.597613727099986,12.829402913111018,11.43565291315763,10.611204601291542,12.157232441605858,12.815589349814969,10.910761152224008,11.818300088943497,14.261996586868287,11.776117614130962,11.599497831474713,10.607917881127708,12.176324915116206,10.77352563088578,9.931005199364092,11.541245935066101,11.818349265268028,11.71559747906189,11.459662205233387,12.368975956329322,11.429478157571866,11.658259176373619,11.140976476906905,11.2438855979841,12.508364707026645,11.677998488675831,11.100678755210902,12.010925957323236,11.999131138612247,11.985961927277744,13.15836607041459,12.284699919648364,11.9624542007745,10.471242225765593,12.077182643871158,12.880953221588166,10.877259169297337,11.677255578401242,11.298163431190801,11.21931877334372,11.65583955276958,12.222120598907225,10.443460856278811,12.74398799917406,13.031294827536687,11.825918458547957,11.852120010958057,11.844436035101898,12.992858445492843,11.388217376668802,11.167182496726467,10.619628893618453,10.157248219659868,11.62006464403467,11.628085657416145,10.129317341986761,10.57031672798267,11.645732325471066,10.133113018698321,11.178941029812146,12.447084514324503,10.531744722021372,11.025326217412761,13.221481540919081,10.961436705839741,11.740638139774177,11.482384150465672,11.477695586077557,12.462005632000219,10.93983157303214,12.8010235255339,11.850426807447851,11.81560592427448,11.665019210030382,10.899646831247518,11.411512909687458,11.20202242968529,11.972085436135115
12.075126343886742,11.033179023477306,13.183172545507983,10.59315745396988,11.464238879650686,10.109817656580127,12.137198346677124,12.468467119764123,9.904429303460926,10.573758077248984,11.873453594239866,11.840617611943479,12.108095587281614,11.644355559787686,11.435588889067164,11.0831174878349,12.084366872612561,11.424523810892108,11.893125197669034,11.852570776895567,11.085045770651313,13.189290912367824,10.974332155238502,10.56661660302623,13.40868734156586,12.842802600418777,10.74131798165588,13.837652714524179,11.785290509823698,11.518446792460011,11.040432785009939,13.3702427621744,11.691285526787786,11.975405335106444,11.936099368513132,10.00623858126363,10.207195564326925,11.418642379460112,12.230632712436117,10.703303608641924,12.221072070431278,11.94011322284238,10.174900474129888,12.223437833883946,11.692783083018837,11.775312783855503,11.29131186772638,13.692567530258325,11.752801539858467,13.204813115432758,11.683928039413553,12.153223904582136,11.469797613202228,11.475071963331082,12.035942585534409,12.945308367146867,13.005376769038183,10.971059208368352,12.131430845580827,13.615539863105205,10.801524634405878,10.753999347534595,11.869554830755629,11.583366794235983,9.317208417497136,11.932281922664426,12.008080076157851,9.751769792578388,11.115040580158295,11.40677693498248,11.791843509622549,12.82747987052469,10.452048089096198,10.0198909196059,13.942565345635327,12.11437281657171,11.552041147656771,10.684842674463372,11.181289854280854,13.272011922332872,11.09470244870407,12.16550771419686,12.493276371226678,11.293360374487861,13.686937979332683,12.916982019742678,10.261961291611453,12.58587699583274,12.787780546867916,11.265170091894257,12.757649000162049,12.624061261989745,12.190553652738954,10.832611446590668,13.549588894973391,10.749970255454745,12.333924500270234,13.051939936886676,13.139428500975486,14.20613661162043,11.585934240455321,10.910655584797727,11.15594231459354,12.395351820506708,12.64511738415363,10.065631515198223,14.22842429511729,12.642993501064073,11.028859424202654,12.851813467578788,10.985263616943955,13.27761914549794,11.548078849886913,12.96865957762529,11.816076503087947,11.1659663209452,12.160488390997905,10.035350298239253,13.234802060722952,12.14268079438304,11.154727813680815,12.399343786735944,11.480631534309936,12.986277347959177,11.437214167942608,10.589100784708025,12.255202402057147,12.75262738894372,11.025617702246329,11.781532448424526,14.326891302815481,11.803559586498192,11.621506246707604,10.474296663910986,12.097596269595911,10.7556902152281,10.045109206974752,11.638585691521104,11.818074585624919,11.883376633176848,11.644180780034333,12.325253057627684,11.372053944633242,11.685657182415557,11.158239212256797,11.170067354898446,12.584262965862784,11.802671759920234,11.058736613986207,11.902274970881589,11.939197665815211,12.03564598255966,13.176046520373566,12.311516304906021,12.114188909487064,10.541313474820399,12.188998500202148,12.857373775682417,10.916696647010543,11.661286449432096,11.172291974847624,11.274639342813702,11.717687086986862,12.12532199011356,10.564632762337222,12.826980371110125,12.992659664768315,11.815526828923343,11.84114379273207,11.870091870002588,13.09496828359832,11.36289051341721,11.198525791729157,10.56835238337268,10.071824964238461,11.574878336055551,11.690113061362876,10.167065077435785,10.707612027566688,11.603337062362332,10.096055020255278,11.202036736963409,12.594770485966247,10.50427564675411,10.996054521236303,13.176621075119925,10.89223956171418,11.70910894924909,11.487015196085034,11.470582168162554,12.402911438757124,10.669518137470229,12.89398233717378,11.950127046985248,11.775971653788563,11.706837315694939,10.886249953136554,11.409810151417812,11.198067762250204,11.892147145121601
12.010654305444596,11.223003890022792,13.273796271223,10.59313051467177,11.488242347338598,10.010213532669733,12.156385367746447,12.49462934847572,9.88114627208193,10.592874983020156,11.844625842523763,11.789655590596109,12.106538498573196,11.49025912195959,11.303693845362886,11.044272711887794,12.13825241350495,11.402049057993889,11.913190674058125,11.80831407977061,11.059104028099,13.157405757003321,11.04986619892395,10.43317756933874,13.367305511805975,13.029442043581735,10.62523075218667,13.784050575882771,11.677260346535355,11.573518369603896,10.980622537218578,13.413723470609932,11.535825173013992,11.912772797169477,11.95723104995183,9.95720842438693,10.067494643492283,11.457465681526468,12.162202934476646,10.776348296717027,12.206211582573497,12.018719509646793,10.195139054044914,12.329413366508277,11.767974871434573,11.815379260963432,11.433478419769683,13.70760568919095,11.717266726045889,13.180242736095817,11.682550926120635,12.047952076148558,11.409132345781774,11.41266253883589,11.95732839897739,12.866533269043396,12.988312549908548,11.033705436826299,12.298049833887683,13.573512780062659,10.882506138883091,10.803584154588387,11.766940098632372,11.534009494312,9.413004351573855,12.07206302980581,12.154061671964882,9.804581430674897,11.191935795527089,11.45343540074083,11.855909655246412,12.884282451535363,10.414439201713407,10.00018506491845,13.896763477424688,12.075111813684073,11.690451714934632,10.744637198441508,11.232824519607629,13.235648776934575,11.177726483564797,12.15871344079274,12.455101326678095,11.262742638984585,13.732944809462658,12.969606033338462,10.238642493024415,12.586832390221648,12.797559878882977,11.319066120997185,12.882947986795013,12.58276894262525,12.3202678604998,10.771274183453219,13.60806058951763,10.916211354988064,12.260496611344655,13.121057407657629,13.066866769111739,14.187945114320103,11.62809691645528,10.88133127787406,11.090153510048188,12.226647343690454,12.465576694297692,10.098493197380368,14.284774064476768,12.680620715811619,10.943045781254161,12.851343552263652,11.011931979722176,13.170370779014755,11.59010108884364,13.126195014064233,11.91081303007808,11.13053845920037,12.227121405334337,9.918381267742925,13.318394402803452,12.155274827888896,11.207668406043668,12.376900939441413,11.420663862374246,13.034567512949355,11.46334375262526,10.498565792547208,12.196834512963424,12.772239350954033,11.192554001189627,11.772691969333316,14.155783534056205,11.847213474667354,11.514027462586716,10.462479895409356,12.1509496729967,10.749849971452335,10.08241433430202,11.714261056714026,11.843528769003635,11.871509731598426,11.630317921993674,12.465270993938374,11.411066895396988,11.84154111467387,11.037170852541129,11.334692842751304,12.692825186799553,11.755544373515704,11.060908315982143,11.94232284783761,12.00412490683481,12.088350031454624,13.150740143119299,12.258752134230992,12.165106343756934,10.454690776964622,12.340043228985355,12.893379787859203,10.895919666739292,11.692781421850606,11.277180247277252,11.232979045692472,11.784505556430561,12.001650038304588,10.550550852038775,12.726161535270675,12.928660510511856,11.831811528050203,11.942529286589473,11.98246422353825,13.03391694491353,11.409392100191168,11.192083016246858,10.702838208532814,10.359671683393495,11.618995188714893,11.774310758719997,10.234059633007073,10.670599497400223,11.577769590288367,10.032704333206114,11.098255505596201,12.682547713438625,10.519824269731155,11.173158515944253,13.114493560151883,10.864916544789395,11.770062915622816,11.523989134915219,11.49462457174775,12.45977393890627,10.73088498794321,12.809106902781728,11.971204729245121,11.764499993114974,11.793800923823968,11.022026270329361,11.362438527800196,11.110584500303803,11.805661519006271
12.009916945902118,10.988060840653144,13.106087815938105,10.59559466060095,11.618887015823093,10.138760800585024,12.096154645328431,12.488512865126047,9.817261084105153,10.562221023213796,12.00154984894733,11.873893152474652,12.10028825089503,11.628553991474577,11.194601512198764,11.027998155451531,12.14207121174582,11.449515492982828,11.97680785126514,11.931511102449946,11.148693756803567,13.215953387430458,11.097709279893008,10.40495034085244,13.296037683223247,13.143185368045579,10.491963750264437,13.796118891363234,11.843374253052653,11.59811235609136,10.902007458151788,13.4471515997817,11.691924945249651,11.811058757978367,11.925031122056158,10.089036737761125,10.113220417758374,11.50239997809196,12.07688689334804,10.698655868517529,12.309720874063578,12.076926960598387,10.264487225089763,12.43070628546261,11.998096958218154,11.792243203761066,11.515942654675062,13.703817876255053,11.64990980769436,13.322454430433153,11.78066437894551,12.151066904146422,11.403699057776517,11.231446187437768,11.960955177569378,12.914243042360933,12.972571146056191,10.89393102635638,12.368580696742493,13.653328920203274,10.836090010084181,10.7784229329048,11.848588592124718,11.547686930882518,9.390118035771104,12.085220337131206,12.153415227672248,9.810864120667208,11.18330432864761,11.683298540255281,11.98077812530982,12.944599915340792,10.361114029663362,9.938529842413237,13.838705867297113,12.094563723720336,11.662639666427825,10.78759164642544,11.22353082417966,13.198995813218728,11.079365660352298,12.05713495716396,12.59024610215664,11.386525256622024,13.682852308312505,12.95593213568353,9.960848635797687,12.666027540193447,12.853705028731206,11.344457800887502,12.966688346409564,12.61368728408122,12.308708520963437,10.655221936275659,13.586138439576722,10.991790843706728,12.305184401240682,13.08535154074686,13.104204166239699,14.257655591281011,11.750903250520553,10.816934386318536,11.05050332467645,12.351668015808917,12.491545459371194,10.094638708932218,14.236950245099965,12.650144270160421,10.876778696224987,12.92885279313274,11.001940933831817,13.182343166733553,11.628981318262564,13.249454893362437,11.979191112310867,11.156010024314877,11.959475919169387,9.922582287104023,13.284005024393796,12.256202750775968,11.152732326507433,12.302754278804152,11.314558479400066,12.931089967967235,11.477469439238103,10.6156571175951,12.180092479190819,12.72913561385011,11.270089089735727,11.712357291657929,14.156050890433994,11.751074762608487,11.52136628527736,10.357789255247747,12.012666992226436,10.662822441325536,10.287848915037378,11.77259715604597,11.869895325242975,11.883351475300636,11.658566582246971,12.39174413133567,11.523359653396895,11.858104253508259,11.036910070257195,11.252034097278017,12.621050727250191,11.714993238227784,11.126034641600546,11.82497361805049,11.99536840945709,12.082096530765217,13.150108141953856,12.263290040194024,12.187103906686232,10.33426617425305,12.403994671686709,12.86071672119398,10.949559763999611,11.702430912706156,11.314014928740145,11.202271001583293,11.77718185104342,11.922303310900647,10.628406608573803,12.701775663613729,13.071458587276497,11.859503250451107,11.678966504263727,11.964712121095074,13.155388217110273,11.442755557162757,11.41847984821881,10.683179730816754,10.35598733041826,11.728729882515859,11.776870842591073,10.220244977930058,10.734372564806325,11.672890810487166,10.092778019447442,11.01830945484455,12.792249419761124,10.462372462058092,11.273073106461451,13.068171630024505,10.945065101475054,11.876405346842295,11.576408452283042,11.514509597863972,12.492102231807019,10.878448894734754,12.822549239902878,11.940985304611704,11.796224625273041,11.793197146836318,11.05356311265575,11.42938179858844,11.240002642020919,11.674002242748514
12.086524434944064,10.949300019060967,13.059800061693485,10.66611591996723,11.729102751503088,10.134529939498801,11.945426491310174,12.444412797073875,9.912396259356818,10.510251413550616,12.090491875351642,11.787307090866928,12.151549821516886,11.600346605699693,11.183523552728534,10.975239605861846,12.139912904834809,11.42718155340241,11.856653183582123,11.89620608537914,11.155357850112596,13.107218765825142,11.206347845769471,10.432051740312945,13.258575007549895,13.193065482355424,10.458965742428287,13.828997562352248,11.872372796958604,11.520810116913488,10.854775117391812,13.419347047392778,11.748558608415728,11.763879412513958,12.030131274045813,10.161897148118465,10.068595701100051,11.496703316033843,12.04119462883738,10.73234589330115,12.409548905276845,11.954158372393593,10.36544288977903,12.474754874608333,12.13249274146647,11.806174603673286,11.509215237160909,13.78642456432062,11.637633548749427,13.397689124982318,11.771641766261563,12.090227578937965,11.340240235263705,11.497355405426566,11.884076849020778,12.831978139659165,12.914643863499093,11.015375031193903,12.17440995563162,13.768765443167535,10.839492301453594,10.794844631394703,11.906120675113375,11.496168818616706,9.406002557164728,12.229367718778153,12.124949465028807,9.70701574830825,11.150769522022198,11.66141698019681,11.955686930843546,13.045005255330604,10.364498704019677,10.044678457145523,13.879096572419595,11.906840892246066,11.788748349443264,10.677598013879717,11.27513529798622,13.07094035986564,11.191823203874538,12.010121935991632,12.558625095801478,11.235523236210973,13.651967509746518,12.868007007114903,10.012244033767335,12.798676271175179,12.83351719278572,11.345301881139811,13.001161411176573,12.443767230502845,12.453379121956873,10.7653588916011,13.83658429830622,10.998808734062106,12.380955037089597,12.955056108266746,13.226409515246008,14.194443518919465,11.768980818762067,10.782348778635818,11.172736314681131,12.40709132747812,12.398571728232346,10.16938946620971,14.186920464399577,12.608232358183574,10.83606690792386,12.994221637151798,11.003694973291381,13.3069750147686,11.698304347173048,13.261620195932089,12.045747433156402,11.044696225451272,12.022240379150404,9.982430488507873,13.323167317783193,12.117543565718009,11.253459433644577,12.26685481924128,11.253226479250392,12.923130599448418,11.61876264067599,10.625054409073446,12.242917716800754,12.716127319029615,11.411017341857558,11.696886873717002,14.228789594334302,11.792925621021032,11.449503348180805,10.405252059951433,12.101747917855747,10.680333885027247,10.373031774440804,11.774751260590424,11.87324543327786,11.896019170736297,11.791001154851472,12.373334931804514,11.512745967194943,12.101419687965002,11.087721288108748,11.268814020085964,12.48426258203749,11.798338665050402,11.01325309625453,11.814238339041355,12.018983553996165,12.09964069542824,13.17240727199129,12.262067442879863,12.273928662144927,10.328335872626072,12.360278782572523,12.98996500532161,10.944759526227733,11.688525076532152,11.431560982274862,11.222232849513942,11.759691168601297,11.915653407570462,10.595654115543331,12.663137822340824,13.191744818868099,11.830431133564742,11.843099988226351,12.03483538187555,13.0946593615676,11.328054400547778,11.435867089751019,10.530486671069488,10.405557756193804,11.879936310680632,11.722996045035893,10.274081800308164,10.806470809548227,11.657813596223795,9.87340805919722,10.879309499985933,12.794111836662394,10.511150788620249,11.35758347410188,13.079240544794382,11.042250563100163,11.737121402004137,11.564431210009133,11.659221158091546,12.571913861038619,10.914836024854193,12.91469738479644,12.067006197550572,11.736898998664396,11.709372376262895,11.264828142758242,11.483859955932969,11.142778222439961,11.726538583346235
12.095136173427898,11.075698855812439,13.130981776035743,10.639356259638,11.831608426799217,10.17629126725576,11.946687481230494,12.382542839643179,9.773248147979027,10.537691525314196,12.137029527317567,11.79279058635752,12.044011717398675,11.603687411545321,11.195277777098037,10.956911558862789,12.051419832592991,11.359974951657186,11.7872224142266,12.042870065618644,11.104746246763845,13.081436776321025,11.1684286987498,10.500261834046649,13.360865090809744,13.298195726205577,10.424116750680525,13.95744338583603,11.928448093746141,11.56433999681044,10.799858690139313,13.303878386523804,11.656744076566616,11.789342086604254,12.066970504952856,10.230440703703476,10.081287200631886,11.491128688118023,11.97130241993357,10.72239794222874,12.386429470870109,11.85705878850481,10.324844460494838,12.407089588814994,12.109105702261935,11.730745446650378,11.539554312204622,13.925822182870492,11.761542355127832,13.314741145713814,11.729579890443782,12.170666325044998,11.26526667482857,11.525927722259105,11.889386267706797,12.894906945168664,12.9887968363382,10.96456608690039,12.150170247741523,13.773726077204827,10.833437976050066,10.837375094810444,11.910200459551707,11.441127173467684,9.500117573649892,12.302816114826244,12.212081447770073,9.779693473537542,11.186800328073549,11.646983583354409,11.919318837814158,13.073385734505939,10.375362371899437,9.99979824360623,13.95019762311105,11.924834738305279,11.778353581392468,10.660425461282912,11.329227880246075,12.959372433308408,11.144581437412326,11.819388765555896,12.424640992298688,11.164032048990524,13.545100110683272,12.86791349709121,9.978511019103511,12.760457342867905,12.754432517805675,11.405966291114689,13.041743470348662,12.472241972627877,12.405906970454254,11.007368350097446,13.854448434789601,11.072038032999377,12.306265946097437,12.999442474263954,13.212592080664821,14.173668220770706,11.850298563735736,10.69552107409937,11.278597242178586,12.460931899839487,12.49415225530671,10.290983123471255,14.20165882118371,12.660442050686106,10.84155991040468,13.01669372908009,10.90602221681804,13.290274786006353,11.849165273276187,13.362694658238311,12.15060066353604,11.088950225481243,12.044776248652484,9.989131049589682,13.1908150762366,12.079213891341935,11.308102771322805,12.382121694114433,11.34980303637172,12.940310029566046,11.625142641082297,10.640955098404275,12.298751448367764,12.650033206887988,11.502659472159838,11.539563961635343,14.173461715452627,11.702122237719733,11.577733501468606,10.401103308968526,12.203174884020129,10.60803089032142,10.35038171013939,11.761261411729679,11.84062899640376,11.931182669687814,11.809844496832401,12.448148260238588,11.518515510670278,12.125353245772445,10.939188924042787,11.267971344851425,12.425158722582882,11.832429378920398,11.092056121097382,11.79666507654055,11.98219172991788,12.187618475364541,13.304888472952738,12.326436160400249,12.213357358020577,10.486383346473842,12.310094743605456,12.920445698523451,11.083936124089378,11.714834207654182,11.428196414823242,11.28749254565992,11.77382000826796,11.8570176973835,10.72610641978293,12.693015254679972,13.221703797804533,11.752897149302202,11.802151583300505,12.088371755814192,13.144837793534766,11.49843151602793,11.438169767217156,10.451014256672009,10.425467223992355,11.803716180594439,11.824462821872865,10.194981038140147,10.80882334375772,11.737198608162869,9.770752079985973,10.797968560011537,12.78219256666616,10.550239487017482,11.35637068490852,13.053970313253354,11.056107243482547,11.77057892481572,11.564729097576373,11.62090691663682,12.589007037409313,10.838217230490987,12.873220475846587,12.010364763626205,11.732012925170503,11.630055653750498,11.219772752720313,11.401581478815304,11.190791003649071,11.793091498832933
12.094923515671612,11.217558130617858,12.990512576498224,10.656704230098965,11.867059560319795,10.249053795775643,11.9036016873149,12.416224081036136,9.938168798035138,10.61865517352665,12.206707193641176,11.89283572473387,12.11993324415189,11.616121524054376,11.104380701513572,11.006654392391383,12.205227508554358,11.361889295726138,11.898645710453822,12.074588603063734,11.163792461816398,13.141325993661178,11.290001386739748,10.335810890751674,13.33655161544497,13.259499741505778,10.369862325290836,14.08470764155793,11.968027007501217,11.555016166558683,10.680108079713365,13.33811272834159,11.673007904725866,11.819291454233621,12.057972189430057,10.156625172260211,10.11562824564052,11.519158093438527,11.953729277439894,10.720905008983834,12.358273945615576,11.833093413238888,10.376297911652147,12.297223939545262,12.141894638863139,11.705352293295034,11.645030195990058,14.007753284989258,11.788519385621608,13.381216930152261,11.824648400246517,12.210744075919369,11.302775978843181,11.619471322532398,11.888889930646982,12.840243984210195,13.014851400201362,10.814453026630694,12.129190582342241,13.694830638010675,10.648622623887695,10.8844800190398,11.915295900353506,11.541891612572494,9.496911419638725,12.303638033846884,12.303169845296097,9.830586254876875,11.140035834380608,11.588333760737743,12.09374971080402,13.126014452555877,10.51469565053676,10.078535577995794,13.929855811183891,11.977741302488178,11.746173502355433,10.640080719836366,11.311204809355988,12.850493434308385,10.917827017316236,11.968620827319954,12.509562520747227,11.280099199475591,13.599974766894901,12.902303612006374,9.993860363941533,12.865624830553273,12.736000575896691,11.32916316317878,13.067602245871347,12.492272793755347,12.290698379491012,10.829049913153325,13.851334144836024,11.035731868905614,12.381106042658491,13.083266583815456,13.265605960978586,14.165019029981197,11.950741981934755,10.735818871860403,11.418429062122676,12.568616893623497,12.411261354561464,10.344534075856073,14.247008783428683,12.555664950631627,10.894175863340866,13.11087904626807,10.813337500185018,13.364072896055498,11.804321862478671,13.46623787636137,12.23623911194506,11.087485556400614,12.040664342310292,10.018617258730215,13.206608406748463,12.210580002919968,11.386525711068714,12.391562836721219,11.313788424953708,12.838148950166442,11.49786834420806,10.641740459347924,12.356015971174784,12.716694477090087,11.426450434544469,11.533875242972147,14.119546440849025,11.732002804358695,11.557802424760363,10.426716721768006,12.268633976694064,10.635452948883568,10.369812941865664,11.922362946407546,11.70621436828324,11.833371893845454,11.950823491482899,12.418790524349886,11.566360262723196,12.228931559207036,11.0261469388996,11.281950291288332,12.240141760279313,11.810885707826397,10.999435537620887,11.72930409342641,11.858294866090848,12.256780178489404,13.266990931991021,12.38520065657683,12.195452348962608,10.370022419875946,12.31965632824871,12.858734928084097,11.121521589433625,11.694292745974066,11.587399262371216,11.290633763436412,11.907197674860821,11.848667333492065,10.742592193944727,12.60822344113909,13.330504543755364,11.750246644349163,11.850074664782612,11.968912997541622,13.125348319110305,11.632270124789775,11.43691607372397,10.460310190016443,10.486064607432121,11.896459330864472,11.767527816912205,10.194505095725079,10.874232154542462,11.798665298430858,9.846157343948436,10.814851521728956,12.847260869575914,10.662144300078372,11.273929729189199,13.126111515599098,10.96155336977239,11.749297699974157,11.581202056689733,11.619097598487851,12.626152056643045,11.024681534482877,12.980894610432411,12.049903196350812,11.739733843185052,11.717843967047692,11.269612975597957,11.492834208320149,11.208141710941597,11.90261271047517
11.960290185734332,11.268631209924433,13.080215061264003,10.562382955233065,11.791831935513601,10.220533671107344,11.835566067326104,12.333385595730146,9.8071012772714,10.613424524031545,12.240792824862746,11.88323750893019,12.195879102494985,11.699662843532133,11.16480043267951,11.100988984014444,12.23541462012957,11.40597656729325,11.872368937939981,12.115445886045908,11.082052466630248,13.202597440489013,11.358906006376442,10.409969011308224,13.289916998160347,13.23115004667656,10.252646846831993,14.090456689406894,12.125818311444814,11.59683071718113,10.596800637413649,13.297092524215525,11.774395681766912,11.951383552596704,12.113346211665338,10.155558389495043,10.176788637328446,11.443680732050865,11.961249941490292,10.721085671943827,12.367249967181941,11.694938262966135,10.406759290592134,12.2386827872544,12.134298372479,11.626267522211291,11.644363538013506,14.05779908407144,11.782691729505427,13.17061262263097,11.90501303034714,12.093807890233345,11.2220665114166,11.67359252714271,11.911948423730673,12.860983873463761,13.025118757133825,10.789321449358644,12.063139817783066,13.688140415037678,10.636072353068151,10.825438659433894,12.061337727982941,11.483185479581651,9.442224738877481,12.354038964120925,12.313468827460277,9.84371820941328,11.071207860506549,11.668606509327688,12.15398170342527,13.14181748496373,10.627828123442672,10.135527866896123,13.884908149448961,12.045087020786587,11.768822744807254,10.6101373982737,11.403118629072143,12.81031535613377,10.971591174003198,11.837169221763457,12.519520633174421,11.210915051975034,13.565224609950148,12.785330401525977,10.154545721145215,12.849021628567503,12.767437381738045,11.436953108848797,13.078329879004746,12.576763749491118,12.166466321261176,10.893871311419204,13.836178413347819,11.14114243094735,12.50073104411268,12.98839372847411,13.405616775895467,14.117857587145155,11.913128907864593,10.635868801687787,11.33265224457274,12.535849224947968,12.369864428162941,10.303696362751964,14.266215932788779,12.507521086484621,10.82340966022261,13.131700226935129,10.69787018697037,13.394395672877746,11.784196726501598,13.332895185284029,12.303682591839777,11.068296402286741,12.022544068403844,10.232196069654405,13.193740248160362,12.155710725859576,11.387318903906303,12.310906552757707,11.295656431471775,12.90922158210486,11.518086097028474,10.640392652740028,12.372019433406082,12.644726672246351,11.526019266618793,11.692841468381266,14.098289190874972,11.709168532005071,11.684756349061058,10.475681229377582,12.267225687754296,10.602180544051924,10.331162194896871,12.077355958636916,11.784586881174203,11.880524062501877,11.932199863857111,12.502275060234545,11.628348028453722,12.318550176817798,11.138946358563134,11.36261846923382,12.162183449505186,11.817537542693936,11.017726577175647,11.589873419105128,11.882164902528151,12.383753333162787,13.319605770557438,12.290587065973279,12.282924133536477,10.481535255109923,12.227156927885343,12.856861510511603,11.195462917449259,11.731850456869616,11.61023257704376,11.263997435560972,12.03456050183686,11.711206259711712,10.836035295580052,12.565857931487251,13.425943789698952,11.693172456144802,11.771907794228996,12.102093820143295,13.082405149981126,11.689862851729462,11.524154269069582,10.464411088963796,10.580322750997013,11.780808854917524,11.795378873011616,10.082865495953182,10.822052131767455,11.808933739163775,9.89667017457163,10.795807389418176,12.845554637879681,10.753538628635825,11.312989235109372,13.206427576470235,10.960438137772725,11.767013460054953,11.634154970386456,11.67997271209132,12.617688834711466,11.061889845239753,13.10754523257416,12.115076779134826,11.609744480891539,11.687529742878793,11.180204944089008,11.485323469356223,11.268918766962878,11.997053653995854
12.049807703884067,11.231192411346628,13.261348313927229,10.547155918487903,11.758934075719392,10.154148092706114,11.74268999987464,12.274024926308563,9.904136695551843,10.679809035929791,12.279726005196324,11.883968590859043,12.08628116599586,11.730470283400955,11.264056946751392,11.086734147281003,12.276638718188021,11.31444682240012,12.011096106773877,12.143145426507518,11.034493552996238,13.237291418043545,11.460091677246313,10.41614902624003,13.414739652507489,13.258719165792531,10.187946592884277,14.061897985583826,12.164402950027124,11.597587169475654,10.609245015406996,13.315775546416024,11.850662937481614,12.064464696874902,12.136437139591465,10.081854753549099,10.223384965046133,11.564294217069444,11.958713542760174,10.784716478030543,12.413523715173097,11.673392416274165,10.560505751890384,12.283674381725994,12.156294560032634,11.713837015202959,11.595549286087723,14.034595819084926,11.92212774707845,13.164131234405115,11.990739577490334,12.079490408133744,11.348596312622153,11.629826037974173,11.923423265403253,12.923677015309625,13.150122253436617,10.907898577184369,12.095714706157896,13.704450464347316,10.660993639896825,10.770966857009288,11.888350945388343,11.665362067221514,9.319437290117783,12.321430588994867,12.350794517679212,9.87604297283208,11.204853587740828,11.65958308115187,11.973159921760029,13.20900756987954,10.58290502177341,10.141330659394908,13.925331051161892,12.243134110455895,11.76501315995146,10.646874929769412,11.43302174935844,12.745946797691149,10.89129704358028,11.779988904289294,12.566529093383714,11.33933398186581,13.47095073257628,12.790089982466998,10.217614324647217,12.837693089498758,12.87041880512476,11.479082019247457,13.110909265182736,12.640480031126016,12.228840281884084,11.113500284526362,13.876640398688238,11.095429767670032,12.507762368911104,13.053907500843225,13.364245701458586,14.143081059927061,11.864218076690582,10.582093430296325,11.222185585432863,12.496999736666536,12.327868201294516,10.288084746024659,14.348048841978482,12.458388464147902,10.776415882600965,13.228641961291231,10.706072966397247,13.293705134877527,11.853815759143988,13.483631019576276,12.31721419894941,11.20650972316599,11.908514390838162,10.414331995988542,13.218034859993,12.222842756049536,11.370539479344343,12.345300082585428,11.2577779536409,12.86809040557856,11.448881193983407,10.597438763501142,12.289282395386447,12.769012600488628,11.47572334937356,11.67959827977188,14.074100879875202,11.665297516450815,11.723069095987602,10.51333629216023,12.225312237071707,10.532997173170942,10.47058025446632,12.173854252438321,11.79959361171901,11.905894424590922,12.009050514264434,12.41566944407125,11.639737178897313,12.314601315528995,11.193428541215008,11.306025533035832,12.089970449926504,11.711660563923305,10.985977412142017,11.650022984127625,12.004415643093205,12.480718733892328,13.471646398531318,12.209979291738994,12.338881077363979,10.50208457418207,12.229971120682178,12.846669557061736,11.270377570654682,11.845419219579739,11.690028011532844,11.35296859095046,12.150691254488637,11.683215018859539,10.740042524206704,12.468475812161712,13.311591208169867,11.77805576148896,11.656479152619296,12.07163173251706,13.12660007863136,11.65429538243156,11.593872452123259,10.377557568288022,10.56371300392594,11.826625028467861,11.73123127119779,9.949801715713459,10.819758178089522,11.764233975274708,9.84695912312,10.845802874456735,12.810046554665549,10.711806731193718,11.339939628284792,13.159706537171687,10.832172118766199,11.819981435023724,11.601263738992456,11.66782924755287,12.680686959779118,11.091536565802869,13.043248486145238,12.126806366398267,11.542426504541353,11.655701068359672,11.294729254902217,11.563490528849337,11.273126788001816,11.953258445163891
11.940517395178606,11.234623167304017,13.251159632323866,10.686858478445867,11.845308765158018,10.169624873455506,11.766316329711806,12.322631793208512,10.02396885730886,10.518436047844862,12.281622961623473,11.848746639011564,12.124800656439715,11.781284123585685,11.168987162207786,11.11725948781553,12.30349502197753,11.447171042953688,12.261567829129566,12.19316696256639,11.012267250834688,13.289587901869446,11.55850053025993,10.436975739052393,13.41474783612641,13.32365499166378,10.196586599274061,13.956612906380357,12.107225855694121,11.56239396560216,10.65827949465174,13.258554460029504,11.780760151440106,12.119092067272266,12.185678511100159,9.97800571677945,10.391898117708331,11.547748992743283,11.897007521917908,10.75432771119385,12.44040015743438,11.715072044958854,10.533571896842963,12.287909140177602,12.13293825537295,11.571770467634233,11.723729766581904,14.015943297453079,11.916059449753156,13.270867806200112,12.060009234033409,12.099633795985241,11.449389602198144,11.70542760445649,12.014995607068332,12.84984862293309,13.226616710766285,10.985999794631248,11.981604834555156,13.730790484840911,10.829889825289563,10.681361850149262,11.939177906113995,11.695843796486612,9.364380608911354,12.361854883112487,12.450401584709907,9.888787268858778,11.098697942792208,11.736899123043495,11.905503163134988,13.282640527812996,10.596192897731179,10.163191840269194,14.1413062517211,12.340432194610157,11.821142794715662,10.65264137691494,11.463264670205918,12.70254565958029,10.966939897405092,11.816656152615487,12.57679084543463,11.395098341933096,13.421334755145487,12.789027351066036,10.22478942045285,12.69737309645678,12.919032300177367,11.511230421465505,12.99454657405628,12.612974635042928,12.236977301487272,11.014117298486273,13.876978220987146,11.084530109160914,12.584305409023477,12.958077713317465,13.49231230152977,14.058695527732375,11.899881982124443,10.64897758454361,11.205690439951187,12.505464154060924,12.417952734576284,10.283571081340208,14.416561769092143,12.52631453653386,10.806387321758711,13.215589334248246,10.828188771185484,13.316601973800278,11.77980212633054,13.465904285903115,12.277534877883609,11.324116616479689,12.013459109224414,10.475944996340406,13.224850199175131,12.31995060995412,11.240215499447755,12.410551257346404,11.230742889690639,13.004649810366116,11.560483870450472,10.727917078853674,12.297612379592504,12.772226738884466,11.361098387884491,11.826697191789052,14.1194980378881,11.636172975361799,11.894744943323607,10.521211286530466,12.164907682011489,10.505037279872038,10.47828947000206,11.958893840357485,11.820607684196101,11.944124833401993,12.08231521046717,12.412598716339245,11.65255217356532,12.27522553032904,11.257646540670473,11.453436657268444,12.111544395296685,11.614660634591788,10.874181652555341,11.597433934140316,12.104779714939566,12.471502501332628,13.54246775562828,12.214019788499797,12.412884934950178,10.570710560940109,12.123110176016938,12.839000359921396,11.379727399267844,11.964256103126571,11.61649544371678,11.35883216949375,12.162543061541639,11.861872320198751,10.84640168874519,12.613834925061516,13.370361351399202,11.835779230242203,11.662970504997116,12.114174177991691,12.98913373769891,11.680481819574451,11.66169060256618,10.319197983472058,10.572095243529468,11.857116656922962,11.667101254779393,9.986717924082196,10.852846606104205,11.791358648204179,9.810823667543355,10.78786440499226,12.83312638483826,10.75544173051931,11.334881886804613,13.136761721441545,10.91342061598051,11.802985056700605,11.66075970029954,11.791516465045053,12.550625104993049,11.277400016276289,13.079528184642651,12.20883105281145,11.643366344996869,11.81987697627327,11.306767538964525,11.552022522155962,11.22166977976966,11.857165849850352
11.847948796773654,11.311620263058838,13.112053302907709,10.607310132577066,11.977384085053554,10.176930618342334,11.72614243016887,12.343346704775756,10.095899768083232,10.527174619608486,12.32001552327111,11.992167621084121,12.083155869416974,11.754508157881114,11.110196417855406,11.15297425291712,12.40357694497687,11.488480838140338,12.291000368890279,12.212302345722032,11.065866245807749,13.293843571700588,11.569818894614022,10.456677570577705,13.418145441392637,13.326026147560464,10.277875868744905,13.9301723024772,12.074498206108741,11.447149769794247,10.597062083120903,13.228881069208065,11.795681429505454,12.189894495471137,12.03654862510221,9.945373556674557,10.472740738440729,11.684880774338463,11.94925307268976,10.714446936178453,12.384743460834061,11.790014164556188,10.533336318606477,12.25095733451635,12.106736129210857,11.417390058864337,11.735628617033761,14.114246040547899,11.93709696196773,13.159192946747735,12.199500383975584,12.160284675539472,11.479251444684138,11.733807711109176,11.964955708578767,12.779589975191028,13.237169094341004,10.865814842937862,11.899258654245848,13.788806033270516,10.979761886411906,10.731276514952187,11.901972044034014,11.748465155134138,9.266716529105471,12.331367619986969,12.461161157749963,9.87932897988469,11.1494149575366,11.805953317191612,11.969333911805322,13.241050673375286,10.592074549813491,10.163221015199607,14.353987009084426,12.431777139504854,11.801618123604458,10.884662417450897,11.367492704318456,12.815013073884002,10.972333411438418,11.836104019782402,12.470779975852592,11.394548146395337,13.330376257898903,12.820384477474054,10.082595522995044,12.82048182736054,12.992284900909723,11.374584464354934,12.975926224361144,12.640897626849469,12.230355157922391,11.02901885168901,13.88773991002265,10.945490155036106,12.584496581813037,12.883379138624734,13.43938009840376,14.065114305647905,11.944207168643127,10.724082912015382,11.191425909032015,12.499067536609601,12.41023363200978,10.224135682339668,14.301866724298973,12.685018417424327,10.76426365930633,13.392809845914359,10.77336741610314,13.178223228769582,11.841968802692858,13.36232948129039,12.314445767455792,11.294700120399597,12.012929396033382,10.432689439361122,13.263876971311294,12.418029854976945,11.182956138052315,12.461026208778595,11.224686814066771,12.978931738866669,11.570815801912756,10.654416303457797,12.282415011140282,12.721302452674951,11.333611780512669,11.754277628937444,14.150648159266972,11.725899134398793,11.904841533360523,10.630560008517783,12.102156320227666,10.448478160618858,10.461174908312474,12.067734369695993,11.773283103529677,11.786432992163103,12.160614105366014,12.450829856835881,11.627980829350198,12.339566971631745,11.345233034200335,11.461922155212449,12.001031922252194,11.664784353660444,10.902911740763702,11.67746327603243,12.035526246441542,12.516983942710096,13.534971876226471,12.105185941884605,12.424772714384437,10.575979134769385,12.056768879567176,12.854139018573376,11.311111137596427,11.939218555577847,11.627495273895114,11.327491707226333,12.285531628773526,11.924129342148714,10.942616495900976,12.736338105707222,13.355687044942975,11.951111179139144,11.79143681698239,12.19436604598554,13.223301862385428,11.71546752232495,11.717538184358624,10.337058350267798,10.581349984276681,11.865166761986703,11.725454515422387,10.036402931156045,10.859642352932369,11.756624015311594,9.712962106407742,10.731350265785174,12.783527277266334,10.811190366025839,11.281915442647586,13.186697150614162,11.021361384941924,11.888582624250349,11.739743251419666,11.682933379623266,12.555154385938705,11.268212147949848,13.030204423018077,12.232079175888572,11.636716061155887,11.770262382233954,11.28799728231982,11.665655172077777,11.187531767737745,11.908970332269588
11.827892203991178,11.351660706817245,13.248897096333783,10.612528296013185,11.986219053582698,10.253628345544419,11.807031594355125,12.38064667102426,10.168219916860638,10.658820349590707,12.299263426355433,11.930651352462135,12.121958021445346,11.710727032403891,11.053129848588178,11.209437770592308,12.436822598498756,11.57237525462761,12.311699625328924,12.194294438899654,10.915736925444735,13.43491784654796,11.570656799660442,10.406358523551146,13.54414631643665,13.311671017899535,10.294678907077522,13.90026960678901,12.099565116765474,11.391659849549656,10.645245457861538,13.225853458558538,11.760600455878707,12.197312857002316,12.010001481506391,9.927910554687744,10.480838383279037,11.65296447660755,12.000364379232481,10.60016907071786,12.409218304177228,11.862190577564848,10.405880359880406,12.318487597060251,11.94485479468337,11.419846741208735,11.80306004557995,14.175024768921212,11.99963098740739,13.189156481704472,12.168747692465507,12.149393974834872,11.469071941986268,11.833213027900468,11.998961343367327,12.89483700484002,13.148875686046617,11.005775687355356,11.974734528944092,13.875451459001884,11.079281275940055,10.721232395218754,11.878455209664283,11.758198176927465,9.340811990336231,12.283432308127624,12.395747662691761,9.956322684131816,11.088157847195523,11.89910872503249,11.96796126891077,13.276857076274815,10.564999264273188,10.232270858096102,14.380929423826775,12.542218624655128,11.787606677981804,10.800223255355277,11.310092226479641,12.844443669092714,10.79854516965419,11.815302238367467,12.492729203346475,11.231309249452023,13.400882973908537,12.866520056917063,10.098982335435586,12.702927398582963,13.023696415932376,11.499169284146264,13.020480747963514,12.722683924268175,12.345138897236879,11.055499323378454,13.831290927378765,10.903992026104989,12.491861322116119,12.78167008836038,13.549680815090245,14.093987262371106,12.047476620905083,10.677497481854688,11.143938881445017,12.51215766536396,12.41568274962305,10.292354950726285,14.348733918665738,12.810828193403301,10.665022733713773,13.42334252801828,10.690171921416551,13.254796739448187,11.865031342687967,13.283134076966773,12.220359961938975,11.148556181765343,11.963596680415847,10.43016310863242,13.313630937554795,12.343969278989867,11.13744230985194,12.505230583575555,11.105653296901622,13.07088403723903,11.697771274708792,10.797916673748185,12.328682042887268,12.763163418769345,11.320364615793334,11.782378716008427,14.254195130598168,11.73612609966949,12.03668802737946,10.77184020995501,12.041598980860256,10.503142783388737,10.458093268233569,12.085180059902434,11.79666411487527,11.664882597943846,12.105271242905268,12.466468380724459,11.757566681731468,12.39932209577425,11.418281343940844,11.46396958765248,11.967559614196587,11.667844492124537,10.965192306648504,11.70026047941976,11.987741220023787,12.668997129660365,13.515690069286952,12.088378308075674,12.38279346473604,10.679604851274062,12.035512633473626,12.853636204033714,11.284443619628027,11.909965320040197,11.66738726236936,11.412010225078552,12.324007784502706,11.92865846336067,10.915788421885795,12.721363618871742,13.364568329144152,12.00720286150743,11.875581262804138,12.225215103873298,13.278886489641057,11.712982665907216,11.694992013369284,10.433532001476719,10.36565618390465,11.781093262660818,11.902411214297992,9.955359886995597,10.940521364606223,11.79039791577506,9.643646762967984,10.704959043997171,12.7545943313912,10.867656495894066,11.277544250322068,13.180411883403618,11.104502146958742,11.917844813363503,11.763152860821316,11.637061547129528,12.584780990582999,11.220095352399547,12.986573807928343,12.241707404780042,11.688912892370839,11.904148388150547,11.432972625859446,11.646018262508084,11.17625386206032,11.94584296293851
11.840663714052601,11.442654365708613,13.17775838993973,10.68551599625856,12.099719475629138,10.14647625334531,11.672506281230758,12.645849980026075,10.12573693756053,10.701106673624036,12.289619449489498,11.919911269244857,12.090261995114659,11.612019690939228,11.126737472938759,11.225216252512501,12.469274334783922,11.594693097916924,12.456465901181598,12.131304747293296,10.868879122171824,13.52360592567059,11.554387152282318,10.405876173808078,13.518642743656152,13.308106012266823,10.335495356863795,13.993041529475226,12.02522547029223,11.38677145860494,10.6465698135064,13.226706084141592,11.802814267283573,12.30342869357029,11.899826370827636,9.881541725940652,10.497403732020516,11.634154103657886,12.073431273374714,10.524851218694714,12.409527159025323,11.786830373896562,10.409214119837902,12.277627223506704,11.955248825398854,11.410547897646413,11.809707921382712,14.172192604069096,12.225715100646754,13.067286286989162,12.172836835650372,12.13164775816691,11.525111202840822,11.952697206433415,11.977373427766414,12.775543292698716,13.11500503262332,11.088891352011371,12.104984347253314,13.834094911093423,11.078413265893682,10.869228356476215,11.913356949678676,11.785110950289894,9.408300460080238,12.241835661940062,12.505860076401568,9.935132391245393,11.111640328975586,11.92129064872095,12.043762195479665,13.249532374443186,10.727047261203271,10.271513595637872,14.464545376324015,12.595593764694565,11.871588316672717,10.871342217005036,11.403728374264588,12.871243187026385,10.955224167420512,11.925826076699028,12.468547629270425,11.202559431616233,13.433750114215442,12.826305051988248,10.070939167032256,12.679927612696543,12.895024746687417,11.541692712648713,12.892651363072517,12.779303683710868,12.275803313880475,11.103426578632964,13.881437812224663,10.79995468103391,12.471427235594112,12.760979386726339,13.52989484591849,14.134474713149487,12.121886457289833,10.90237521649242,11.160899285666844,12.625513299534752,12.514964084768659,10.277312421149567,14.269103990485773,12.808690815074321,10.610148038346537,13.481414747571723,10.715021246932599,13.322069863930126,11.900542247849485,13.164247606081627,12.273185584672099,11.004362462342815,11.965934397277723,10.577785428790932,13.374950998969313,12.362899695893377,11.105199990884467,12.424758769599606,10.98072731658561,13.059397832712515,11.784894041625035,10.905924323379596,12.552377939019244,12.700944932644767,11.42326652096944,11.900868562715424,14.313042506347873,11.800012825834996,12.04878065066632,10.864948217057018,12.142847569234089,10.460245848855003,10.44643264104033,12.15023387605661,11.921910991011767,11.707513127124455,12.079626887302378,12.457777753044061,11.783959517961282,12.381953493190583,11.443413295898965,11.353670140636241,11.992751684366812,11.686149982891099,10.998691927864826,11.718961616189675,11.938802087179543,12.62907201318686,13.566111633192758,12.180545182282199,12.401997173531802,10.811170233408859,12.002238480197676,13.02315976180253,11.306327263640226,12.017942376651199,11.65416027105498,11.329235281312197,12.350164935590078,11.944336972923884,10.888779446026081,12.694395081565233,13.311395771815064,12.016485027239073,11.812549215811432,12.237724826333372,13.265501988286253,11.716058383614918,11.667686924433024,10.20730341060569,10.490960993772422,11.84212813558797,11.915889249320777,10.001550403720403,10.865543811119306,11.809712290304738,9.592741953335324,10.803797965091242,12.743736984617344,10.904816702221868,11.25321922255046,13.19427508137668,11.094346560801146,11.936763066883996,11.65410548296554,11.477426419665683,12.609812975138253,11.106415336957571,12.858186868568877,12.270533508957348,11.788624665616123,11.863962145309644,11.405296088292191,11.592604338100681,11.20125994270618,11.884667371618209
11.85426996669931,11.399807598563218,13.081699817724934,10.741024904766729,11.947533277518666,10.001215257931062,11.765249040485683,12.675448252853029,10.162551066805278,10.710764206748916,12.379631170809276,11.949359444769572,12.095409819559917,11.648164870901276,11.120540595838511,11.39094535176979,12.57469700692752,11.597353381532947,12.39095154176425,12.196991797397205,10.813001381274882,13.680407730709101,11.625777243770882,10.431617454242874,13.52113582470201,13.360554125182496,10.328613004863744,14.089355028980883,12.036035794663002,11.387529415073772,10.69613561995385,13.163716352609837,11.751651278015105,12.449590870046752,11.87561183883807,9.955204434670435,10.585932251818479,11.405416483183487,12.157186084708155,10.494159525821935,12.465600684462485,11.849016755413592,10.589037683830778,12.325500848336654,11.827309761993979,11.336893076562887,11.744174436043874,14.216736986131991,12.163376627060185,13.257942094915279,12.306946535468649,12.25458845128219,11.571215649857642,11.861707271498764,11.8439567941436,12.944078371656895,13.061864336093926,11.173357662240587,12.11923971576235,13.761612742512606,10.932232231324459,10.884023397107539,12.029616652067013,11.758218491072714,9.427516479410182,12.198684660155731,12.658862326830155,9.919124951491662,11.168811884802391,11.932298524200679,12.000667028069508,13.253066991977207,10.792514456204636,10.367136972903534,14.531722270822698,12.47392563838751,11.939769376172071,10.9084323537074,11.378763962723411,12.855198956388158,10.882414393693951,11.86836563564267,12.48437913576296,11.196554602702514,13.410832680532524,12.903868712047242,10.028287128163782,12.768597052823223,12.890105685301307,11.42830918669201,12.836123201261165,12.906450658538466,12.425551203366172,11.047532778513052,13.876018144201542,10.831898164603258,12.561122038366463,12.664936598644745,13.40647805801258,14.057777609073396,12.042167327330842,10.807073590037167,11.093365232271339,12.618775415768535,12.579831862947076,10.275152887747367,14.312211841812323,12.755733038340512,10.679670591492744,13.45334381300978,10.694803212652825,13.351383908618535,11.80683696158998,13.10754227648203,12.291788088068511,11.005707248137973,12.13211042951136,10.668644202963923,13.424161890624873,12.41236479062685,11.018257113671512,12.4624043175543,10.986324172956666,13.040669867032069,11.70543406538992,10.937918304387779,12.525191869483274,12.873354736903018,11.36063521232955,11.994618659536986,14.372745398700959,11.774272420042774,12.062883959185642,10.966846670822052,12.135770062463866,10.540660244391711,10.49275659731393,12.083116338568598,11.854995784663267,11.579883388687968,12.225191313329818,12.562537860103145,11.849623577127538,12.503706866904201,11.588858355991338,11.431248689451033,11.899294625176227,11.610161475856742,10.93269565449394,11.829923441776097,12.032055101106964,12.603064864251614,13.654081783852188,12.048321522860629,12.440107927317891,10.847606642416098,12.002705205547143,13.062373271218487,11.376585397577504,12.012560235388822,11.510245355698967,11.25376890539609,12.470735220207692,11.943642647585262,10.853342879372098,12.70522362477003,13.302280715146104,11.883401541019984,11.794684472629498,12.177370222750591,13.336980424114234,11.760565063675818,11.683592810926973,10.23224179141944,10.536966405208618,11.895454822659334,11.816502337230945,9.997813079898151,10.813072324465702,11.748738510781564,9.567172221703204,10.806828749228316,12.832274570658711,10.982236277064251,11.040656262846595,13.086723467838427,11.133927813089,11.865511243655986,11.615827455353397,11.413260583095767,12.534831580723761,11.124930210196398,12.939848819471825,12.293279983045505,11.66655077301594,11.90776088325641,11.423004311223535,11.717912209954658,11.210522719730626,11.918730168251926
11.803170215271601,11.481518721552144,12.995133362106197,10.727734469251843,11.93268160329752,9.997490486699952,11.734257453277182,12.630475235948543,10.156598911645174,10.88151926054523,12.463451584141966,12.075630145246127,12.131298315907623,11.57704225557884,11.143316193032126,11.321563507885427,12.619287862981622,11.62236144343628,12.473747716061586,12.185848853272304,10.856975878137987,13.529479780956766,11.611744733405818,10.302497426138402,13.528489892848622,13.329119316826155,10.369130924029548,14.016277485912482,12.162204715415148,11.473853217500336,10.684296354977642,13.035611433914923,11.78639522761436,12.496287749320004,11.785141376604845,9.965627042516433,10.608533517670704,11.499285278780091,12.190560940732347,10.58323979623696,12.555130890019468,11.709359448650115,10.60546790002277,12.309640584582521,11.85224989328417,11.268594818907577,11.859942134194048,14.123588797924471,12.31453818965514,13.195429442098511,12.193637613011546,12.341874902047694,11.590318272604407,11.933862686142836,11.842885253655027,13.110057248741235,13.116037721845466,11.307461350630486,12.1210166081316,13.719441405857204,11.072786119722563,10.92396483977841,11.972551365244382,11.799248897163288,9.239622644005472,12.351773066470882,12.600023743996703,9.927289949907262,11.037997926854091,11.991053842918456,12.033488684100547,13.211994027759477,10.85128130001381,10.495481665519504,14.573620817869159,12.42350396904837,11.985344054369296,10.908869901932775,11.284357361067286,12.810322902415152,10.672503529683727,12.008791476294732,12.59473063457693,11.069399791487253,13.530333061735902,12.941327689847306,10.0162185782941,12.743955497439096,12.990021859023594,11.471645880356228,12.877939902865426,12.934862148476384,12.344482029597918,11.202804848467174,13.916809252441139,10.930683798968484,12.506123514715254,12.575665613367727,13.398831108867565,14.186343739894317,12.037092229705989,10.794237654861092,11.01471486846764,12.586195141058553,12.547735455306093,10.300708575863593,14.382866269534276,12.763792020139821,10.782944381133143,13.40307239655109,10.61332989615317,13.31603064409583,11.82001530824948,13.100191444347292,12.403990282516263,11.007388021252924,12.200529908227367,10.768285576551827,13.466848060876185,12.518346301550913,11.048125063531042,12.463824016295456,10.981905370556253,12.899879576674163,11.714769085027893,10.979986714028836,12.431337807610019,13.065943858172421,11.384014937935307,11.948308485655641,14.348828337264834,11.831290303473812,12.031480068697213,11.001825652225072,12.118218771828918,10.642713222809702,10.56786120159025,12.101363178143393,11.710836661793174,11.534481764507232,12.29553743673,12.64406045541683,11.949272616365057,12.368731927561718,11.592615083887758,11.429259554854129,11.88620733867427,11.832455004387082,10.958626198752052,11.80621342868725,11.911441502986259,12.605680462624417,13.72997320088222,12.052773609938109,12.442914953907245,11.04105325108999,12.051752431846701,13.039210033948404,11.262715433704253,12.029115342255857,11.711551820710845,11.37186422758385,12.457887921817818,11.985542514276142,10.823105950282265,12.711364892462663,13.186960738534212,11.827096552759404,11.6490534119703,12.072342038934213,13.448418316879563,11.802451419239912,11.828232333211947,10.198327067072476,10.499794012402699,11.871747972552383,11.642380751092317,9.877973439404714,10.764595335389869,11.751906978469531,9.495682733892748,10.813860189805348,12.949928269695079,10.977331350238092,11.08609921393079,13.179888951899855,11.175715923177538,11.837580633295575,11.47244774429919,11.510660796199733,12.588646481408759,11.116287936646685,12.770971125017416,12.294154240975747,11.721548266471471,11.954229434042901,11.476480598976751,11.756331916207296,11.37365882851935,11.898749228081565
11.78811913469587,11.599350389162453,12.955054445888026,10.689475174753808,11.991473734966016,9.978885973403806,11.765033236767545,12.669789564753819,10.097444061463667,10.840764978814189,12.31013679889119,12.06685992688757,12.105995821413147,11.484776040394477,11.003964827578958,11.314216196979512,12.648455836928575,11.603316613249062,12.662915088587859,12.259998733458632,10.677703892466397,13.535633162718193,11.59955998963191,10.275008197843045,13.71806516651946,13.354873258122682,10.424629604702567,14.034587533992331,12.08224273609453,11.51052797961071,10.788751596950588,13.145419964148767,11.83166744131529,12.472807821781224,11.745548828207589,9.971020515814333,10.690774742774678,11.488038145698495,12.238106945576453,10.54223386924417,12.59944982440443,11.857426228418516,10.616305042862887,12.352871429501944,11.966752857829139,11.303641487900338,11.736444197254308,14.155862540514466,12.392778789284682,13.29555110838472,12.128542147601863,12.352511723155498,11.571519610688807,11.831052157387283,11.904414679955737,13.040084451794016,12.925591515153627,11.271388756985937,12.236963736931974,13.65747901083213,11.026525321307687,10.917417338041332,11.94045390537159,11.86739645125353,9.290225938374991,12.393793644005598,12.495057999380466,10.024886382448486,11.126178550358558,12.12180662860105,12.116049658702114,13.226185497365234,10.966691150770908,10.539606517770396,14.500040623562613,12.292880946787145,12.016039355169674,10.92496166063681,11.30826420656625,12.815625268032957,10.729555304776365,11.891481088206545,12.589490785262747,11.02574854969746,13.563669393823721,13.040600657200207,9.983773931657447,12.647320923717299,12.931132536580565,11.404623617106791,12.806109499079788,12.879459497888382,12.418941601703997,11.1906710274022,13.909205863669012,10.966185581435841,12.611632308667776,12.68647590983267,13.52403849500446,14.127281695356505,12.042855177380142,10.829775459376823,11.130932971233827,12.567095134910641,12.578154766676409,10.312694352308155,14.352564659198848,12.807777217412541,10.778287075282565,13.456582794237946,10.537575141357193,13.326381576011967,11.715982328076151,13.036841473292457,12.583535489903397,11.00751853984902,12.099191718160839,10.727128725991882,13.363377078553066,12.506606461828433,11.049955375806686,12.42079327835326,11.00874465208466,12.9192887499114,11.76163037795175,10.907600119192846,12.354521836142913,13.201202797931154,11.352493809760409,12.092466972849286,14.212516148528294,11.921811526633808,11.940792156523333,10.885648768958333,12.159719172192705,10.666577843284706,10.550655188328372,12.214945771827209,11.811314426309314,11.586883593671027,12.305534560478206,12.713658335023503,11.972215672908106,12.348161687978049,11.626785890127184,11.42846812411948,12.112969849160832,11.740346671800209,11.031787793208192,11.770645779455847,11.897356850305629,12.62823612974444,13.624028029182734,12.16660160832817,12.563416082922702,11.134220388624017,12.034532260252147,13.048537111979702,11.35696454656988,12.06458172247872,11.563072263795876,11.482004471976815,12.468276379953771,12.005441118156137,10.807267576742293,12.75897457302959,13.354275489440411,11.846824062375328,11.614622012004949,12.08195851794217,13.447275533443676,11.734626200042692,11.83564912462124,10.273903538613276,10.508191958678836,11.80222111649116,11.755982454610338,9.856913888315734,10.764882044910163,11.82810665276737,9.44930793490171,10.742765501011737,12.911847986468123,11.013592301267677,11.01044682595975,13.236358984253183,11.09984162334686,11.803186647229989,11.516287569425442,11.589958689074495,12.623333061239386,11.276321888078567,12.951025215483906,12.40030752674503,11.715189918722746,11.856520293790249,11.47926109355988,11.742443933653183,11.315691330584269,11.951442389420027
11.749559971849772,11.861769376462266,12.903675936819024,10.592925135177847,12.038798888231106,9.982185582987853,11.74587710396586,12.660356755906125,10.164858438135997,10.92275726218593,12.391067909119661,12.092674626524424,12.039642314310965,11.463891783710839,11.230234490718248,11.377394416685819,12.756071470020402,11.615573572756453,12.697783365663321,12.387375119843158,10.744169618242822,13.561456913560917,11.513744532919064,10.259675298914335,13.776620602280817,13.413400658956332,10.461325983951502,14.022034404697838,12.062860013965631,11.448838107187575,10.843072414089983,13.216855875750221,11.85214012372053,12.409509864038398,11.852018141496073,9.979095557935194,10.648190317791927,11.499662793510923,12.161032472936514,10.563704924882229,12.59707793605696,11.880903003160729,10.43376009931451,12.339687263539819,11.997920018057949,11.189770704242555,11.731333291401443,14.233288394948563,12.419737223840366,13.449589325008242,12.223913791454686,12.165218562672253,11.612033004268595,11.820748023291564,11.837496106290923,13.04810486334226,12.786696795793173,11.274782371446419,12.28367928019566,13.673450607489151,10.998145488999914,10.864988623937922,11.952297549689318,11.9294920840299,9.251356992558174,12.44683830842053,12.578190954246361,10.147778134550313,11.197701516246827,12.154477103462789,11.99297929186456,13.339557155840028,10.932297998278782,10.262597252771036,14.566877819730578,12.347322000276012,11.994514556732733,10.84168533411587,11.291335352817647,12.815534976149216,10.645914201763885,11.99405003141885,12.633031824233669,11.058063710413496,13.529910388080273,13.096384246835639,10.069371869500667,12.592833463082297,12.965631381505817,11.419089771697555,12.871614559263858,12.901615837436383,12.348471671718334,11.179263481061955,13.890354634730611,11.016338447676095,12.762932653714577,12.762924341150404,13.6324366593389,14.220365087272071,12.060798418450391,11.027009558384089,11.27029145698355,12.580946889553944,12.691064818883621,10.438172187393674,14.357250199232096,12.760940981414226,10.848555877641848,13.568744686155524,10.564596333474073,13.451090629864543,11.663559722304107,12.989217812277325,12.73505208248549,11.094291214172875,12.133345551392056,10.639641866118314,13.479370299711983,12.630836788801346,11.066930494490917,12.459112060935977,11.074194024974963,13.090153300718805,11.705098090129935,10.878248989915319,12.275156752897345,13.304095027511933,11.244538675492247,12.122289403236648,14.322803177115107,11.808943092611576,12.054451528077774,10.82207322734795,12.226739484440406,10.671648641170059,10.705487713973099,12.263199688151143,11.989262535811973,11.750365628280163,12.642079118603059,12.73084925806706,12.040515173696384,12.28610694163726,11.592251855884522,11.367431611294606,12.24775186188367,11.734126445221,11.009125082476281,11.741677707155407,11.90144571009764,12.57680968498445,13.637365549077101,12.155458338396455,12.60984961803134,10.972864876874803,12.149539031980485,13.129125112057071,11.400080979919807,12.154910807726658,11.572961460953112,11.508493867446562,12.365037322216722,11.943055273889122,10.78374265507791,12.725058511447575,13.411700390009115,11.90515044483155,11.721556438892371,12.101809484737508,13.485541975159876,11.63089551857586,11.821178324878657,10.39448143770814,10.615452855651776,11.845105803303127,11.767570168670595,9.79802550583262,10.855429660918203,11.797785210921766,9.475682782772894,10.690867987368689,12.89873059937045,11.027932489454857,11.02406599417791,13.249376325095625,11.131984687206014,11.890246507400292,11.55165048902508,11.531228861827039,12.63952232445934,11.38748410974547,13.048028595860409,12.489848633935532,11.769192254186228,11.89900159162136,11.604219227275708,11.713563977449782,11.30479409451535,12.008864755866071
11.614795873543876,11.93505113247317,13.058963350135963,10.697716764207705,12.022354926703844,9.883734446420299,11.757511713138035,12.618273766882183,10.263050548733391,11.022007937919483,12.40474161265478,12.080586937984092,12.024421742760904,11.455977068045843,11.358739117014716,11.372304162363891,12.815729482658583,11.644115577092872,12.705587160040206,12.310121242200205,10.68419083028977,13.581708021433997,11.539109658413853,10.188965758791777,13.940558517239811,13.369224998684116,10.475900032911122,13.946451816441089,11.978672621463183,11.527893141646048,10.82740668492775,13.221026838120011,11.875891538902625,12.556269791759082,11.742100837541468,9.977458916228226,10.599206407237364,11.483463590640879,12.133565370019499,10.482485596856804,12.561661849478513,11.877680534429311,10.585374547832298,12.274410462549504,12.205495386360111,11.329557148440498,11.797994620462434,14.257744017234549,12.493380143458433,13.54465544308216,12.240556029841274,12.178107979813051,11.572597651891636,11.929893604228242,11.803662781355934,13.041786038313504,12.850852403056654,11.174741930633367,12.326322380617892,13.78874313981616,10.987666143896444,10.74470857464322,11.887513999653917,11.907182268479806,9.2591445013243,12.395770267164377,12.617408736806192,10.052192970176318,11.234889213605017,12.050340837575101,12.018593121699045,13.400508511326578,10.988064506937166,10.25695220095279,14.529009254939696,12.407180182429139,11.795470765242808,10.938356738342163,11.29372766452073,12.869321173968453,10.566381575713462,11.912196194941766,12.681827855836552,11.151299433825923,13.555612209947723,13.049453108804675,9.945152478812634,12.463255597658895,13.007856470668514,11.427642541512613,12.761400115458098,12.965757751517069,12.31354691332713,11.226209740558973,13.96145445962815,11.01466569969058,12.561661249031568,12.849290216227347,13.676775902284954,14.32498703035753,12.03696492287402,10.918222402916907,11.307759890596232,12.64697871430734,12.706855596080787,10.5027903671523,14.303411026747439,12.771174271594324,10.80311260868345,13.592785167644717,10.560778117323848,13.547232071625041,11.654546452162498,13.032692452171789,12.684880880832456,11.02949409130977,12.03341052765707,10.77095559096851,13.488578712151938,12.64567482968158,11.129823296624144,12.434176573010788,10.972172344129236,13.214717866825586,11.693855524130214,10.821735562136336,12.221076832830047,13.327578743507253,11.17282500362329,12.112341896937457,14.28223938899984,11.7672204380077,12.070831172942006,10.770622443089739,12.201180613742737,10.573055552156513,10.771430953174548,12.228694259131245,12.042160733243803,11.8794197919416,12.71073830588068,12.708483164620297,12.029187457987485,12.329188573920204,11.507847516387121,11.444231276479645,12.20222644073697,11.50951610810938,11.170487159740752,11.606073428807155,11.935031498508796,12.683069568273021,13.669916963378077,12.12541940625372,12.62896890031304,11.159001312963758,12.16081585609112,13.147065946236205,11.433344956370702,12.210863433764244,11.626164608980588,11.612356740082403,12.426957946367843,11.992020795772744,10.847120507244352,12.61278760408256,13.47782626144039,12.032495479970077,11.67137825230362,11.994546346496092,13.583440009584988,11.516103667716644,11.862931994006415,10.563373555799757,10.62875010609695,11.883865008238732,11.733119388668952,9.762907106120787,10.921301904187347,11.841419932155393,9.507244256060297,10.877199058946204,12.925703533764523,11.044564526744555,11.033343904782154,13.306775385206913,11.13862874713431,11.821975857306809,11.422062101990035,11.41518692184053,12.530342878963944,11.477709586114132,13.167242186013567,12.555521147106395,11.836169649484928,11.840474291592297,11.645541862459057,11.815088575403486,11.38234283913017,12.069865974964987
11.604354454162193,12.006884062812528,12.98578010774564,10.570704171757876,11.964522677341188,9.838878908726764,11.850022312750633,12.63019047847235,10.116778350411783,11.074564270633854,12.394344339145684,12.017433180553835,12.15234555871651,11.417767668783291,11.243486769674247,11.403573008656524,12.829907975528988,11.546653374743356,12.697946837574392,12.31990262219031,10.625189173258336,13.503290934560392,11.573784915940754,10.259384892379279,14.005776160412053,13.302014419505294,10.495450506015228,13.938271531134443,12.038016459109487,11.523596336580553,10.96116754920676,13.309252068840955,11.960499352407826,12.475688153248873,11.85840575394217,10.093224648915099,10.673642200931392,11.354649606302369,12.059004219321928,10.405677848355799,12.522881867873187,11.940525248669282,10.680923686560595,12.113927777433211,12.03601466036717,11.377530097575615,11.816763540286653,14.240661975692406,12.496681232689152,13.48907291876254,12.181996549222042,12.2428473593811,11.602379344437251,11.928083699121675,11.867521859449662,13.110991350720823,12.891045781881838,11.250629790905247,12.367250259126715,13.724133529659571,10.97471832671275,10.642417405421492,11.771244050266553,12.102951671586968,9.305514376237538,12.26774763393241,12.604570342247126,10.001377919573422,11.384540615572238,12.042630946727463,12.078396246848845,13.489049594102129,10.89199091978328,10.15954947021717,14.591784156091652,12.307779828736441,11.734598939521492,10.936800369945582,11.319709833143015,12.963418715097808,10.651395252691971,11.958892025862365,12.632000340643822,11.272286665687135,13.51251460459166,13.082712536729506,9.988300253318034,12.514874786035085,13.067720873208401,11.533859949116763,12.872461752112294,13.016010036591123,12.369712949010145,11.31615017876227,13.923724398456178,11.16816290660675,12.50682593651111,12.911260174916373,13.762032665635651,14.155460143768293,12.063241289503141,10.93745196559422,11.276777139204267,12.708555515776252,12.807936363693173,10.577791494269672,14.406317751687174,12.82843233287104,10.700451386679587,13.561939879837,10.60441680006002,13.343039080256617,11.673177474095906,13.214954527444027,12.840830210105409,11.0296671969102,12.035042435562,10.779935525668584,13.466592933502179,12.614896119260486,11.09550899995903,12.3953401497109,10.932252871155791,13.190995653127601,11.678622114406867,10.78129350106084,12.230486941301644,13.387775447805812,11.14708382458261,12.03998128468937,14.442311858557582,11.591478429070722,12.052917824720083,10.692099052285727,12.175027990299464,10.633592024595064,10.792532800708846,12.265001668441105,11.86501865224054,11.927039847624384,12.718793110951756,12.67679010661453,12.039207662520981,12.241614778891217,11.529759729320105,11.409385922092476,12.297351936401851,11.472964241693674,11.214990001818467,11.632031622463632,12.006603118576866,12.610217352482936,13.675044424566927,12.030861098726922,12.740457029527464,11.144031390452437,12.216188153794869,13.15169047229702,11.41972814433578,12.184606574075445,11.548960186218062,11.527694977312981,12.534422454033852,11.845491873013627,10.86397099625456,12.656540476579956,13.436345196882487,12.025099326652978,11.668490463446945,12.118194566987679,13.64849560839224,11.475334647994243,11.748611098854887,10.596723161502162,10.510645047543726,11.885298610971441,11.705373886890817,9.688963236472977,10.878066648046843,11.809280889682425,9.359146174198097,10.963667190482306,13.019345362087966,11.04695970202583,11.118931172887782,13.35922863352727,11.242162327563452,11.74835373109943,11.480476377878853,11.333503726636144,12.62855809165827,11.457016441510753,13.145722673282524,12.66510958942064,11.861713022058861,11.906271984237781,11.77164513734791,11.81296472247041,11.417935688930388,12.033157030620275
11.558850506416848,11.954836367241622,12.85239315581437,10.544461261335083,11.929830082707518,10.004592376093134,11.911783954390984,12.525899021432963,10.268845109617104,11.15194203857731,12.468946802581963,11.991569402085103,12.056218553141923,11.302175852514937,11.173601783797872,11.42452547947369,12.899664165038228,11.551971784501943,12.649992430917436,12.373354724055707,10.548924711159152,13.696527908169024,11.56210788048134,10.203218340414182,14.052515443807838,13.2023390724174,10.552936022182891,13.861287337504999,12.238733490682328,11.4592338864617,10.853183007106976,13.33633984436235,11.776778680895095,12.444774931876006,11.809373939311687,9.964977677795622,10.694471061529637,11.383810458301275,12.01628189299259,10.381304555846851,12.502695529384013,11.995786370853214,10.596939611928908,12.194721026725142,12.032399926932088,11.479957183010702,11.813918608854861,14.308271151485734,12.37003102006064,13.493695095530152,12.131084798827562,12.255119925083427,11.61130297768341,11.875563460744518,11.937491455535028,13.134038230415522,13.085447369912266,11.324993502057376,12.46679536546716,13.817682117505194,11.0469845249238,10.65810018479974,11.77958924085144,12.183711885973581,9.271241714070326,12.219209292466589,12.634030779930631,9.88048757206295,11.485450967016932,12.061173383071905,12.10860527944108,13.521179989634694,10.71768189159737,10.10884999443517,14.541138903648703,12.35581200542282,11.749285689734574,10.954213592245608,11.393215335132506,12.868464901686284,10.571528158040154,12.01972576724579,12.456500183229604,11.20000740163552,13.582471137421892,13.06863655136744,9.948391953962146,12.54845665363997,13.037689283254386,11.491257993493168,12.79706433078796,13.008715160933955,12.479590115940688,11.3116698887042,13.86823679467121,11.192629430472744,12.365017544350422,12.96546222050967,13.69133247567059,14.089214168697934,12.102684124851615,10.977622468153369,11.260784772225962,12.703777553831772,12.924620381362043,10.548409518281408,14.428571524704445,12.846520489211958,10.722806007351984,13.641262159332841,10.692793333629838,13.359312409307897,11.639098198651922,13.14738240445851,12.713679651985936,10.904984793173371,12.041115071250331,10.724872085247423,13.21699866248989,12.640508302000129,11.004059437643368,12.338655583167226,11.16594841993481,13.063893242284877,11.628020119134964,10.73809717404408,12.33604388595659,13.46882489779891,11.250701486319869,12.045459081893346,14.523657872551365,11.615500381187712,12.06901780613846,10.723286249468195,12.226894020493965,10.770264793898782,10.873953063576712,12.296362468347322,11.978615918473217,11.96335873354877,12.865001565670722,12.678574851477403,12.089329686071698,12.284987600611979,11.447238670962715,11.444584035698206,12.310767232731104,11.445779469495898,11.208347964536852,11.663426077585346,11.932246105457502,12.6403149849675,13.691695400266642,12.13313792381783,12.674900129928274,11.003488630369702,12.290319389854282,13.244803644862113,11.275386942016691,12.235723669934478,11.621562898947747,11.67652952421263,12.457889697070392,11.696598185281594,10.977725832685108,12.60427639769621,13.460075945996394,12.189396311874418,11.81676039085836,12.014498925057094,13.529913696178234,11.553928484353607,11.749875032661791,10.608078200344927,10.651402185585964,11.964879845628557,11.807263429013847,9.71734218360352,10.983496045383129,11.801570463273649,9.46105835962488,11.052830199361578,13.07131498845936,10.992353736601027,11.328545587915434,13.475648340791547,11.267429287159135,11.78599561968273,11.540366391364948,11.229257987823518,12.672503880703731,11.398429769897932,12.966858125319565,12.60597407641511,11.95997590555768,11.836038243101207,11.68967015903236,11.813273016561379,11.482744139234688,12.139671813536546
11.60238632702806,11.86300684561723,12.726448246788268,10.450951043518034,11.94122715774455,10.012313699780176,11.86468810478061,12.46281521963552,10.273244661092042,11.28090561003521,12.448796075992842,11.916109056041998,12.034008810548793,11.32044026604965,11.229632926917295,11.40333531298311,12.822549226853713,11.653943083225283,12.689320290413331,12.397122007116305,10.518957656918621,13.717967097756377,11.471930471675654,10.22313731174274,14.038273406959576,13.121967885115065,10.591807187477894,13.901049636130697,12.214932053976293,11.425722572333056,10.690041250655362,13.452476302136843,11.833128884989378,12.411088643381108,11.794065426694928,9.964984121230195,10.729752903890615,11.409974052797654,12.076575032026497,10.508414755067784,12.405269296411495,11.977102384478167,10.74323041860489,12.171942156109388,12.062434459661992,11.559926967189645,12.046420814023557,14.446521781139026,12.325812853166704,13.38500562348276,12.138113880460336,12.125498645509008,11.592549926227205,11.926712222087477,11.891730052053653,13.023438382167358,13.054789755626718,11.337283763095947,12.505171346396834,13.687943462776872,11.004024409071034,10.691120070603713,11.758895052463746,12.148416031687253,9.229798265374766,12.070246280735994,12.556657480101943,9.94179932458366,11.499962349034817,12.135337408796829,12.225080051015501,13.55462647531964,10.78181604649615,10.170660286115796,14.565463960318915,12.372818980017627,11.6992280814726,11.010755974247774,11.485693333791978,12.879598160074114,10.57563867744616,12.153228989690083,12.561276517369041,11.310076675780577,13.624395486475159,13.107698634608038,9.94611345636738,12.660334039082565,12.899963259229288,11.691974171986367,12.75682161729105,13.019529321385637,12.436198341469192,11.420264835075214,13.99865417276843,11.174481569763662,12.406970918726595,12.901908235758594,13.588739728786747,13.947363666020019,12.05933185922396,10.892052081600617,11.27345411412658,12.873058001251632,12.751789947794803,10.529020477580874,14.34240885139833,12.887517050694026,10.784134568495642,13.71858495216436,10.661026546004042,13.338262567816058,11.719231814948346,13.177099644617464,12.800049644554386,10.982529962476397,12.153860335390851,10.700425531885546,13.201440293299454,12.595994928524425,10.877778881665648,12.2669058150787,11.166424030015916,12.990429771987994,11.647242531833966,10.775423880992848,12.329480505794265,13.38329372903959,11.183298843018148,12.107403194778131,14.562935331559325,11.6660525568023,12.03602503714781,10.821486326881619,12.24167234298779,10.809385737659936,10.833818605901518,12.121317938126126,12.014357567799424,11.918225601326009,12.687211442938397,12.769501687998373,12.044390291830194,12.403528752683124,11.374350108665915,11.325479030650152,12.398372869873905,11.528756735399439,11.329840489793645,11.63596871760236,11.88282889549351,12.618169297628318,13.696078229428485,12.197524838760428,12.56568217744928,11.123859980126939,12.3431811987108,13.176129924324135,11.233392998400184,12.37031914711177,11.622222697089137,11.768471797256577,12.421037402960476,11.782508685612168,11.051984450644733,12.654571258036025,13.460870581637657,12.203279338200021,11.904876101916013,12.101499806939445,13.496869239500583,11.660896878575354,11.629174436409016,10.640870353503995,10.678158693404974,11.94133579616323,11.727655396486481,9.761547860538357,10.957261035938856,11.88342607679351,9.52261446125821,10.99445931130853,13.105316939772854,11.027777694259322,11.317227166570516,13.422567779753315,11.389190268957051,11.823810852513855,11.579736868114075,11.234728104943496,12.78552402543508,11.269864349903777,13.08233673612159,12.688974409396822,11.85196328480721,11.743312798674259,11.467618336415493,11.867747525343322,11.364269671850183,12.28768962693312
11.600770312103096,11.695255026436186,12.690960591815335,10.405243351326837,12.035993829609284,9.95503662594251,11.901911798062747,12.339351540306765,10.188612747944743,11.195232310538302,12.652997026498506,11.879792361236316,12.091618751060544,11.3649910831289,11.105260337775865,11.494533711017503,12.764347694213846,11.749698233186425,12.751343392241118,12.459014165949666,10.59039153967763,13.688169093251815,11.527390146397131,10.185064560020166,14.088390802182587,13.202765258264499,10.664571593562743,14.0317019379326,12.18621687046863,11.518979108576476,10.629922183033218,13.463952151681085,11.72087417589202,12.52190892480172,11.814487266788271,10.009291644697257,10.741137671604816,11.589908734902208,12.097142675791286,10.499583468257102,12.419580527021475,11.983380975536765,10.843341108654416,12.17994017363965,12.052676671755576,11.71725512413198,11.984226783981573,14.347603503376508,12.423293825034696,13.320215391156676,12.124618839803004,12.11255606439339,11.565606787745692,11.942409597330855,11.871427517549604,13.123991460666831,12.959828833198685,11.219005670751054,12.433400863071563,13.669893301231621,10.986307465607911,10.726876396118762,11.756715313267458,12.093269038432249,9.383729750864347,12.065383744907797,12.482239693553927,10.021929127875199,11.594320243905672,12.227260846646708,12.220283875430047,13.57337083956437,10.828618880736007,10.062734034779174,14.607514993634316,12.35453699899138,11.802994878612166,11.072559776431898,11.616286232949939,12.846116320908722,10.583154052333647,12.243173491583217,12.742012342092295,11.40150474170411,13.702103367030787,13.157443533805433,9.977037840488688,12.486703420149233,12.77622823486981,11.72543369162037,12.652652634015062,12.983434973126753,12.420653316052102,11.38968477242333,13.917635986187243,11.027157503902849,12.421536817768581,12.908117238265776,13.501258648481166,13.919192974611077,12.077219531120777,10.782194358482789,11.339668171581682,12.761953058630676,12.752929846730716,10.587648322909326,14.298448632240268,12.818213254004373,10.766435713820796,13.720686328300664,10.67871528660526,13.106095130128498,11.627563140829345,13.10341562323791,12.885714542718635,10.93667905694079,12.093445003923378,10.685886607073744,13.203239741532382,12.530797226250225,10.745473616663496,12.248182416620043,11.216419169055813,12.879222329742479,11.73000587595589,10.894386931340486,12.40390959147098,13.41226952062417,11.133763439989742,12.157469893316135,14.559996712434753,11.702264907358975,12.100460621694861,10.856134416625116,12.18864522260978,10.84651071278612,10.814293429193615,12.150629915285824,12.09411535918432,12.07796345929337,12.621740294528214,12.789893806668003,11.96254368836747,12.522709245855498,11.472716340954337,11.264752542312788,12.256930031955026,11.727545490694666,11.32410724283017,11.74003677905284,11.87801176358976,12.598655702301079,13.753821296773907,12.145588130077087,12.556871895318281,11.214160006998368,12.247912677220745,13.258112514966394,11.044448144872295,12.426020131839856,11.543029247878659,11.78506705592466,12.477084431538502,11.897889291113405,10.970839864525562,12.783753327300522,13.513402427455725,12.186827442685415,11.766841065458445,12.001721555130416,13.637515538562834,11.558485961697993,11.711673738828166,10.639132837064826,10.714837983101432,12.028454913492137,11.660350620903685,9.69509876272277,10.921487629603424,11.91443172947943,9.400995008987667,10.98862680852553,13.203665533942955,11.02671410197474,11.392358465942003,13.408184609576482,11.464703290442579,11.835448360037015,11.611275033304471,11.345356208072973,12.682474667596415,11.35791114941699,13.128791030611376,12.658151905480116,12.000624132491534,11.657420397068607,11.540479950863748,11.741443944298709,11.429315345474418,12.27776269008187
11.687874416093663,11.747798299198491,12.824933718278498,10.300277980893776,12.014079768622242,9.988455842487099,11.868629677607123,12.370309894717439,10.227618394982878,11.13619658926149,12.664161624272277,11.763743159674641,12.140590514100326,11.337960245256477,11.00968605669943,11.419315026311832,12.635482055524326,11.78988949405777,12.651627180976348,12.615281309914913,10.660028051469988,13.77773209544719,11.62654726776982,10.244172579582354,14.17779250897732,13.113711379310478,10.68365047441898,13.951347553543973,12.261498237575937,11.583636446590468,10.633301208903491,13.359675460470413,11.620575765655945,12.492312670332032,11.805547675927107,10.167198656245931,10.834617677207763,11.629205094252267,12.034772934547735,10.678878248664772,12.468553046178625,12.046314262693784,10.796034901879569,12.275079643559232,12.075722151832808,11.771216970994915,12.009058714307901,14.370132133249973,12.40444282676912,13.311734697515503,12.122188631997814,12.121574103677776,11.699238861033109,11.842855653125632,11.799793959480853,13.276876221409793,12.911851750278176,11.206047180560647,12.460001368494869,13.60999766757874,10.87664112595865,10.749828032142766,11.629980682565034,12.085949441952495,9.437514174674087,12.120423509684882,12.413729917283819,9.953958554360662,11.595293953796942,12.070833756089035,12.01277273252774,13.61318655852198,10.934444917122669,10.186067650901348,14.513923061160675,12.40376527011021,11.940638504483312,11.064752140960797,11.557175678345544,12.81913442312302,10.523777527005103,12.287001911969389,12.820653617848818,11.297790787484093,13.59388601810419,13.108237341699262,10.027652742593835,12.462587725669582,12.881966446788628,11.69729826396532,12.61004302682932,12.987393633460625,12.411274951651361,11.385944239680873,13.9618464208361,11.114482957377897,12.408402315107057,12.95361783146712,13.406341102319734,14.011777110991968,12.19392521382409,10.753475476908207,11.3692145176822,12.971917270230803,12.781827606301007,10.66930777443207,14.411368159606013,12.83265341266857,10.749522486848631,13.680103433540998,10.818989185117895,12.897870742541294,11.593951941650575,13.065002627003668,12.81294577742495,10.867964566764076,12.103842203583497,10.667383654628365,13.35535748427647,12.455040675445641,10.88053257204428,12.311329126179913,11.101293926298727,12.878807623604228,11.844811532679268,11.058047564114993,12.413933018600655,13.48283694465111,11.150047404961997,12.107848270663732,14.498109745908614,11.737265473355691,12.141755262418195,10.745946491825956,12.276703782074051,10.833069190968347,10.784504516314396,12.265730437405375,12.165849230573901,12.093957037958038,12.644193300753585,12.862037765370081,11.844338581058572,12.388113646197281,11.496257632484937,11.389510446942746,12.191186431365047,11.664264316208687,11.38478004203213,11.795433052355316,11.84141045429884,12.640164571376294,13.785016396906508,12.051781555140183,12.6708969784728,11.290455738377952,12.166144994540273,13.241391382832738,11.090473596266872,12.413769742526679,11.437067038957235,11.956899097351327,12.506272722587148,11.85672748491085,10.939760619433729,12.668291483445278,13.48374618497368,12.278820980571048,11.690285392275413,12.101262667300139,13.59447353271222,11.74240437392099,11.82086942877501,10.599471898189181,10.787782936573587,12.041254128658366,11.623274246134867,9.726836734567996,10.906823233555063,11.986098164376237,9.398371411341095,11.016032705816,13.145054487899044,10.956344357288893,11.28882193488688,13.41187179233909,11.49513549705983,11.959765121228964,11.756023312964782,11.419214668184372,12.69498637326939,11.39192735137404,13.047139367908278,12.595446816074094,11.978093351018508,11.626900152655352,11.418391939193919,11.712462897776732,11.553158067741004,12.204244373184126
11.753572175151799,11.925435580122143,12.714120767510245,10.29173369565866,11.957875901107489,10.032343664730723,11.726848463930928,12.419784752034131,10.301183534596296,11.143507183422829,12.70476026042037,11.800435808194596,12.189689109793456,11.406489354189413,11.05820367602127,11.39899477715243,12.67912298966916,11.821763776499374,12.54883002264378,12.656830121546989,10.509759824153425,13.836033530444503,11.66111401406031,10.219747959801358,14.115507764182288,13.104258047224183,10.72225082515651,13.926674031674166,12.167975040825173,11.589581879184177,10.650521433390098,13.326790857455046,11.739077291320891,12.558235364218111,11.621245440128526,10.073661654088099,10.850501383151558,11.585587229560009,12.115390843558677,10.759641028223621,12.495253065314573,12.148840129991097,10.962475993790086,12.263864749998383,12.179979344061465,11.879963677735047,11.795506349016165,14.355982501605833,12.399226921183862,13.266325443263568,12.064185639287487,12.083356711856933,11.717704624862018,11.679953326490269,11.822472405872196,13.223743733880994,13.031433474112301,11.205459511900118,12.387794764047314,13.604388549668396,10.935715625881654,10.839580880972541,11.667657641949718,12.114976030426668,9.472609012516994,12.207093170747626,12.361924173974007,10.133099226780402,11.623046302986115,12.127582238076664,11.924025280013524,13.674746870090393,10.929793373254244,10.136755330172095,14.622892254494786,12.313686600839718,12.018251177409045,11.024472848807463,11.683869821019597,12.719177722910205,10.493940286629488,12.144173348700702,12.834552102075314,11.208914335748583,13.552127831519298,13.162539871790509,10.129665322521205,12.426871004123262,12.908432960824166,11.729581260173939,12.421018499697325,13.006011396529825,12.398066554084275,11.484967682238864,13.991148494715352,11.198458061885963,12.375690420739643,13.064552082859876,13.455692754070911,14.02070751841799,12.094563826960322,10.641590368042518,11.461696480145857,12.962394480287905,12.61233014105767,10.721675544832058,14.347317005459276,12.87107665102623,10.643749873153048,13.75632776362666,10.902608384172009,12.987738648131787,11.622241287587245,13.054213931254868,12.903170407083731,10.890941229686492,12.049475307429029,10.782381595684605,13.323456458255345,12.392365068844466,10.85529788929217,12.519981346789129,11.042329609229252,13.047050174069922,11.819133376567093,11.113917023184275,12.388288847346843,13.592115734755282,11.357018831903869,12.100830748526484,14.481786187097562,11.648989876962208,12.276473284545721,10.833172385542776,12.331593751285236,10.757094564748206,10.723774675500646,12.224386289816788,12.11336027063005,12.181169384437206,12.57388127936912,12.967165102560177,11.86348846619837,12.483136405797623,11.55602762364627,11.388933989410775,12.15444539100457,11.614599258105741,11.439214706219193,11.81881246825534,11.82802532988205,12.608479768891822,13.867574977375419,12.061046567134346,12.596794398249685,11.243677450468484,12.240618252188849,13.288575360787227,11.188536561813898,12.312885842334378,11.545912745888657,12.013893893359965,12.543082669723962,11.842794393069878,11.124297666840754,12.735936533945637,13.531095980116548,12.291690017949161,11.561300008913872,12.174118736983129,13.51582663675394,11.748921869394781,11.802101865687531,10.538865847133735,10.722763541178216,11.808799899895297,11.632078002211077,9.689660811427496,10.888398633897145,11.87380387946962,9.408947103382504,10.978031275124437,13.154905281227107,11.044658624158364,11.337983407774349,13.4445237062315,11.559618226229222,11.785690550584544,11.863270326264916,11.44099583525818,12.666836130365114,11.439790838574046,12.96668139419193,12.497292524919635,11.993370895009706,11.703689530952023,11.527575517781402,11.675014059231097,11.492383254623563,12.158646608134456
11.835524612141871,11.933072455958575,12.698193487787469,10.353978356906486,11.989481363570217,9.919114621659721,11.712483367133748,12.452940775391431,10.294289325725586,11.200724592153328,12.759313249963045,11.757845962115692,12.265307555449828,11.37607911429153,10.959398249150668,11.343388242700248,12.923332129977236,11.784671895365056,12.449853118085606,12.720026071933752,10.534725382696294,13.921219507395035,11.743802535984223,10.128309959963422,14.073165817463527,13.10398315496815,10.753163980703961,14.003245082616818,12.294976081770484,11.520416421612186,10.768660319270184,13.430282796138364,11.755999665943222,12.603083780972801,11.467851897276894,10.122966924160826,10.866099269022527,11.63576613051982,12.183541572279896,10.827739687575056,12.472646070150654,12.124923265776795,10.879365084179122,12.177331248225649,12.198363198778107,11.865571267189399,11.748619243203853,14.334987879560803,12.434434850861479,13.303276443678774,12.025304178374892,12.074663115134628,11.752809257686293,11.7284619659028,11.91215933306216,13.131472479187247,12.944213989863595,11.154034446631018,12.369816167157477,13.608708040027386,11.073193661440891,10.850835002562334,11.764241871850155,12.021830251769416,9.562008103749994,12.196851156201342,12.40804418335075,10.072960213414389,11.646842799120508,12.158588044823349,11.952714336682266,13.646414223993846,10.979034269621987,10.255959283260157,14.695419467713526,12.156759304292471,12.010646846046779,10.887040234188632,11.580924454004817,12.661961843417181,10.671658495499873,12.053361993686265,12.764503977006756,11.29440410614428,13.562816490229718,13.329913143969437,10.287373257583502,12.376448972802933,13.126569726010736,11.716682290920502,12.45590543731901,12.998599475047353,12.427645314119436,11.3902064637527,14.046109899051542,11.07015414168572,12.290496437694966,13.069293598986034,13.577771657275504,14.149942453296509,12.045728019826237,10.703157284734132,11.421092778955096,12.907109113589712,12.752744753671545,10.760698914156793,14.405320027133998,12.944510875605705,10.677418626506975,13.821539403640479,10.936445241166123,13.004968600525057,11.484408853627585,12.960241482049279,12.94146459868706,10.95607236205589,11.973689809726903,10.703297303948208,13.44971850277629,12.4507851603823,11.019471531281892,12.621638923933194,11.063735016785378,13.022089882133278,11.886392397775758,11.087692836852474,12.390602664003486,13.362262508980493,11.276442312450465,12.149186128153339,14.491417386639228,11.707727116328625,12.1232631597879,10.882655811739664,12.504117270882261,10.92438035818415,10.687124672529261,12.277050108232455,12.110081519807672,12.27979487601245,12.598567772249249,12.771207733443596,11.743298956970701,12.323692384535615,11.604176475493428,11.498674745018727,12.301224789447266,11.641744764069552,11.362805455656487,11.91955955860485,11.83006228021807,12.708239980007196,13.843792985841176,11.990554444580708,12.596823713673809,11.152110010643652,12.27249796542685,13.244183563318755,11.257735640284283,12.352615544812092,11.689257337681001,12.11023266870267,12.71926373790622,11.81753195020304,11.250763336972053,12.825161784424296,13.472570663169783,12.181219609580307,11.610931716485718,12.411861974516459,13.42114158445433,11.741439271087911,11.843625857340795,10.570317119387235,10.760769639392656,11.867680426063611,11.691677589662296,9.784936849160806,10.79053061652927,11.950259716114031,9.49261301696081,10.919498684470982,13.206022286600353,11.012532465792104,11.374026746608678,13.476459474171078,11.501644424873357,11.726325433525123,11.784931825352404,11.519800517476995,12.671875309734839,11.368491202071999,13.008648345248824,12.569011883917383,12.042176574145508,11.724504583412264,11.564359911722855,11.678443997646776,11.510852321185583,12.171362858420784
11.942194857994027,11.74955828441453,12.756503963285406,10.30387208994385,12.162513436033674,9.925753090277052,11.77121899112267,12.55354774127808,10.382261581177467,11.213953222566621,12.73921260120047,11.78781289646193,12.253472715097478,11.35721818965886,10.891869656112688,11.414884301247273,12.886419762617896,11.92252909803537,12.496277282482303,12.643158909257826,10.515604072579178,14.001088405297914,11.841193235641645,10.067492910120226,14.163131856532344,13.08644853116693,10.827889891899913,14.058954368859501,12.345768350875579,11.658072982850273,10.754910394920602,13.296306378773156,11.748430033264023,12.627329554856951,11.49275855957604,10.132086113805682,10.803746835951923,11.559233336490413,12.204983920757046,10.95550515921275,12.402992918237237,12.084639837458912,10.954078666313734,12.17708364690355,12.161749179428375,11.90685071397148,11.91307222123341,14.333008717879567,12.582819055097401,13.203836208924775,12.186966101241438,11.948978608518592,11.669016067548606,11.845657678880597,11.923899492483127,13.171310674148414,12.89876941110919,11.047527199105424,12.347069691976857,13.67045833109131,11.164838963132746,10.9072143239937,11.84845362962797,12.093765272311234,9.622925505884814,12.17135112392437,12.410276810089066,10.144289735209142,11.689685319932247,12.245581740221589,11.902447235069255,13.574830814217608,10.996040895637258,10.272850129897797,14.526068521749103,12.148159175677048,11.947962907822847,10.952044503742894,11.683387309232158,12.507502826554333,10.602882222368777,12.045421234401935,12.813503938219583,11.388439103504474,13.52922720077055,13.274149380444985,10.395164947097413,12.413568103074711,13.124269256306468,11.675701318158064,12.55481291393297,12.798462177753226,12.365577186863533,11.425325922493805,13.98240211380796,11.002322889709449,12.360948043116705,13.074157733112362,13.731883666748574,14.245192173979342,12.195245833107313,10.833553058716575,11.375098421050174,12.860776631175634,12.853131610344526,10.826291113937293,14.403996778164489,13.09606698767022,10.629722827586022,13.777902466577865,10.991973878116363,12.979043193071966,11.331149560191431,12.901374933624636,12.92262279545114,11.1116513928051,11.95832686590052,10.653870985667409,13.607567498692514,12.417467344510369,11.064393148316636,12.573004542534115,11.04950327045484,13.04541328324184,11.739813373946854,11.050518197091295,12.368066929231336,13.220875303110152,11.270969416443275,12.182026797462452,14.418883204677616,11.708707500879061,12.251269531625091,10.856916602189072,12.429100066434456,10.937817384030705,10.782726017035953,12.284104968378482,12.02000719615729,12.273737031998168,12.699249301855334,12.879221843505764,11.674854905407091,12.32882971788875,11.722627821721712,11.4530153903664,12.233778806294813,11.600192577741064,11.372043225390975,11.804947037116923,11.91865534029323,12.758948930448025,13.702714765454916,11.914656520827009,12.48142737233865,11.254144583350744,12.404085580003507,13.180329158460497,11.267236330611876,12.313997321130078,11.741295698996195,12.082495295725176,12.700954238746085,11.928047462942006,11.266975155725634,12.841882143984813,13.50090654895687,12.122809817040471,11.54314381912656,12.494311623090525,13.516222740031806,11.707811985462705,11.839695427081185,10.708683070995745,10.747028086866115,12.012935462932143,11.849789209899372,9.859260266370923,10.8096163478969,11.944378823639612,9.540333664591898,10.858815999459228,13.213354000902047,10.940935037106714,11.346730850490427,13.51243621309137,11.455248037129987,11.710713795260727,11.848271783338438,11.46440213726191,12.576790325129425,11.347005144194016,13.092051945496186,12.723408191655267,12.115042952650088,11.648592924695501,11.559823107330386,11.565241074532077,11.536412043027367,12.133055851454944
12.007655154339014,11.78052334884962,12.732164339740411,10.297966307862914,12.135097132001249,9.992574051003944,11.92304420216257,12.466317593594868,10.392759430364897,11.153358345622127,12.676121778962537,11.905406900206849,12.393856017741358,11.363673893872733,11.014050971427059,11.535749103492133,12.944328901664,11.937265190463759,12.495972227038326,12.77266909860198,10.500176568208673,14.039764227216054,11.847182543063655,10.224418132270824,14.22215959231494,12.993205777936724,10.884244312858527,14.03071020728328,12.418422103917882,11.434978588564498,10.74587221005777,13.28885819823021,11.81699394060997,12.655802225712948,11.455720824135526,10.186233858820788,10.842585397724788,11.522110151906437,12.14078095820371,10.823853111596037,12.419341960668177,12.167169218519499,10.95518139685029,12.364539184646071,12.107310253717525,11.860505898982511,11.873477455260327,14.463097771641758,12.708671072486379,13.08425309337635,12.21656364590213,12.027451362014748,11.821530857858258,11.822166456489994,11.98681413328689,13.10048503782627,13.008770936483128,10.9140191990979,12.479716968096628,13.72078372024142,11.383354351425552,10.915273632911166,11.90070296665596,12.150844812056988,9.77574886914612,12.177062256137459,12.48716175441777,10.090514268784096,11.830751539356536,12.228730967454633,11.95100643819146,13.512842481130983,11.059888128420878,10.30529197581825,14.428776678525754,12.076558032038138,12.015261923685513,10.955355032905986,11.716788926901001,12.52683528735388,10.474323049442422,12.118957283158023,12.854472561927851,11.505163299668185,13.575049281481252,13.271091180916947,10.369085179954665,12.459931532335183,13.196189251489225,11.69963607640594,12.498638075319727,12.714293719228804,12.213376813049603,11.410460197312815,14.020328280864236,11.17714584541422,12.350352129713356,13.060965465785051,13.629600164180088,14.190151856941531,12.133603688892768,10.784268620922875,11.361861244966939,12.849215104521877,12.810648060344379,10.825647642315142,14.42958844896606,13.115212879030404,10.688370141656689,13.861311691046945,10.934203141432718,13.001547791310307,11.319034221742987,13.036151547091436,13.082589663334488,11.103744108569193,11.997152722288263,10.747002990067978,13.628103844454719,12.542413846122978,10.863643986347089,12.583706941673773,11.211033731420178,13.174304976799851,11.807554833018523,11.215545764578215,12.307027486745092,13.21460725674752,11.113158676796616,12.206411418346011,14.400168511346443,11.764249620927103,12.216747754311166,10.882697587716226,12.45826659578826,11.054474037272243,10.754604490096517,12.250451576737072,11.892867157010606,12.24527574915129,12.641914700614047,12.901089161753767,11.674394345416134,12.332610595846479,11.592237944651432,11.437537349053894,12.216748055473696,11.488080962342757,11.42939107666354,11.831175717050705,11.969065043920402,12.729628151029585,13.597402392028672,12.040341157657549,12.469914484451559,11.167770082561768,12.56991193766545,13.222308194410196,11.199989817804035,12.176771668426799,12.05715693766253,12.059076567684379,12.829497845614226,11.911640036209757,11.17883119970008,12.9179415020561,13.48284434422186,11.986207372724314,11.447967537028918,12.479303254573734,13.62109278065032,11.749215012271353,11.825891468619092,10.663888498794893,10.732061071028353,12.129617836709862,11.87329331860766,9.93443621110495,10.85646819148622,11.890441247986091,9.576780521660323,11.006157952454485,13.21681616053529,10.98421051264126,11.323433502650985,13.57394915997831,11.492581649882867,11.722626568704001,11.70024697557635,11.559772820979692,12.59849880310925,11.417724212720593,13.066428837369214,12.74549273861204,12.12680900675419,11.757745291170677,11.397694673854655,11.539943218180278,11.522682797409216,12.217114241416576
12.004346305429817,11.779506588474522,12.711230996121635,10.307733723824454,12.04286670110838,9.876045107042703,12.071146728147262,12.526963959647743,10.357705157686205,11.06693184746237,12.620584037926932,11.693189427740462,12.530674424711332,11.339532934029736,10.96760799640525,11.320945956401781,13.042757738122855,11.969448945684888,12.620498413022984,12.864554881557115,10.461616465300729,13.96870949620311,11.779012789641616,10.201395684971462,14.174765541781364,13.038781905410374,10.88970053725823,14.042507462016786,12.312381832777326,11.42581781608901,10.84436692445792,13.206560515097818,12.005167421181618,12.769228168887283,11.461047614794477,10.227904891990278,10.878357780344269,11.536307323690902,12.105402055448467,10.887893190741979,12.52133100008805,12.20883531417824,10.929593406500615,12.411573270523004,12.091287337477587,11.8218179949501,12.067451149591143,14.68189390924778,12.6803770100999,13.040993362792044,12.252358642608069,11.936997683616362,11.77378689404719,11.791326583485828,12.018750400291333,13.226350675341548,13.028806555551594,10.927192831999237,12.466595210170748,13.794441837125625,11.302044656450269,10.842934714276417,11.94597759590802,12.214483949328564,9.703939252118154,12.19514559965411,12.375987004518647,10.11934723219228,11.807101897865664,12.293956390305251,12.018647166399708,13.579029543235482,11.060842331308748,10.438784519641468,14.499117592706291,12.134811477197726,12.201443796726902,10.952739327175317,11.701313524929107,12.483710567979301,10.501802141946653,12.091471746539359,12.741037351783525,11.50614506871567,13.529163024053615,13.25461157513613,10.40447292060179,12.343190931676727,13.105489545158976,11.840800354937077,12.593163225909588,12.633423174931268,12.076718961975946,11.406334288996216,13.923808082832053,11.183680942654432,12.43524240297431,13.194141006095935,13.697407199466499,14.174182805184383,12.152212073204314,10.804816073994532,11.329685292384513,12.930706707926895,12.857151961288354,10.815714067824219,14.453503368661961,13.081601026581259,10.610525950405703,13.719255797921658,10.997868188041483,13.033423699971744,11.240417104970463,13.069737834670763,13.192699758258588,11.091356866780474,12.116527205510831,10.733508700395712,13.696292376385056,12.615458525101909,10.954483954361354,12.745716240697973,11.386550209760072,13.188475989933982,11.863395677187816,11.174849293616232,12.312027082056142,13.26245893760559,11.146344468809943,12.197414963555952,14.499182798515504,11.680728906547587,12.21065531811779,10.856844845431795,12.481618125408133,10.984075921462443,10.70558521981333,12.31981760998951,11.978813965660072,12.215645017540112,12.614771082538283,12.908201988123809,11.751493200349806,12.368541162528901,11.596873441494957,11.433557243644016,12.158595795678819,11.593541829759634,11.385967876823164,11.789460274501604,12.024733960694155,12.679723064728977,13.6410325265673,11.99629367481983,12.537871833817418,11.168824401096174,12.478489078823953,13.310607349885396,11.096503094576924,12.27086570680418,12.06219898070189,12.034669290164276,12.813480719657447,11.962002184177233,11.228603568296563,12.999964269917841,13.551550109330874,12.130888561561164,11.597555360190194,12.497841067838843,13.581141548483071,11.665984812557998,11.960591867112745,10.667359344318548,10.931431424244531,12.15569785103003,11.845099793420307,9.893632457112238,10.871986749333807,12.018133714727314,9.703666866608517,11.079964763630912,13.115570498512987,11.129015223156305,11.313082560108963,13.587705408782911,11.451168049431617,11.655593258290377,11.680104803977809,11.588511584832133,12.805349334104042,11.315112671060545,13.168306880186307,12.702221225412504,12.274553715232912,11.730922116573046,11.362911807388304,11.458528985405518,11.574374204703027,12.22797090014149
12.122595354270375,11.765146920912548,12.68040212959907,10.273321322423039,12.063988045762889,9.709550532372646,12.016390538673813,12.730183488918467,10.384514803182762,11.032056896710788,12.642080538095835,11.661174674115468,12.59603941770451,11.306121699169744,11.055738723767757,11.34534294332628,13.209743252828034,12.000993141181675,12.521274805513007,12.955948274739297,10.4093456215668,14.045654879850469,11.686149995133333,10.237114921454566,14.190834917559064,13.11667166140652,10.77209702043626,13.965104970085067,12.482362347489573,11.568017808522645,10.93115398276844,13.080788640092749,12.033164258258438,12.802644485594778,11.48260616702719,10.092700740016703,11.02117678290791,11.60836767239782,12.16464087654501,11.045569682375762,12.26386586609623,12.246914335966117,10.933201589918184,12.396966602557354,12.076150708600862,11.87073582322876,12.08176123183263,14.871040324923328,12.809909422090426,13.118656005480608,12.4335588914756,12.091629976239158,11.806605120347818,11.917597192987177,11.961852687994433,13.295771338193077,12.99000942692277,10.979515516485783,12.489120908514488,13.868888428674161,11.321084211451186,10.83696243594684,12.006406109035941,12.310450073670935,9.754299720911726,12.074343141974422,12.480080804105004,10.130535518115181,11.788506125253042,12.315367318080485,11.998641507704159,13.761746907281031,11.077673226190031,10.442308386052703,14.564813167303727,12.297409779953089,12.21070782397145,10.933549023918596,11.7035562629492,12.449516316429163,10.559157292102299,12.189709321821141,12.857538691550952,11.481673920171934,13.52716907801838,13.3055969899362,10.466300285111357,12.28861366731853,13.066167628857473,11.852100679153478,12.494364140115586,12.560313026046458,12.093713829614773,11.44901374378262,13.917861654527204,11.104334955558707,12.568979672416388,13.176834535371468,13.691869832076572,14.200541222436179,12.221077055620396,10.794435817741315,11.328359654916973,12.9079389646643,12.799909387804796,10.680171053609993,14.469752975174337,13.203818877832493,10.62842719015481,13.722800345253916,10.995977232844497,13.06007907159348,11.16028987244053,13.073166296621794,13.129635175007655,11.15163906040933,12.10872621196814,10.87554341428665,13.728401656356729,12.643076875358817,11.066740470454778,12.695519514946334,11.411684206023974,13.164137705492362,11.968846218566084,11.126465519501593,12.394158449656912,13.171740298467524,11.074612538588632,12.157236792388623,14.401388904013821,11.8139543038618,12.178316165042512,10.894431316513916,12.423384741549498,11.088819734342504,10.629093300165602,12.373159899055974,11.89932219967909,12.179882731935743,12.598889738605651,12.785034594747952,11.796566413279173,12.392978261544226,11.537505491736287,11.4992231925154,12.222359976293214,11.522834845726004,11.345678734794227,11.835529748439837,12.068018826801904,12.818440575514266,13.52385197034193,11.981355199663557,12.505780360149318,11.271574786003052,12.633453003779586,13.384446823808853,11.147608144329212,12.185962840868132,12.097448594501781,12.037372295301449,12.845330740931013,11.949853855307861,11.188957956742302,13.172372847857687,13.478963983032157,12.107994423679898,11.678573516554776,12.517107153238909,13.704211905396395,11.678611082226555,11.993854653087306,10.71370884336447,10.924051266045124,12.296167446366242,11.81203794862816,9.838475497724223,10.820430288851163,12.05896729225878,9.812857505617258,11.04311217810652,13.096492224969266,11.172954508122167,11.344233827004006,13.6822673883852,11.5144438759725,11.660821542170883,11.869359030032292,11.547167998479585,12.764990207233609,11.274257036194806,13.047769898365615,12.746314831646835,12.253496560098766,11.801551744540092,11.456560334703768,11.390922919570931,11.476876750193519,12.22639469661057
12.058305233229005,11.92164049886523,12.70877759530313,10.410666149587577,12.117514502739814,9.717182573115096,11.938403810360086,12.583306978262904,10.374629287825876,10.944078169278594,12.73154392057625,11.629143027641023,12.560142290558515,11.2184323290155,11.095797620089138,11.352699208424472,13.038608185951116,11.859356539592753,12.524453719451703,13.032541638825192,10.27808013166703,14.09393378038888,11.670871267413386,10.359338043116072,14.16758281060234,13.08179033251006,10.919592227549524,13.96274957700081,12.486316903206616,11.635875040150212,10.95680321308376,13.197766334109176,11.991739772368806,12.955885557845548,11.48896195065168,10.065129873492435,11.112781637976513,11.647972686230494,12.145505647495424,11.191123220691349,12.272780008350754,12.41111944120932,10.970984498903372,12.46575529017099,12.315056080437909,11.837357894354346,12.123832655724673,14.813797322694576,12.857938463288075,13.091983343937176,12.482648023885755,12.12757444534381,11.727278403584881,12.05638380104205,12.044396438637209,13.440913767548878,12.79509234133846,11.008759836817521,12.42701014020157,13.901072749976372,11.161708208772096,10.881557910247484,11.932767760993737,12.44434053218371,9.734835525231949,12.11642839634503,12.43159124383902,10.146345263173442,11.834049935491095,12.328867987687298,12.066193449680025,13.79378853946899,10.92530274303709,10.406729182093976,14.56066932999269,12.233857676124293,12.211841412296671,10.945072708341371,11.726354749059839,12.401009673497303,10.591332713768244,12.084006112679964,12.92166627486065,11.523267171803159,13.632813481162593,13.31089814552949,10.549658180219803,12.45443030781471,13.148474480212059,11.96225597430553,12.44902276927977,12.671217945974016,12.163891843131566,11.5485101867841,13.837524389890229,11.260091045722518,12.7496812903533,13.243792856825005,13.876246230352574,14.256890275422398,12.170558931845187,10.879714958092467,11.285860997456068,12.97390203811537,12.688326052900795,10.698644266156498,14.459493898774085,13.206008151955663,10.632081269668022,13.81122623199859,10.976568768571028,12.966115400189187,11.270124671173448,13.086288499647317,13.198313676798623,11.174622423630131,12.053856662377632,10.769910578563497,13.73210782670181,12.589326703156775,11.061125752284353,12.856664944421702,11.472897659059852,13.166029379459344,12.03203707279968,10.978878973946268,12.277340737736724,13.23525182460679,11.15479056624555,12.189857976884646,14.402358871876196,11.847390770974785,12.152470774760744,11.013394377601792,12.415469686736577,11.125550779182719,10.637137921251108,12.486516512999259,11.924966425941623,12.28471579728218,12.624842895845358,12.757373628505151,11.964244571456293,12.346664246249192,11.701892615233438,11.438071672332347,12.008982376054695,11.387708115980848,11.507915019196995,11.871775282569166,12.158186055161005,12.811200578617303,13.607019273933773,11.99563760162989,12.465229076246523,11.256131792678802,12.803874991078372,13.384839318658093,11.193780116933326,12.23752347551934,11.991013442386897,12.05100711778665,12.786109054979129,11.972233902784582,11.254595456514094,13.045633448427228,13.599811972070684,12.100432187316933,11.729585222734778,12.44126886573493,13.690558742208447,11.711278454039368,12.071387199619569,10.58821952191938,10.858970784223255,12.328380577796107,11.834587450190021,9.864590696978476,10.917657043453422,11.953959050792315,9.781486729576853,11.099018502693477,13.000852102164572,11.183863862108609,11.39307375391788,13.800994129431775,11.600963574348873,11.557920548198032,11.85747732027928,11.60072740199398,12.870248074997248,11.163271781242019,13.015757223250501,12.742968094764583,12.353621432326904,11.831543401680047,11.513647302720326,11.356896945617478,11.474138383461383,12.310263284337909
12.065467434273312,12.036565881310786,12.649549760018322,10.334659583528737,12.124326886039523,9.79633146378151,11.806230786374634,12.53565929034804,10.384085219962264,10.966322769616113,12.67774229030978,11.577691152212253,12.57728796443106,11.192753399877583,11.229692210946174,11.308639588391769,13.112217524631717,11.960334021948025,12.559841115188153,13.023952408367332,10.302315653250721,14.06915019080582,11.5262181508546,10.357207542635567,14.163213122736561,13.120733151706048,11.039487367671784,13.945383572809492,12.475109905796929,11.729333400768512,10.893310003633013,13.211074707403169,11.965122420640888,12.922733938071763,11.420531350348696,10.026629776957767,10.986200883703027,11.653947309833702,12.062212152742006,11.065688786866243,12.227231840179941,12.561869360445458,10.96611718690172,12.481597955821844,12.285052895518312,11.867589700974602,12.253433679924347,14.902906112272069,12.809682199328462,13.095188905337588,12.395981510260546,12.091677817766273,11.855686710927474,12.119336968244454,12.007577698247463,13.453562886634437,12.759987972994885,11.082340579355375,12.415154528020478,13.896659762582006,11.155135901992082,10.834762912844129,11.939543233174758,12.391837604165696,9.630316122461615,12.140552666992189,12.348086498603095,10.192576930843149,11.752368400133664,12.282899463939312,12.041217313363504,13.77821198263261,10.989877166726995,10.489581160700878,14.54913162939508,12.348210838433145,12.36274196684943,10.984392597856754,11.80425245157758,12.554575484110174,10.453792533099806,12.061011245011278,12.854340223115752,11.513525824349063,13.731762141045227,13.342887086022904,10.689617477053696,12.4914645323009,13.17614951423264,12.152139249670718,12.518790412758523,12.701998440412689,12.13361029125694,11.477511913616848,13.792152479744653,11.205031739958322,12.817443007407263,13.199322930070133,14.019570986639053,14.267166343603616,12.003475444986798,11.024418845304144,11.270108019461242,12.937561578720416,12.626337348799023,10.483535042812202,14.541149326223337,13.17103474768449,10.548483590003968,13.901197395276213,10.949739754133754,12.966629613153001,11.231814494342228,13.301220477238177,13.100746743836153,11.19249331063169,12.183989212989571,10.834972057064464,13.767662315575382,12.574216377237281,11.064725682124108,12.786928432240487,11.521552394289522,13.119662792613502,12.048791240639034,11.190269090529018,12.344817707543635,13.221435607613188,11.083663102440246,12.230519249051254,14.335584971118546,11.955589812390604,12.117102665754043,11.074413697160443,12.407256869650196,11.084115375884501,10.658575551991948,12.589629909127831,11.919035545726393,12.346786045739394,12.65339851734035,12.949837565914141,12.079610041948936,12.359094140998124,11.65622844638549,11.516053758888802,12.055049744583002,11.378987240788078,11.774743301106094,12.060789688266198,12.237291408503914,12.826075771573228,13.680501343677363,12.10434610425586,12.436266369315875,11.244984361825985,12.811687251515062,13.322657306162778,11.300638222187091,12.139950723279851,11.980523078046138,12.139377840867885,12.720043424354445,11.967976224952581,11.213575330512978,12.94747190984463,13.675365208617372,12.14414888451326,11.752339707602683,12.529686889525468,13.649407737329335,11.557860161716697,12.050622712128567,10.674853194414547,10.900674482034455,12.272452061377694,11.75401724632285,9.931933192467433,10.986565958101293,12.114778376769088,9.721596051621251,11.216927437260848,12.837382471688374,11.16218177518494,11.492909669940584,13.840276830192153,11.70479488094084,11.574976103141694,11.827859111941452,11.529831486681342,12.907597545404771,11.048312751586872,12.958985960754685,12.728201660288358,12.407906939341423,11.895182347379636,11.253532814124151,11.453508798515438,11.55737573796276,12.374316014073601
12.144239110414336,12.172118551486028,12.765403236677468,10.289781102311634,12.195750359501522,9.981673797050869,11.77323080714944,12.554890872231018,10.397776619846182,11.02507799532068,12.597351670006443,11.500002079003034,12.476118404086796,11.2641605498562,11.282240408258813,11.31933232255858,13.063849123133997,11.958122296666994,12.545689652907361,13.020848559226641,10.428746525072203,14.057770859551402,11.586350816903048,10.39343467078218,14.215909156910305,13.203160932314908,11.031334835294802,14.002512569765733,12.39072860988443,11.64061079316997,10.977506857576214,13.306126451649,11.894823218971947,12.931312742066662,11.333882884695596,10.173934216792816,11.107122555967447,11.492255583230852,12.23035138182575,11.139845418436668,12.147673364030227,12.493176829693015,10.879551523936119,12.526326970778193,12.345273322197238,11.794198948926283,12.230814612190228,14.95551777536604,12.820383999893185,13.133941906334119,12.394730639883914,12.15070523036082,11.888523104749806,12.120978341571105,12.006401867275024,13.37338160564331,12.863735203943232,11.020313757885702,12.31294204417276,13.809277618766314,11.20570149528458,10.810373928519406,11.858658074098642,12.283472097860015,9.538875793215691,12.086385022180224,12.487669793253993,10.175619601093782,11.834184254020586,12.319108889907419,12.230807678706986,13.764063486349324,10.915516613704572,10.572571283714952,14.584810822703338,12.428008390948344,12.441142633671166,10.974773479820911,11.844996845946307,12.548478895830598,10.422907980491741,12.01180316192481,12.810548026616628,11.461890003032028,13.731653943375392,13.511272231011803,10.78152464273684,12.507100645687215,13.144158062584784,12.096369639980473,12.33730451875844,12.75971699680551,12.188717060417781,11.614710771807916,13.717639884412268,11.245529446138073,12.808348360071722,13.222457147123134,14.056052307284183,14.172265094134724,11.878315009953639,11.140677003366395,11.32437502080074,13.021701720313484,12.62306721134136,10.539324732825948,14.560377173152602,13.195873918447276,10.502265682980228,13.84475340323285,11.060874477988222,13.09428888385224,11.176513537492099,13.381897795267454,12.939118210270857,11.332449524881195,12.060117244232837,10.69621767197502,13.785229102714101,12.695382493232557,10.891289513834575,12.710011705403192,11.438660502639557,13.014227962628736,12.053811575835601,11.207788214389565,12.29595601314186,13.290345716168426,11.086416928377297,12.293238325017224,14.266452757375419,12.06134496488121,12.073261225020817,10.969381223052794,12.177048698937554,11.089067080064204,10.669884903534314,12.482292141507148,11.935435792084727,12.43561062886153,12.646614562033921,12.988060607906373,12.119873687730436,12.436162259232523,11.725579522037433,11.543833960562045,12.117075064126313,11.468300371639302,11.780342820774425,12.09436903096451,12.314380594837525,12.853226154866588,13.68173784020491,12.262945520448742,12.444943074704904,11.117448146947384,12.840349837516511,13.250904658732532,11.224648268152192,12.194418887462565,11.929271513139511,12.239804982845238,12.704398782849884,11.934402793455105,11.124544535314081,12.9913948140504,13.433392933895364,12.104961149191437,11.856113476388746,12.736273180073677,13.726434051818286,11.42657434306792,12.021524756183311,10.77543008552947,10.945825369125563,12.317437613438521,11.769424573289227,10.055790299540172,10.89111368996098,12.145243324297697,9.717725393760183,11.279374888627437,12.950622649885362,11.108759459190146,11.60576411421083,13.776941001456018,11.729817338808008,11.669728775944275,11.882373042432613,11.556218361198965,12.909918579979331,11.087201384840931,12.92980561732126,12.833643707286356,12.374014843115816,11.949479357623428,11.371296782732074,11.477894678487722,11.58949095585284,12.393688854333009
12.13123938164576,12.124703831257724,12.623565966092336,10.361942997919561,12.233475533947585,10.090969645893418,11.660544354949968,12.57556095776696,10.29656498261436,10.940791043519482,12.591295556837041,11.593968463557719,12.492652689463343,11.257062831988689,11.273972638096936,11.279915310733186,13.138786000575706,12.14352354902791,12.39583076293711,13.054519785344198,10.334076899164684,14.006473116914032,11.638418422195262,10.497514262944033,14.284099222838849,13.246425705625095,11.020959322138845,14.024775763867305,12.41550069170506,11.607663099795568,10.933800803930444,13.295518361914729,11.804519748184797,13.053453206946294,11.246059870634165,10.212899496441528,11.051727330420528,11.291034468320953,12.2846038070154,11.05094222192316,12.121234788139223,12.413791129644665,10.90717588125415,12.597212315845741,12.364247910853825,11.861916319618622,12.324112896441525,14.93839268206618,12.795742098304004,13.096398530165837,12.463056052224905,12.127659984026154,11.811931899944243,12.096342165514182,12.074027346765106,13.323083333769382,12.802694077777627,10.99436563269529,12.354324021752808,13.7381138540998,11.215719393369502,10.818217790628355,11.951227356957459,12.269117337787723,9.611445866310808,12.117522704313988,12.478328486642875,10.146268477880888,11.751212027798822,12.3694593263425,12.33863388692469,13.829368288796704,11.026193337941628,10.664321188371227,14.565642860460208,12.34537814791301,12.488895384304316,10.948002139070708,11.946149269699031,12.6048384230541,10.459985774630582,12.120909159495003,12.7982978662044,11.427928373081539,13.847416635788798,13.546536460946347,10.782014109336346,12.610860202328636,13.035776354546897,12.097011387743676,12.43046115451221,12.728108336607754,12.164187991621041,11.66662613096235,13.67372868340853,11.227278358445062,12.971034656967877,13.321579659720834,13.984027194494088,14.139318052408937,11.868420846737118,11.251183463734659,11.278361280531014,13.008401547250513,12.617816648432875,10.576785298225198,14.5407152857663,13.192481194885742,10.482905982984839,13.974026598893298,10.927776516278612,13.039938440570848,11.113073978625991,13.332992413100442,13.039665619913242,11.36200101411696,12.056520315558624,10.718174771259305,13.924780647631252,12.714477602884713,10.833025954229148,12.699679067326162,11.524911545890207,13.016159829408576,12.071647661294385,11.150663694673426,12.224114571233752,13.422628297574029,11.116810913731728,12.264803525053155,14.198374588620476,12.125066819376057,12.1034419771151,11.050940531811849,12.13427029000184,11.044206791943939,10.696075965825788,12.624457648513442,11.900343404272508,12.360919874185322,12.61206470738643,13.019292831179152,12.24878912756134,12.454971323077555,11.642460378395887,11.488941924761733,12.11490191149742,11.484606272529076,11.662174002042818,12.188481898423,12.308752211074346,12.995807701708689,13.644043969597552,12.249191831599894,12.470957788073926,11.098315165455961,12.88201325266991,13.410033375495184,11.010609534346223,12.183615949581231,11.980014245260131,12.239773123140091,12.619751272190625,11.994820266641936,11.144784418212003,13.018937304402774,13.36218620855167,12.004282657699209,11.825975611503171,12.57804884863963,13.751490642830342,11.394820501396616,12.131110968943227,10.7778521866072,10.931415285546798,12.431468175020422,11.696346911214068,10.06006356758316,10.857153884271998,12.166816466793241,9.741596057666355,11.392723227023522,12.908603072421112,11.181599097484273,11.536965751613034,13.852975670283575,11.698469691083089,11.610838930839716,11.885707430682167,11.497645013703039,12.780254312054517,11.036626898531281,12.895065313353074,12.836971279437,12.381749466463377,12.061058762534175,11.411087677263433,11.450310830709926,11.550371063244981,12.51879573611219
12.198435377344754,12.169804040913009,12.699993977754964,10.37739390201064,12.265648555388124,10.282783561948246,11.820217114148758,12.551231744510877,10.26740365304054,10.996245565525292,12.61830069164434,11.465678377460586,12.435900297863782,11.225573506490885,11.266098837263408,11.278232097790195,13.302419140009844,12.226222986990997,12.298563065135234,13.052841624727797,10.317961446128576,14.033106103313257,11.636320525265724,10.504828864916197,14.380954286195406,13.222497368538338,11.084354459708443,13.969697986761739,12.658930971876106,11.824337101674148,11.001126832731124,13.232728354846968,11.766816543257523,13.029331061172662,11.118250911959967,10.199835690176196,11.048567279068036,11.086377656663553,12.295338290557861,11.078426623532843,12.165511397352272,12.389381419484716,10.771452908770799,12.767386832825839,12.408331328411236,12.104792966319572,12.35321039714785,14.929106203010456,12.815277633631982,13.136332465416256,12.310846109685496,12.09560283979458,11.766013788533282,12.09405689975668,11.98679795363732,13.293810820509606,12.768600227567072,10.966567108722819,12.22816328382845,13.795533823243838,11.195565534227567,10.893172033310858,11.905329478835462,12.236814063152059,9.487956683648942,12.142516716075695,12.511293333756445,10.04609694610418,11.759273895661323,12.399096787836397,12.340248156956692,13.848685093803933,11.076972300902682,10.5724084316305,14.514334825714316,12.391370248006494,12.553063161985435,11.036191523166089,12.028626306921856,12.63609307749906,10.540428360656588,12.119913727515327,12.740137400120693,11.586982641563697,13.946498834301728,13.516758024116854,10.836257027841466,12.665391880963943,13.054417439153017,12.119798245586098,12.46081769855416,12.848774666489035,12.021261427736306,11.604542365349355,13.73568662126103,11.173769732002226,13.053011474843943,13.281468525110558,13.960198819236997,14.172916306390379,11.966113646890783,11.351573974706378,11.209004622602802,13.045544400013414,12.620902015807735,10.603674866422487,14.504603778050996,13.103105764317498,10.461426245070212,13.932512560300355,11.014278932034133,13.03594774002576,11.20778044050061,13.262312112253111,13.008736379987733,11.39601223893743,12.123678203725968,10.778112869610533,13.839599773347159,12.760879504793044,10.827398186948571,12.666111344312805,11.52762433485579,12.944500008425713,12.066107191695146,11.069472118288525,12.248958154512726,13.46958608966763,11.025224938053837,12.386390967507007,14.265207973311474,12.182722465330832,12.130497016374882,10.886592555494607,12.053874086787637,10.987325616900385,10.658553770839635,12.575778724982777,11.84259479030856,12.256434221303797,12.525619478172343,13.009256115190889,12.292379113988616,12.397014528011182,11.700357595734307,11.573964414050325,12.122062825427674,11.550831681109889,11.6717197367024,12.108824876067201,12.312336634712697,13.015916224566979,13.563525656828102,12.327014647835155,12.543337781031623,11.009566170823566,12.966188448368928,13.38657406309912,11.049644661543644,12.16159940302096,11.880928218899426,12.267665514644872,12.530079944886335,12.071663466251511,11.282747833155994,12.882820802837042,13.441671640168083,12.182022154298654,11.908413697505152,12.612628896244063,13.802529575114917,11.390152144691733,12.066191610587797,10.78480370621485,10.970407731570374,12.394988726335237,11.77413003818773,9.96300505545678,11.097227599352758,12.201366595433393,9.826036280768534,11.473109573771968,12.999016600979424,11.175173727866003,11.501852867899816,13.846274069749924,11.728877410043035,11.653363601239075,11.87681151885217,11.570086417138448,12.80535202942669,10.991918570686165,12.921281196165053,12.907593438647032,12.421575119863155,12.201746289828277,11.351063106246253,11.474116340454971,11.634865898006721,12.476683134459284
12.144159169279538,12.097937680052663,12.786335542449226,10.366852303722423,12.398607604276009,10.248512861603079,11.827920937258606,12.677844013230859,10.391232182264186,10.954861278766439,12.674172766138534,11.418270023060458,12.465829754860605,11.257471952513324,11.118121539372492,11.305773168543633,13.374507612538366,12.273235970306152,12.24901013100874,12.996847286334681,10.27629414335379,14.072461341971387,11.693364521930004,10.322547979886552,14.497985707669601,13.292186140676757,11.090695496858046,13.992703800895086,12.697351289937515,11.849898343250477,11.03674673223689,13.247371104546744,11.570709100379839,13.045132123334813,11.214828439269796,10.19069033620692,11.289368150245343,11.01453365861228,12.212924209511705,11.095955808267728,12.121066059893366,12.380894121009979,10.857799997741303,12.780983372058673,12.468478926023566,12.13955710582102,12.480476244677645,15.071218000308233,12.833173720508091,13.077125345293812,12.416533723530572,12.122856649412059,11.803487303536272,12.057650862345538,11.947061975105802,13.282620704160506,12.698562156304623,10.986541574960718,12.18045020590192,13.749793125695806,11.320908281998282,10.780348160475379,11.826312566765543,12.305188876719155,9.48955021700158,12.090558537089585,12.583708911877606,9.959754784954152,11.713926824397058,12.372760917257365,12.34942678970733,13.92363655297901,11.103458520595435,10.454801661001026,14.610015264612844,12.349074694416007,12.569893608240662,11.060895158431899,12.16557691850144,12.641118631657134,10.621246164992467,12.172694923593895,12.783047049359508,11.556333844450796,13.869897728748962,13.490058010179105,10.834669506286193,12.568126513873478,13.19077584775285,12.10314064491019,12.54099021829815,12.804475287536428,11.985960908374821,11.505691225407643,13.741823628478995,11.098309470678211,13.086205815852969,13.215405253237371,13.970803427057964,14.162382380329237,12.074864851698294,11.28848164631137,11.231882787802228,13.038765619980166,12.72565136134375,10.534013109794726,14.3861438813945,13.169122632090689,10.428342178561996,13.940085423664604,10.97581645234249,13.104073307098332,11.156546922365845,13.306670793015382,12.943764280188748,11.428393139334272,12.189555287068186,10.730806812801424,13.675983654756902,12.643884924677295,10.784717092382154,12.681673876029038,11.56342993033911,12.884542430578001,12.149629146798548,11.103687325920882,12.267378391495797,13.31383728325112,11.001958147215111,12.313399722137012,14.352038513481185,12.264488579586606,12.101827719467561,10.875426748597151,12.021349173448153,10.97151066280318,10.61568030718948,12.647590711528023,11.923746465167003,12.33191261689363,12.532888121200557,12.954612599447437,12.289170711013638,12.443564785341138,11.677212311576856,11.593230076444693,12.263389076464113,11.59277517817588,11.729556335821957,12.073071289610976,12.404465995727202,12.959122385832265,13.599450951757627,12.403468949863324,12.553894571476373,11.027904561137335,12.888647771206085,13.51222205699467,11.015412439166214,12.242730316745773,11.825941611079886,12.318114726306854,12.584622649524807,12.080544474347354,11.096462492964905,12.99854231474059,13.458990366879911,12.159256095928098,11.908660635182114,12.571077794781257,13.777338775420187,11.267371525211363,12.161909483363855,10.935580780485388,10.91108328768538,12.448288969480986,11.797559036054572,9.954372923243188,11.141029034835466,12.15856593623765,9.7200538494071,11.439565426963503,13.052423627901561,11.190482647404094,11.404277018648122,13.786050181424267,11.715749811271,11.786955079509696,11.915199808691987,11.48824410051268,12.846819206094159,10.93625146901374,12.897411221470065,12.950395162189132,12.497034865343478,12.179638325404131,11.433258410215577,11.422523600856222,11.697595181849213,12.498768950622246
12.11092061264028,12.205751062864207,12.790765428177817,10.461916202843126,12.536114866218158,10.293797973896357,11.931174600322604,12.696419667151357,10.491944490038362,10.92816791898958,12.643798251360312,11.588746224327826,12.603303853368756,11.213467987451143,11.137519008651044,11.3791874539031,13.500544426706453,12.290158049807367,12.298848062283145,13.098450732815893,10.324638506367444,14.105154717156974,11.831274679596413,10.192180137832345,14.552334829582735,13.296705973096785,11.225024404612139,13.829963447373324,12.821559506190695,11.670493325097498,11.108195656158994,13.2704202575707,11.642543085747027,13.033994774638415,11.155524258946524,10.313670405728514,11.268092597124744,10.83953396504771,12.340685360807106,11.26395134664094,12.052645960492288,12.384489415912062,10.779077748504813,12.791903878701671,12.505479144162406,12.214491813665006,12.360936996431326,15.090212477893257,12.99571167908674,13.013783387514925,12.50939328724015,12.012419503853357,11.957373695243126,12.11199337465487,11.888993312172905,13.344693433355236,12.699044374068636,10.959651673593354,12.233436564249038,13.74902527562884,11.25914679777324,10.778157048549025,11.808617229684,12.23270703448216,9.503995347968022,12.314826689641466,12.62565770667412,10.092723907218955,11.852270495208556,12.25431038700097,12.45627591531531,13.794482488265436,11.116090920921808,10.407619016621812,14.535568200247587,12.504589808615206,12.626292721274487,11.02675620839553,12.297322550346985,12.567885005490414,10.531562493015649,12.240354339056152,12.953637113223621,11.394455020434574,13.956795859271043,13.501806775354954,10.805822219195456,12.498292355229731,13.085189603886738,12.203049052168813,12.591240770366506,12.779737985331543,12.093935574584998,11.536849628084525,13.74071814298939,11.040008414440651,13.158727313489022,13.259175758126572,13.929115993245397,14.365222802893436,12.069157892387203,11.287732571332452,11.187609373101104,13.085686243491152,12.641951703644681,10.427111146756985,14.428311651150867,13.143253871366067,10.569945127057634,13.996598750244038,11.018557516558438,13.125888952958544,11.225917727256208,13.279443888885378,12.987462748409332,11.39400528945235,12.206220527944934,10.662009718882675,13.724092024240269,12.569299056991118,10.811489239697096,12.760209701236747,11.59014627330791,12.878073114808437,12.090789862111949,11.197617125115714,12.283263809194688,13.26767635499959,11.072578899383432,12.278611356263404,14.339361462619593,12.285098997922182,12.054126677726394,10.919797492952233,11.876258424056175,10.94904433789473,10.498816152833186,12.650067244832789,11.717470413742074,12.172209332354003,12.611442525027673,12.890768652419299,12.184735655827405,12.311698299475102,11.695488931042759,11.491987452122068,12.297118481177378,11.618298207592774,11.806322263655888,12.117925373027667,12.428850796638352,12.994824463797762,13.659791570068403,12.337605732169466,12.585687836579025,11.063287323470531,12.937794446474365,13.697373033730747,10.947466216213341,12.164547280183935,12.010923700423259,12.320356283118924,12.4733062922083,12.06477490844488,11.045041808603425,12.98391750022626,13.347813355978598,12.123616971787035,11.8416014887238,12.61572371706649,13.88452918647233,11.168192396813186,12.154433398163087,10.9885408370725,10.915065331542984,12.453607762754745,11.758806480717778,9.874033870218048,11.093179898007829,12.23137118760816,9.68160820437672,11.339297073834688,13.195068802914605,11.187519871691963,11.459008716472836,13.77344469658103,11.755525221808071,11.780608329338765,11.928029583803045,11.483901356339631,12.907676434240333,10.984463281531303,12.947333511724526,13.12781136856613,12.325031075046335,12.088118723716438,11.326312050194057,11.485361627091413,11.622036275598628,12.43146697787324
12.164614806749752,12.132346601226578,12.767441220034447,10.29260685345042,12.652763403980506,10.193587520708826,12.007867474100209,12.74993263188953,10.48667857334292,10.971448881306713,12.625552971288272,11.607327867916629,12.629924596464106,11.116507394731673,11.17853442779271,11.429502096817473,13.517799242213405,12.355901164052955,12.180105765970156,13.031235681792012,10.28203867672577,14.179645431202836,11.83766306429261,10.221810731803654,14.547934349420549,13.25900703688456,11.3432565346873,13.856932521770645,12.730694548485282,11.644209269770846,11.171792315132041,13.39192547728785,11.510177293416975,13.025012341870116,11.040790987120877,10.238153356992033,11.143401159522911,10.967717150755409,12.296043896859219,11.123787939629066,11.879032820067831,12.296291201511563,10.740108145317821,12.957993824776432,12.472130684421506,12.061602707981724,12.299626011786483,14.982490652616066,13.09344707764467,13.115421356452176,12.398183567144113,11.980922582724109,11.97838778750066,12.233389017844075,12.029949666518382,13.494525930142306,12.656366323796124,11.03818035787604,12.291647749920305,13.808447817303096,11.230718354033053,10.680098921180422,11.740616235219514,12.303602519892566,9.449630470160848,12.378224955822665,12.45871166883708,10.134087290893218,11.928720745336973,12.288387610624156,12.4917163080561,13.787735274774992,11.091253246221507,10.541438582821804,14.619613614355144,12.445596559835277,12.576536421251506,11.126044958075132,12.25457917692592,12.60144509416134,10.488396213638024,12.205637598953706,12.907021443951216,11.424069034088875,13.90770187603204,13.581850873529415,10.807163813051078,12.519326861994879,13.171847041815756,12.2965683566866,12.550043345979963,12.812956647616277,11.998406189530424,11.6445501819915,13.655560899736717,10.99404193656458,13.218414987963305,13.382903460746618,13.902770102977225,14.363168246046513,11.932469060901424,11.227156532685482,11.167085130146916,13.127693795906302,12.649875759886175,10.535509020192977,14.378176431348797,13.266133173763311,10.619349203118587,14.094112591217836,11.11274810477641,13.272642399329417,11.191205460025078,13.196083703721575,12.914389991207425,11.55877615672193,12.271998362165432,10.633590069126182,13.794935742603876,12.493344317923357,10.734839201957667,12.766137632023513,11.509349066140668,12.998426564780164,12.023978997683379,11.422394806947944,12.278891582756906,13.339638281642467,11.023451972860123,12.334122393716125,14.341709165939038,12.452633402008852,12.157508747362725,10.935457807961642,11.926343687781632,10.861467836881536,10.55035410340913,12.77984200339216,11.685454054211853,12.194406840890588,12.752305266070703,12.829900841131419,12.130533006590051,12.27216397131515,11.745882519423995,11.575150268120977,12.326716586930404,11.716004114166546,11.881039043164726,12.00994134476766,12.388850331726385,13.054499843531092,13.55213719599563,12.29903065685607,12.629028683764924,11.10058305609798,12.944165878873763,13.690533599295968,11.014685150154541,12.2551986756066,12.2042758973828,12.411488011186341,12.382571943746251,12.089883831804523,11.210420410010636,12.934097220329853,13.414170049526943,12.207947093562138,11.824638707364043,12.49574896553748,13.881870343217923,11.093523899710199,12.134860167372246,11.022700593283938,10.991273621238863,12.623537185263418,11.872876623707025,9.874695288374793,11.081015790743663,12.159073332611218,9.7100919231253,11.172952246552207,13.25527615455953,11.220334037352904,11.41216143147929,13.823376871447364,11.84815951716653,11.734959890192497,11.995115544597711,11.554546433275286,12.939408842173833,11.041629553817785,12.899093477296647,13.10391952175775,12.492174277622555,12.028819031167664,11.348928924088744,11.387987880240228,11.773771571505101,12.482046848106394
12.231565947591244,12.24954143001976,12.86795419441614,10.321188521236214,12.732333705675465,10.203018972009612,12.047455209727287,12.797509308572657,10.517554679134019,10.978892531720318,12.58094913878042,11.69308450411295,12.501056024854753,11.185630243574519,11.314065026264249,11.522832192017754,13.447117664002315,12.35485673717572,12.227292391817143,13.068976182676472,10.339212860188145,14.148806337861629,11.845648737080966,10.283005203196245,14.474292781833087,13.182004706375087,11.46059109080333,14.032187778295944,12.701115338062564,11.58243709518323,11.3497954877233,13.339771807841823,11.356836182787344,13.023487765793073,11.052152748869222,10.242244560932654,11.082824002004273,10.929712681430294,12.185909743009445,11.074287194797403,11.984743129249614,12.245686666971261,10.636299176629208,13.108286003424745,12.503741447219486,12.236538567919633,12.28011327242909,15.047725925703144,13.152693457723647,13.203651593172987,12.292686786631348,12.10113231451134,11.887993122301763,12.312911049740787,12.00691617820889,13.613003057109779,12.756753881176556,11.033039765026956,12.34836401737672,13.881805151078556,11.07258942674091,10.722612711327793,11.7830699505204,12.521344595815906,9.410208728225244,12.3856626217706,12.44983544873086,10.199229534892794,12.053299718188853,12.324986410432526,12.630327403669941,13.70362164980295,11.042520465730652,10.685564340889014,14.604160069229936,12.537533529079093,12.702601108518198,11.138412631573424,12.22440237742468,12.61513824946948,10.56806003215079,12.10838010229848,12.861141208839118,11.47814135026544,13.982788469252798,13.721625636240784,10.935220707575416,12.549120506742176,13.214891966863545,12.29456694359166,12.613920774681642,12.682093961244469,11.9241890750667,11.543109396159215,13.653457407901614,11.008850433972666,13.275587089294465,13.291851405176592,13.875659363922464,14.456601025397783,11.91995585505496,11.286467718907891,11.09670934093502,13.114335422907624,12.561328248854988,10.562099243736665,14.478708998098552,13.250971044199382,10.65474861314862,13.881943088602416,11.039777807162736,13.262554843517655,11.245160486148812,13.229144390316568,12.934736562380207,11.44896937145684,12.380098134544964,10.658626108849903,13.725704735884937,12.646695511582328,10.695763780895287,12.938359793421139,11.616110160272944,13.098863447646497,12.028678579756079,11.247676719351087,12.27785207928473,13.266160550088568,10.984940661033908,12.302222474427717,14.27119939829709,12.45423725530655,12.194532402853564,10.903933287729258,11.978704676389098,10.793308027768994,10.605791182100237,12.838548787232668,11.679702638097027,12.059547671568799,12.736600626725194,12.778203972222567,12.10271806617951,12.335924398700262,11.797267429086547,11.572439973130527,12.304287998039197,11.773224907687949,11.97637574634589,11.997515747348745,12.34256245385128,13.192240910692286,13.492021549370312,12.367209279562864,12.686844005819953,11.002490708659659,12.924917113467604,13.718665609277956,10.924355577967972,12.232533928818707,12.140289057065544,12.375566008504624,12.39915022192637,12.16638555371026,11.214432345941438,12.834485326413636,13.527142223575172,12.261569989116182,11.777846259662326,12.484221670245404,13.947045768146893,11.15502893330676,12.104287692502696,10.916445701944943,11.20872373477236,12.754278840761081,11.882038826642919,9.889185409396704,11.15996913661863,12.190246301656344,9.739265056372423,11.075993226222131,13.262078842707252,11.261864050202673,11.328252923571164,13.814440507124516,11.75137821483083,11.778818786041462,11.993726949697098,11.655766669586674,12.905770773405226,11.155997842297777,12.924355132954425,13.191726550533016,12.51199374459397,12.010184914986413,11.38466293028563,11.293520718635895,11.922036470637583,12.63044764550932
12.337338306813809,12.285909846603708,12.792864049109511,10.427339165469313,12.745642460461639,10.339762261825399,12.13094313289396,12.764474868077794,10.502771929797056,11.008972709294834,12.643644487276463,11.788144129473846,12.527347418177714,11.132868198707133,11.288296795554388,11.488903090188469,13.46517063702021,12.381531205061817,12.142745427869258,13.197968488660804,10.400364773391804,14.031575531917285,11.728397099264162,10.263202465079432,14.403866363834931,13.146357159989204,11.47162238762023,14.166376743624093,12.79598208765476,11.469715901308964,11.315824163217073,13.158915109867976,11.457948893759246,13.018959766439295,11.010898906539623,10.284042473759971,11.156004758333879,10.950298353065444,12.129414438596019,11.123408251252094,12.009587306758418,12.282029749213258,10.688709444690627,13.162817546433324,12.496614438469143,12.33324891147226,12.354345803908485,15.043458000774573,13.300466048612076,13.196287729546018,12.30162119934694,12.099972814334151,11.864180266618513,12.220360371873937,11.967006758176327,13.64533713259377,12.817166309384373,10.983872646808225,12.326050530867779,13.782677348864732,11.099226111366011,10.778157146326889,11.79160936214884,12.548957090546047,9.373442477241142,12.512451550536788,12.442688846825254,10.32082196482089,11.994788727257802,12.357750701920382,12.622130583032215,13.746400214488192,11.003363890101609,10.631601042700474,14.557046254653647,12.646358662844646,12.669409388370727,11.076462860757568,12.22157048650733,12.689753392290468,10.662406235393801,11.995538711997343,12.858247052096505,11.572233823206336,14.017618785608521,13.852436693553262,10.949581365846857,12.603399379862216,13.277209573062544,12.320763051092692,12.69866030156142,12.687950147513302,11.926069159126733,11.453664934211806,13.574430511358917,10.969059398121294,13.229345917758089,13.336105331266513,13.77607199233407,14.386265101309037,12.006191594694505,11.420223336458047,11.12260393022106,13.067743467182085,12.377718238141833,10.5036396002842,14.453036603006252,13.3094459968068,10.570748996576967,13.841554810097936,11.096467317547239,13.333094195079216,11.34806588137321,13.238523996868487,12.952223542552245,11.472018172958318,12.315388844704003,10.602726245374908,13.756036333988982,12.699662080561382,10.640958520328926,12.959266746787252,11.788596670128687,13.137749997699519,12.028670847483307,11.276438019608284,12.312031383516958,13.393838483363755,10.784100927476935,12.382198773855231,14.390939716348878,12.557827418002837,12.228200524651225,10.855358128778397,12.09078791312809,10.704082962126252,10.76711765169866,12.821505774053369,11.734697214789437,12.095772995407101,12.799717495719163,12.993209290344145,12.015722025373654,12.358868291690426,11.807632694018585,11.611793364440855,12.3412350108102,11.655511696449096,12.00901254747746,12.082687498439142,12.228741564048777,13.310256664815995,13.52019926562615,12.351599017355477,12.654641232106302,11.035669038998813,12.979524921486393,13.800828922545412,11.014641418539835,12.248184588827407,12.081901828712553,12.565729736593093,12.288404484734427,12.174416588994736,11.222335242821977,12.822147158718312,13.7427555189061,12.28507819941334,11.80493741754102,12.464111042978875,14.07438913923609,11.277055026428696,12.131370497092442,10.804390065891218,11.316712924449988,12.867545406885974,11.809868532140015,10.024322794348038,11.092913275090824,12.26547079225168,9.674990590307738,11.076397608579507,13.373523916833017,11.331185599334491,11.27798913458682,13.93132499475719,11.734643627144948,11.79847853246252,12.146116736248455,11.733887180425862,12.868689414399864,11.097998012288958,12.973271447698362,13.342340924350555,12.78162198818918,12.0131292167674,11.440039890514264,11.476427639383084,11.952411001993482,12.741138133282734
12.341732944809594,12.320663628958481,12.776458351038444,10.331232674168044,12.782110631175046,10.34832313266364,12.290552644847232,12.539530619064903,10.493278419642959,10.881743370660542,12.634300467166032,11.794819610604819,12.54564758992405,11.264319450125091,11.346799933062497,11.419705638485523,13.579622924334187,12.343623783118256,12.076784002366935,13.177478304033867,10.470512604098646,14.178928475295086,11.7095306739593,10.193239727703169,14.467540195856948,13.260118111055574,11.419448553455505,14.153776416855743,12.619200912946019,11.404935526208448,11.285466134819425,13.082753457154384,11.55796197831283,13.09696625696254,10.950819602716232,10.345571726390517,11.27025614911141,10.84266091265148,12.129689617638466,11.205379898628918,11.981554975948823,12.150321574094024,10.618187201126355,13.201838331107592,12.461509323500126,12.342231164197573,12.39053166845436,15.137642556763478,13.283465735149246,13.206593790245208,12.287024805776094,11.974458968808722,11.973089865205532,12.273470845245738,11.959087602659556,13.840109846610794,12.936873723960852,11.107626382898816,12.285523236026075,13.959824914877506,11.22289082541245,10.747555773505164,11.72898132934183,12.5263673853479,9.342014462307684,12.527400063338861,12.45667394860678,10.320460230776343,11.964723040690924,12.38402831162858,12.551087798107066,13.785738057147679,10.902142809969579,10.697244933318208,14.527140367076818,12.74770009972776,12.702811005293187,11.027419727333887,12.122480271274672,12.732897137573907,10.604450493773392,12.068212960936583,12.751760791297912,11.541714030643845,14.054968460847814,13.907781537571305,10.874996777849368,12.639401952546471,13.442695857139336,12.433684511284254,12.733523804286872,12.751309378029386,12.073069455785706,11.286659946748532,13.547839581630255,11.08518260509542,13.164162887227668,13.291090077961345,13.852452347894499,14.347567362272382,11.956884559240272,11.427610725195501,11.176699676349894,13.138355059771477,12.276668304544893,10.569426299652719,14.515801071980299,13.214384436627387,10.47784673738133,13.931704611605705,11.109131111372127,13.38018100942754,11.419860379578319,13.130602960302644,13.044602277474365,11.548441371272439,12.336852973561426,10.61625142533956,13.855842657603008,12.809176567731262,10.656080120017819,12.89421373343814,11.682823801746807,13.033248178895066,12.034357328051996,11.366115853581386,12.274106732439787,13.39175658480289,10.738046605498466,12.46527088468011,14.380453799786947,12.613679636754338,12.202394867038736,10.821230680953096,12.105099341946259,10.66374260451809,10.683716435662802,12.88916496620602,11.764169032482473,12.101897804092507,12.852354772778417,13.018510928396726,12.126886279943617,12.405035522497075,11.82066009897249,11.628266921856653,12.220675730800211,11.706126337055379,11.997530009418353,12.068500621719263,12.256110161624266,13.277647333013322,13.616936447228555,12.315003984427166,12.728168646123665,11.025817569839031,12.840827306205952,13.88069814502337,11.234520145927075,12.336854928249899,12.024856067579538,12.756468302783148,12.15205056474939,12.077123034372079,11.218466679565537,12.730264257125926,13.705337157120939,12.230580202139233,11.86881015241693,12.457793117799062,14.153443281733084,11.343287234392005,12.126053057380627,10.726661783245284,11.319171728397539,12.863564603274787,11.817497899904653,10.005501678358137,11.21431144873736,12.14910219410459,9.554408438952674,11.18253868431204,13.429275538391504,11.348333645711348,11.258261639715064,13.885527814440625,11.673837482312056,11.764823318590219,12.087888132767056,11.633251025572626,13.079263938049326,11.019378440248458,13.034469396663809,13.428779489791559,12.688261700965098,11.978831788510416,11.42215591999006,11.424327542625647,12.111758305829536,12.846887011964728
12.375591114547696,12.221656465078656,12.708528796478214,10.562480426134053,12.814866123230852,10.337880721499456,12.41763800779662,12.479324087460745,10.550027386876414,10.959358089037918,12.616718290320852,11.719464465055786,12.622809498011444,11.24134673715255,11.271612448790643,11.406695210554291,13.643581626642744,12.24251309341967,11.957325668012535,13.22312618368437,10.531124434980397,14.037516203535068,11.753699961906156,10.291061688048577,14.498725248456713,13.236998278302533,11.5997670341415,14.109563192995017,12.526905089570507,11.46602104525109,11.234993626436484,13.212965470424447,11.564071274430868,12.958784584217472,11.000505264442358,10.375960060913448,11.329070931687388,10.95291493801361,12.125219651353786,11.2285570745763,12.010879676949136,12.312743975892372,10.524349245933642,13.209306260258767,12.526700178900587,12.259836048159988,12.302870966682148,15.27016688334105,13.44755813931185,13.185350110228187,12.246142789772646,12.15758160753355,12.051073488308173,12.342990346703395,11.947369301489426,13.900435145089432,12.935510170112165,11.120130016714256,12.260507579172444,13.882264494794072,11.377231278240053,10.647081785581666,11.6825858818769,12.508781351849532,9.271129790905546,12.517254753101092,12.502265441340985,10.202246060508381,11.913427500595686,12.351232167792515,12.64604569334052,13.598063206142998,11.01270645933517,10.719788407150821,14.46652294340711,12.743819263416585,12.556735874074224,11.07629067722458,12.166367825454813,12.757547432644166,10.44033523849753,12.009682054600718,12.709595545879305,11.561054045369504,14.02113017961157,13.911668636553946,10.969518381249413,12.617546663641251,13.359553358776335,12.532146701883754,12.624085296960919,12.666041996261932,12.194876648943762,11.292891175282827,13.489691772932556,10.975271713901307,13.040135385896662,13.41012420798723,13.753059822030782,14.306470061171334,11.79512112316693,11.523589339424312,11.15312045729632,13.27015183480293,12.210189699881965,10.614668557744457,14.320363859141386,13.244083421912608,10.371348840044488,14.01781829572323,11.169514853061983,13.390552265371007,11.35526006578061,13.140994818334827,12.978395682076734,11.51516368559991,12.418472096190785,10.713651761478756,13.836005167680087,12.94131614359633,10.737607841265556,12.946801091803309,11.66393874098025,13.02827365896854,12.17370212528915,11.326360161870442,12.331466716626169,13.511462249082415,10.821150432943961,12.423932280114881,14.3011096107737,12.660391886662579,12.095315874522537,10.829730968311335,12.044462448320425,10.692531781487837,10.708223165876099,13.027521895647169,11.721834029654316,12.058577739577837,12.8523881419544,12.955822185656666,12.112674952083283,12.569780271033604,11.835722374477198,11.84403537643156,12.39445523544169,11.821006178922536,11.94234735708701,12.007983006870184,12.336498143598076,13.238443655583067,13.47316168052117,12.2785880873848,12.817128817862349,11.021360180431028,12.75295912562026,13.91979971280088,11.229185294648428,12.363158671310552,12.121014027389599,12.924643026784464,12.08108055520053,12.051304295830404,11.217401056347146,12.714198837240636,13.60853635801526,12.268072705665555,11.786879872989179,12.501677975292807,14.04091882061591,11.30179762572603,12.225920724318172,10.766509928545327,11.383508303347819,12.83094755189815,11.873584162905933,9.951158995279867,11.359509824279542,12.289646155723974,9.504017306449201,11.321437244002734,13.364327923312073,11.203199036392975,11.34109758718587,13.873718909976198,11.611194247046193,11.659690354487132,12.076219449002652,11.559815117672098,13.26731557442274,11.2142591665615,13.115245509587156,13.502233510443556,12.724099158893589,11.94683863544871,11.44839867683749,11.335771398168328,12.050878139894065,12.879428971059438
12.435686523130208,12.294667132299082,12.732222396150192,10.598492107158918,12.801519071449526,10.421697138119821,12.580767348946349,12.449150676302395,10.426741819210292,10.972938484023643,12.814415219704363,11.73316991664115,12.672714197934274,11.268682167998506,11.25612773612225,11.331940468704325,13.596661079130744,12.083643706805246,12.007673180756422,13.331381591731901,10.503865130880511,14.006544348935945,11.751760092825572,10.291458297819494,14.419184796449109,13.209470717883322,11.53726036163678,14.079225988735159,12.504926661058159,11.50047117002557,11.157144275765486,13.150701481759132,11.669498389534665,13.171255878942791,10.946538359269937,10.315653604351512,11.312006488043886,10.927629420559898,12.108481538900582,11.044608369828959,11.957302791973722,12.301131508530258,10.62387095466655,13.168910729253225,12.637179169788501,12.236092996401782,12.210704827590588,15.342835224238977,13.507566633176808,13.127812619885251,12.187945648205957,12.18972375061353,12.158867995223678,12.471582715241276,12.057559331578922,13.848880580232143,12.97905263146205,11.231537125213398,12.299376395503147,13.899835906209075,11.429999828013523,10.693008913737447,11.58767299145069,12.509464749005538,9.241750316147282,12.569908668703347,12.474476315748907,10.379833631642045,12.107555061715212,12.274913089853854,12.65135120751929,13.72444133876241,11.02622394962036,10.797336449910302,14.532985533703512,12.797760086058043,12.671473637017371,11.02978432412624,12.138694311780604,12.721069594017331,10.579027264433087,12.014946687142116,12.780684183142549,11.502159913240009,14.087476819747403,13.985801997426226,10.923095951318713,12.60575318730679,13.32918348085177,12.576130453982516,12.573625586415387,12.505138337462354,12.137798695289048,11.276262319456022,13.45029385219918,11.066808025319942,13.070298790595126,13.290053251518072,13.753597110667474,14.43678488559985,11.856417519409797,11.681676402043358,11.116357935107983,13.196961903858483,12.23244165431294,10.664126285215776,14.280241295462343,13.149506687686051,10.323560637804851,13.988130850755844,11.19775703491778,13.49923094169327,11.208535257052036,13.117780004890841,12.980297640072214,11.466839275827452,12.267272871974688,10.688183141025922,13.869754783265126,12.954899340002697,10.617342115919111,12.925577083447811,11.53301426168815,13.142614329604797,12.088368039413314,11.448646178993767,12.320956086376137,13.45921850451078,10.861617806360872,12.331670893833259,14.332870163345394,12.650869576874856,12.137684679593479,10.866555975046015,12.01856964554291,10.658527899962571,10.649737923003078,13.042617624386402,11.859222657912962,12.149027727551735,12.986360546045308,12.920032914035295,12.181054282447747,12.498588580445876,11.847865074116836,11.778963595781804,12.397151092599826,11.81953859887235,11.870381981907618,11.999722607361726,12.241752256642345,13.301553076327385,13.559255682820744,12.32638631434528,12.879742900579402,10.969611508980423,12.533809143029483,13.991302398193772,11.055391105399547,12.150480281120291,12.002516097107172,12.927418763011035,12.237890030680878,12.09037297140017,11.210782117713787,12.85928474949006,13.603949723920659,12.378605620138952,11.883765143483707,12.430095984600248,13.994931982221436,11.409537547626021,12.229839124833413,10.569445220229797,11.315294929262327,12.803500984450759,11.900490618802412,9.939343271171566,11.308287661028743,12.350464361441047,9.565218258670313,11.397592187531275,13.5478527363888,11.243373499614735,11.314358972867511,13.919603631067643,11.68817075095192,11.61514693125673,12.005284522222517,11.526702765684384,13.249911961385042,11.442886680585241,13.055144185952326,13.592563999410777,12.769857896585593,12.035268521654695,11.539325738109055,11.315348858515266,12.047243123552162,12.946182541906046
12.48308108779175,12.164859879077735,12.661748207716672,10.637619544378904,12.855862514490097,10.391355116943076,12.559830066972818,12.53281972185283,10.397159086122365,10.986873965609842,12.98215061125683,11.633727308365351,12.72163762481419,11.16701909073967,11.132747980720938,11.456648572702537,13.560141174101396,12.093915681177537,11.858811372260568,13.477856096306585,10.425817909445007,14.065720020677677,11.740460131703339,10.234507038933033,14.392132104747645,13.116740829691885,11.447690484534725,14.19318448053365,12.35189387726848,11.51166326466991,11.291050664898231,13.117840779838328,11.750641176006756,13.044985158073981,10.964801323410766,10.281404467791054,11.26040063192429,10.884535544569873,12.062884867875942,11.15335481913393,11.951572384947832,12.322590336506243,10.514378053791875,13.303110495282851,12.563402310503509,12.304557170258448,12.180913273510539,15.346968074562707,13.497661568371793,13.217600310152081,12.228908249181332,12.17872767358982,12.199750759844722,12.510402870303807,12.026591685490624,13.856352811066804,12.94687795241643,11.306205411561134,12.296237053035172,13.7466713252415,11.481359534141108,10.678676324208475,11.668961414109422,12.494769504573808,9.250587134385016,12.576375157813956,12.620656562976983,10.217008924207478,12.188467333172138,12.190464356609874,12.670688622225121,13.816202317240192,10.910159896187764,10.71487577405957,14.567161174688746,12.894056531464136,12.816781764245256,10.893673098948573,12.264247445285948,12.68511421444466,10.515011402473375,12.043461051556465,12.55239329761604,11.40735131860846,13.908128406519824,14.122845985266311,10.972195865855378,12.813516802538798,13.363274481117283,12.548788844476265,12.535983319894832,12.53204369747865,12.017255996137129,11.238380658345136,13.402012483687004,11.157319007231264,13.164694622706225,13.30704994023209,13.730811597005921,14.462840741214038,11.961195601788713,11.705248043666948,11.258961704831508,13.139738741059116,12.16802587367189,10.760386728532417,14.27339114134746,13.128899621525964,10.37299165962817,14.202529193475115,11.142848780814639,13.492634925885021,11.235273531099056,13.027349795814391,13.012097735515079,11.4520777757862,12.165269461156617,10.762340399843602,13.868102028519633,12.931108353910416,10.679498741768608,12.862060594013464,11.403168091502547,13.26645230139372,12.102120269937748,11.470330542230704,12.389206979795828,13.536107783390547,10.780799200126525,12.250759029094736,14.420800337054212,12.746649182211467,12.137499992367717,10.89808361365519,12.05506350527535,10.673534010541543,10.910627538962762,13.117556063101729,12.040719186793174,12.174617489352064,12.94771737471754,12.826880040191895,12.243911276972222,12.387516038717328,11.888712792281124,11.874222116207884,12.508106060158585,11.911802727129327,11.829885419924558,12.10451509294649,12.176903096936739,13.312100698167685,13.5016708332049,12.41803977813523,12.766593954607579,10.927824988245968,12.429229645174336,14.01284951668074,11.02000079786799,12.215585971767577,11.998199019875077,12.867849314344513,12.194716849505832,12.253949342632467,11.32526538593795,12.788457901084003,13.466075831160824,12.496878353442051,11.822955469498066,12.489384020480708,14.067523325658405,11.331773192937808,12.122259397235966,10.515736642841683,11.28814984598759,12.844760531365463,11.88695018133272,9.96542379480967,11.294602220534372,12.387459300016193,9.660539630760102,11.368726931611908,13.335735999644745,11.265964870820088,11.308172206517291,14.049111127741481,11.724027311536862,11.655096778535865,11.904934221535008,11.464646318699325,13.329096975417128,11.391098174456895,13.211710957373931,13.573764965967355,12.92207152137774,11.977389152306149,11.551162545142738,11.285436660825155,11.957476120945156,12.960768899089624
12.388871373251765,12.081190991924219,12.612644580932194,10.687660241666277,12.824970890038328,10.422295607676876,12.562150634052033,12.498134916709464,10.448044390724037,11.054632064921853,13.035943396486688,11.675718219637828,12.824655287613435,11.246163253573622,11.121422164070847,11.496916972535352,13.62793403033083,12.066920697711536,11.908709786167975,13.393331187165797,10.486147304947108,14.129330581834614,11.665039865953016,10.17634611938419,14.44941698060857,13.077240161747028,11.334437691267583,14.238584231886222,12.531637384976278,11.556058983335138,11.153897803870233,13.11009502352077,11.809319600981011,13.06533909967517,10.94587646773711,10.355548533380368,11.183375434436702,10.821054138557324,12.099924824452575,11.116080774848038,11.905862330898596,12.338294150676814,10.463064007429619,13.182591357472363,12.545000389793127,12.430581025200595,12.22543215224812,15.408625203966215,13.560048678536413,13.202758257126042,12.226110244251503,12.095224490151976,12.285925573500382,12.56746268142708,11.993591654188288,13.9262029115314,13.007864036644666,11.249055433215904,12.309437811598944,13.88428572807775,11.60246418406027,10.814388596161113,11.724369952688612,12.617907888175292,9.196509044271702,12.58890718737248,12.640620413899711,10.381626340880578,12.308122954617474,12.119755655066074,12.642155839230522,13.789297455556412,11.012198175106581,10.873507819335723,14.473433810965533,12.863688875704614,12.910638052078312,10.929010627659,12.257013996885581,12.662899755746285,10.527335979589356,11.986602673651996,12.603535911275085,11.466453691680409,13.939631621005892,14.084410107234248,11.011331180188565,12.750785300431657,13.493956919205331,12.487215310691992,12.579825917807202,12.474656065714822,11.995724979913632,11.176328675952439,13.40974064653684,11.253783453822216,13.159454207151617,13.436978136923916,13.727798150519305,14.523074165408696,11.954052345627693,11.6535633599842,11.05803839907582,13.133854865663523,12.185637095856222,10.745836802067123,14.318801806133429,13.265198043837453,10.247292581393365,14.264738563761462,11.217021699391228,13.617884676878111,11.256814619264127,12.97670817094466,12.948430859526532,11.514597924900542,12.267837589983822,10.75287207892532,13.972277500778631,12.846489280735724,10.691316231782725,12.899736703590312,11.407105700817233,13.210648629210342,12.112249322152165,11.38852441737157,12.42198011408865,13.58867982812711,10.693705507009128,12.298193301909054,14.38578206626496,12.92220691822072,12.159014182746215,10.861209755229126,12.051736112254554,10.715231502323222,11.041121832333795,13.135666708636267,11.98285513285808,12.31186956776539,13.006240032588359,12.878412091573281,12.41572292186414,12.480492322847725,11.956141427240938,11.935636171990993,12.574572025977073,11.872394277938186,11.86418340542887,12.025324944445655,12.161761396289364,13.33468176077928,13.454722850758081,12.363673785750914,12.86883796822594,11.031649888209023,12.436341951209068,13.892121150037212,10.90710937696178,12.297089377081681,11.987207191575894,12.910946977090346,12.088326949117455,12.21434941347858,11.36762829856789,12.857896615329953,13.511294503814328,12.563114109357226,11.794132745695567,12.489285252311118,14.067023281704072,11.442842274049566,12.142043148956983,10.553587351522296,11.206454213156157,12.855094507155703,12.12609186787266,9.853147411162851,11.349270551772918,12.41711999337813,9.799235724194872,11.465318432892337,13.405340909074122,11.322759211372937,11.455513661259198,14.047242366050716,11.694837847952291,11.724001010058595,11.93091859956683,11.423713883189492,13.222091280949547,11.240168709736317,13.181088976750292,13.624255534174504,12.884585609510475,11.990961210023004,11.58681846173224,11.259735012354824,11.997678545234455,12.855610558494801
12.353264201275765,12.022231703305309,12.668965239237584,10.703899404861085,12.899481624714745,10.48833556644201,12.585336651889994,12.621938723201954,10.48940382948005,11.074239901582132,12.986109233936235,11.623347800114237,12.800552332440434,11.15855831095834,11.180016788632118,11.425175128739586,13.696343798923511,12.109979130783412,11.955151513565285,13.24742470667338,10.51338172553053,14.111020445758333,11.600589947705139,10.316815495408202,14.482049544585276,13.077310864893889,11.373385426647534,14.111359092548398,12.654104514608736,11.57244963515512,11.252978239773963,13.170620182832003,11.78577338199237,13.006351029269183,10.839940750913847,10.207838280543074,11.235330852236109,10.8214515576025,12.004775768311678,11.14127899982728,11.938063357717466,12.328300240347964,10.430848249090223,13.140094291009136,12.59397856319318,12.56473400272608,12.203035605141908,15.416309472793136,13.564799203339652,13.270510411332971,12.294028775536091,12.081950089828357,12.172140483288615,12.615442648331564,11.968325741287133,13.944224930421314,13.007138252371636,11.208677410168756,12.434571634628714,13.836360822871658,11.656713515931806,10.865610752303384,11.716060614108445,12.603769168360454,9.122318833972725,12.57071671195204,12.77249798884647,10.339529699341384,12.362218021919812,12.182072433569825,12.635997608379041,13.863507694996203,11.057228578501892,10.925076755563566,14.511527233819542,12.817785544733114,12.915765509193507,10.921323450479782,12.287392521806389,12.787682197635446,10.493311987496243,12.054560105343956,12.695982976522643,11.575227899453107,14.0526720424066,14.095035390018884,10.846400029686833,12.822874699966416,13.438602801560743,12.342215538177246,12.594577826510696,12.60164435071496,11.93973955295623,11.058133359155812,13.513038982961156,11.195919092077979,13.170193401333503,13.348094987313523,13.720029204278573,14.588851781361893,11.818411220875355,11.728429002244456,11.115445785149259,13.140298163971396,12.11441706936859,10.760897102267457,14.518326841199395,13.12388921847445,10.208143755015735,14.284384807866049,11.232302598200096,13.545055384646375,11.465491984031873,12.966589529371138,12.781250143020852,11.558294950019897,12.368066871950033,10.711632025993424,13.902034564422225,12.85164778251813,10.827131612647925,12.85684021217547,11.41259884952151,13.242717692922842,12.281117730105477,11.436455198850949,12.307361600090587,13.499619932795218,10.827272569160012,12.385166571129245,14.467585376674606,12.67905176764805,12.336500293437819,10.825957538993126,12.13950604709132,10.706634010313513,11.028463909346446,13.173669117212148,11.942802577171733,12.48440189154849,12.93252285852045,12.804871983886997,12.381836171496836,12.444325843639636,11.96701282934413,12.0830745019008,12.536589858247131,11.922407134027996,11.761994337618953,12.068389033373586,12.144557405537343,13.47346318557396,13.339388292498528,12.335285722310626,12.858390301305441,11.041352361695829,12.34931034793281,13.900371288554023,10.887932819804783,12.092596578881677,12.111545468787739,12.966228776660229,12.202259526267362,12.12363661077948,11.208273098225906,12.885173333117672,13.56255829004657,12.462009470071026,11.870292977970303,12.538351830201266,14.068948564600786,11.517214912942798,12.191800608257342,10.626267781016947,11.52157891869968,12.856933438174782,12.178389527904049,9.765500931085919,11.40732315196927,12.406409258592564,9.905106807543063,11.443553343160927,13.379916495704931,11.23584276835353,11.467148273237283,13.946748958883925,11.597856274927684,11.7525527542307,11.923370599951431,11.451130342751755,13.25543183813325,11.268915149912758,13.11490273496649,13.695260523025967,12.894033468034976,11.986482116968292,11.619046598544728,11.25075888292555,12.023062056707209,12.905405019199994
12.478700202083507,12.20399335619118,12.669791726046245,10.890526294844395,12.922723871633348,10.392920101972402,12.688730080536102,12.627237194596635,10.467730032470339,11.119325339782284,13.04023483055413,11.723740900299939,12.76560271814321,11.046767492690869,11.21429044458139,11.358126886653846,13.688383087587809,12.146721268390225,11.825326881777515,13.244460447554294,10.542217392799733,14.17410606361947,11.58447093740638,10.388426263234166,14.548776570141616,13.154439603406848,11.40606814731423,14.032062213154498,12.800670249130095,11.514499457916594,11.226153786253992,13.220851609350122,11.699231773700717,13.096073063789069,10.860172069967428,10.262946294661603,11.26751403621827,10.856705335974445,12.092284328788233,10.958969214861261,12.042288582464181,12.30881042672016,10.409484174233388,13.097038352511037,12.721101417461774,12.636828178393293,12.166811259926124,15.350201490897595,13.658198755940107,13.065827858201887,12.354008497360502,12.06029672094591,12.18094271826125,12.572466591932073,11.989645076280357,13.995511572511012,13.262925824568347,11.301661278609393,12.404269518646787,13.804804694583922,11.690269530868806,10.861985800338347,11.817385058920774,12.582173474935397,9.18330388107141,12.533570517783044,12.825493843543944,10.354349595919265,12.286798263634502,12.235390102165258,12.619514895929493,13.866050124753007,11.193321415281911,11.028361084361253,14.617655161625493,12.73097096539168,12.839943254837165,10.892478208896444,12.511463542835129,12.654050149913697,10.396742567275554,12.045672060660868,12.658074635019396,11.517680371498097,13.912720545533368,14.003016238547335,10.817023807548516,12.976791413402202,13.542507528192148,12.33698859219023,12.62811065527095,12.695300223908463,11.980425934857811,11.097635738723685,13.628031251562117,11.277416705257723,13.097518812054082,13.426004405098418,13.729724622842301,14.453854989171763,11.721486580533398,11.73295313417462,11.262223956638158,13.084738540787699,12.046381511651589,10.796691397880902,14.385690483960127,13.047442030353352,10.140589492819565,14.313037978138178,11.193994997543772,13.524992386204808,11.498528755883672,13.074666864590975,12.986238410136924,11.495322604118526,12.302121992786192,10.760657805657207,13.857998610948481,12.78744474147512,10.817355678873781,12.88478847569825,11.431959042150625,13.342482848367068,12.273646589668944,11.445832486379299,12.368434399009605,13.50756280621474,10.831760257109451,12.296839503383794,14.481044734039354,12.657505184605284,12.227731082748257,10.908068173612257,11.97440456891506,10.751528440911152,11.111855964393541,13.245632772280205,11.792237214607992,12.48356700430945,12.88651628939383,12.620230201815183,12.399929086861377,12.508705661444445,11.94853496783714,12.07347214556328,12.630991694221487,11.933842412139489,11.889438154163388,12.122072450251824,12.211660462132915,13.620491581189315,13.403102181714285,12.371531213969048,12.729802405895185,11.136638613525152,12.417453901833841,13.899477416080904,10.78751514234207,12.178127456916437,12.083089106282394,12.908474003749872,12.0581573754283,12.20422145511036,11.119462058495689,12.809325827999782,13.574749967732032,12.468307721164395,11.75040123922146,12.468726170469248,13.996912751106864,11.582554523269126,12.174736842611484,10.693370252940765,11.54398319640019,12.842182017211279,12.289000697361754,9.707061617789599,11.409566061191905,12.333356993188572,9.944006336252416,11.310162155488698,13.352966475889525,11.213562051925392,11.495936912709565,13.882794140595466,11.53963323720055,11.758541461131363,11.808932632291539,11.501727178886732,13.217730242957401,11.380561139948801,13.099533226450847,13.557750893927345,12.806472674397845,11.979851161592011,11.751022149877846,11.37048855614437,12.170135997867071,13.08930233935203
12.389180591345754,12.228610925787443,12.692257507718454,10.799500678893494,12.948855346380157,10.520109577319332,12.635793686006375,12.634417763412308,10.383553969304797,11.026444780961983,13.064857777547818,11.791425030026062,12.62857118858965,11.126369101773443,11.279318489457262,11.429374831478343,13.664848044137749,12.12797885345699,11.851469066120499,13.3125263556162,10.412772782434745,14.170947624766601,11.51715436541724,10.538210778759412,14.53539157399024,13.17799735564264,11.475178007156781,14.095225509422068,12.88780830150326,11.569655135252999,11.304527739114016,13.369902053778857,11.721725129000856,13.176708999230712,11.000680836267492,10.347600153419299,11.332659026063205,10.935829918333456,12.09046317763437,10.954196760393431,12.0009084422078,12.237541361815259,10.446723476646566,13.056187055360871,12.769317339526184,12.677329317226253,12.359720257030148,15.404593334691299,13.783353299178605,13.073659097589045,12.43742052652749,12.115294949926753,12.257871803541208,12.638979792808758,11.9816121530965,14.06552517741121,13.252557624285826,11.215770722580677,12.387949582850062,13.83998055754325,11.68877056177718,10.823256373421628,11.840294034321687,12.660494889489058,9.112184468043704,12.541751268395453,12.709187185703001,10.43833811445412,12.194234023255515,12.32229580007638,12.660342770522346,13.897909347966378,11.156479593422114,10.938700879648211,14.525801114896538,12.59809224229126,12.746365747102331,10.89135782910487,12.516142766240783,12.650722706629697,10.450797260745894,12.037631293255354,12.573547198076657,11.601981656725428,13.919194335615904,13.991394794555953,10.877346268367884,13.007720278049646,13.40103760545411,12.232602176990824,12.63501420952833,12.725893540038049,12.035189702632854,11.116986219684815,13.579157233262167,11.367643725402198,13.02971998086577,13.719184662459377,13.766217110451658,14.395436277580897,11.702637224592266,11.659089966071427,11.256650388603592,13.114014206223773,12.01441678529524,10.785387772187594,14.432777282466276,13.047733513562708,10.234825547301334,14.36060047618501,11.08869259902751,13.564536641127434,11.444131702220982,13.133248447266965,13.032123734193338,11.462149947462263,12.161268154786296,10.669551725702162,13.84575808928079,12.862084212144897,10.875739857993135,12.976649784679383,11.499014951055575,13.434707675979286,12.171200084914489,11.386363823569182,12.474179222916007,13.511016372827326,10.822751998560733,12.354783022197584,14.539856748452316,12.78598008213194,12.077500184586246,10.931971097050045,11.980288274034638,10.689271743734247,11.119404370022947,13.357629464553481,11.688265064975134,12.41326769708896,12.952624823411702,12.611707586329953,12.460782097326147,12.573424752129544,11.868483060176315,12.128164740664054,12.659485739415809,11.946215573856627,11.89028368175435,12.162909337572213,12.3570973601914,13.68626770595749,13.417546890009623,12.360060491059821,12.665458543739984,11.114221074670308,12.345690222269253,13.891495717351996,10.686377671429053,12.104491837766869,12.092300020287713,12.982330524347029,12.12160169841779,12.164083964857186,11.117241801526543,12.815653121658508,13.687769469147888,12.37980477439368,11.80880959159607,12.384396985252087,14.05303259021823,11.601946441509886,12.178686187007564,10.743919475609319,11.475402083025152,12.875831023902236,12.295640963044468,9.55755950037269,11.439081937525266,12.400853040438,10.044637264458624,11.472586362527728,13.366156306725173,11.31179056840158,11.529803723557434,14.003379944719839,11.58481471682547,11.732205645599466,11.856817201750308,11.51837242056851,13.184019345381914,11.393379663154105,13.039223741513823,13.599387802972036,12.768669770594014,12.122030508635682,11.82963389459154,11.298717584982171,12.306638416382246,13.12236257627421
12.449491017862629,12.189906422723395,12.82383222963812,10.736189076313924,12.953388009456596,10.63431461976884,12.685305097059805,12.674428362211072,10.37478344671296,11.229349586201725,13.12121180663711,11.632090878297957,12.697478283242457,11.03240561734964,11.399786002136477,11.468176006926084,13.691985020661114,12.046456460397554,11.887620623237392,13.380694635230013,10.42717465278135,14.188485373126277,11.406228090274096,10.514450141811668,14.457562999020299,13.206831732359992,11.531682814275594,14.267104307385168,12.958694639137533,11.57164692697905,11.18323039371172,13.093595960929255,11.735514807407467,13.089603952842582,10.86570643383963,10.455377181192317,11.468122489788461,10.914306254352514,12.074447142844408,11.025388456855836,12.06634520888768,12.23871331053044,10.313394744367649,12.902445468892193,12.630557943240824,12.643434470667017,12.492488375444056,15.429030347483316,13.673361910568717,13.051460274254008,12.465923861466424,12.189760580048196,12.27558912167274,12.622033147074976,12.058748460231863,14.113818238484955,13.428366371590853,11.220582665767854,12.34065686748226,13.958803305752665,11.696319256958452,10.936831060579832,11.73740080008121,12.659354639479739,9.056126561086112,12.54540620206142,12.791239251144495,10.45571343482541,12.231077101446308,12.409657889237966,12.60735114621876,14.018870822580949,11.068251859312543,11.02134675034943,14.63637710140342,12.539721336867508,12.751461550482462,11.012655912723694,12.585016955473241,12.572030313662632,10.526044792510396,12.03283153252727,12.599463257368491,11.496770811516356,13.985144008530975,13.991692617220691,10.979215512715434,13.071514037625853,13.3161869188919,12.30153564821404,12.606468755310855,12.69886926004034,12.000406404299179,11.201378662095001,13.57187774127758,11.441643493042157,13.116802340321588,13.545406765230146,13.721914113456158,14.55593316749598,11.708465906436855,11.725078575939094,11.16598134250488,13.135347412611445,12.055785068555736,10.842621428194628,14.397816621925676,12.996606722368766,10.273323518304847,14.267201877681835,11.353649016202159,13.335565136539454,11.53666625169427,13.147412758674244,13.039274483372079,11.418127060404808,12.205099578799514,10.785866225552008,13.769568963657823,12.807989728777294,10.891155679065664,13.041648446141489,11.581795244133675,13.359245638329025,12.210674246326374,11.34495897745915,12.54096125783344,13.500452497259717,10.900772856223579,12.387032559345649,14.467979106312455,12.724908420043585,12.108409462975954,10.955855584184043,11.914702427646546,10.66519569190863,11.019898493019763,13.37202011239116,11.787948083038874,12.42980381915727,13.129326551947122,12.529373570308433,12.4462101813817,12.693512476345429,11.810299374719735,12.228540788518222,12.66485024547704,11.88955438823236,11.813519851749287,12.279844510161999,12.365398681997272,13.744018040411657,13.565117743161855,12.365628395199721,12.896452658100067,11.04855968290729,12.262952144615774,13.90587552309307,10.657839368759486,12.05321088155428,12.145253833020911,12.981934307786247,12.092331216712251,11.995063435028783,11.253248639731867,12.79245395296008,13.664905779108894,12.35454568223426,11.877891073816041,12.33441107568692,14.123612651971845,11.60748220488099,12.241993061162516,10.82206447392454,11.466795836187174,12.89808510318483,12.225847828986273,9.362776121874347,11.443577524873483,12.393344333282196,10.047315261053189,11.535734357337077,13.392537523056914,11.354818008574716,11.484574999593338,14.01198470526503,11.68320436682328,11.737059722154703,11.90133954093464,11.515219763660943,13.297389075409296,11.548909823269188,12.988456556952613,13.60808734411608,12.683884944233265,12.107845961695677,11.86431140454578,11.331452421307267,12.302394681432798,13.034872638061739
12.425443647761234,12.24781517650416,12.669161131699434,10.790123974303688,12.874786018338126,10.67752708567966,12.708857749848377,12.795088186073977,10.330193673876112,11.163858823552237,13.09795105994888,11.740201203754602,12.727271502279164,10.923938950090493,11.368798288113533,11.5316302275149,13.739279391441494,12.042211455909033,11.888416293622905,13.362314186900948,10.412495948962473,14.252181168850589,11.342029891352864,10.619402417833541,14.592943661302831,13.18749194325069,11.442161216947333,14.252773327356508,12.905760538906367,11.688344779259948,11.10871000584617,13.181156407292624,11.727118392651958,13.203831305841497,10.86305369588493,10.358835872067537,11.593141371635092,10.927424267776816,12.014556905994603,11.199548261599908,12.058660028799602,12.273615017595228,10.280145424988083,12.811536673396416,12.703034296750445,12.562044193873161,12.41262723114861,15.420333713765503,13.681844206205767,13.156274406371878,12.429836815729727,12.133323144229582,12.236659196337246,12.694102995201293,12.030096757738091,14.184252335076152,13.437341162978175,11.148713280217926,12.310520916955463,13.916375489801634,11.697780432010413,10.865335140103474,12.011125189774303,12.71732607447651,8.951532694458873,12.601385458586833,12.852478023862313,10.397139108956003,12.280163597587093,12.436893417237892,12.706958508381335,14.044758734809859,10.91346741640188,10.93896174413615,14.463091168687194,12.562356397636322,12.779726378324108,11.151990621664046,12.585598897637468,12.678516889167785,10.576240678890759,12.094891014385997,12.703912239826218,11.653687673828436,14.009953731712116,14.104076170907705,10.966347272708894,13.167875384608234,13.145977925957133,12.395771913997743,12.571361736282784,12.806669645113137,12.02989896281006,11.23209897569814,13.536992971654445,11.476462534015846,13.295467691979416,13.544382590529192,13.744677973477348,14.56116811872428,11.728121938691704,11.655709492608562,11.368760999326271,13.110263253828156,12.047569296637105,10.724216131027422,14.463195384169307,13.01614739303305,10.3461451459708,14.239651119498593,11.245966334780002,13.39225148339209,11.568277310015166,13.109272415682513,13.05461478591978,11.51110268886938,12.215391985184244,10.867024528071793,13.678214400202943,12.821597175877905,10.914361685785432,12.985586866666553,11.625993887575907,13.444661509970354,12.040583996602546,11.167031451085455,12.518903775945986,13.423753453417461,10.841583253299364,12.412219821357352,14.349450375008187,12.776071462320976,12.12199841350098,11.070026888298887,11.945909236939936,10.701929763457862,11.223229969777014,13.47068456451236,11.995510034385306,12.438220657931243,13.278016868811605,12.501644547174484,12.546519364254179,12.874810267922363,11.956128184289586,12.112631350556528,12.599907312588465,11.832317829054258,11.782823689634961,12.273081773446664,12.40219363425694,13.768285482785497,13.536492135507142,12.390880107242026,12.83699545747614,11.151281606614978,12.21089674945991,14.063790466948902,10.693535675455486,12.026883073487882,12.180400750819098,13.00284060440828,12.00412102039987,12.101165438398077,11.245826185230927,12.907053850603443,13.564423553464202,12.258477619665289,11.94254738935071,12.33737432199711,14.232599035992894,11.669223203275225,12.13996411104502,10.88549641854737,11.495835263336758,13.01383367378892,12.257286797290163,9.398674512064181,11.386282916864893,12.317999118572384,10.084272152322827,11.52282536337314,13.465022069768601,11.291079908681779,11.49888764647648,13.832965965844089,11.724194436767117,11.742208158185287,11.774564868649103,11.56891879359798,13.300250354290721,11.470995374953214,12.98935489088807,13.565310703464403,12.499459474585501,12.077269904513816,11.819879556446752,11.300954256382829,12.350594460526748,13.079978604744813
12.51570041254668,12.454107828517886,12.62709990113896,10.84749187997522,12.873779057296293,10.716855601069932,12.702903194594855,12.743697070361826,10.293974239766003,11.415956010772327,13.05404393910529,11.65602618234597,12.671908817080512,10.887897231351753,11.40743996022434,11.57955628674386,13.76950132437099,12.019814978223621,11.956536108694644,13.239400485530789,10.385913921123857,14.230492328293105,11.484491224647977,10.554541193797139,14.60474831707154,13.171668315322881,11.527864027860604,14.22962523859257,12.87062726143878,11.845581720078213,11.14759858018144,13.044423653997898,11.639543006943725,13.243898328603553,10.987669114955052,10.356168232041275,11.645464429219633,11.035808841257326,11.929434491034808,11.197050191785896,11.985324030164506,12.280427376820617,10.288392100124891,12.774664014889607,12.65959112534169,12.627336590402487,12.335449780345858,15.346105605185558,13.73697996337829,13.235274654572688,12.471656012011229,12.116123117790371,12.28702464128234,12.764514586313007,12.0346004620377,14.174383873633726,13.57511688570922,11.193979995416399,12.444633060084401,13.7712215000442,11.720059122523608,10.94029084796386,12.00325375006167,12.834421363474997,8.905267502184547,12.628690414353935,12.830724393927252,10.36093422731829,12.139067506237124,12.510424495468728,12.590328257051628,14.032392606182857,10.868207254179682,10.983475280425896,14.432718505598618,12.522978890922584,12.8231369616929,11.198476355805198,12.602232147193368,12.640923824474864,10.717909714227023,12.10701860638947,12.750391940688868,11.692955491125078,14.045702358002321,14.24731490061344,11.00941722643507,13.14903081238451,13.114263066997767,12.426216726091184,12.587560157291103,12.816228786223936,12.025706477937415,11.224316505885943,13.710187504461286,11.48370006946809,13.38963241924506,13.505734840455762,13.717032035793283,14.447697472848919,11.838119073785897,11.550806432161226,11.444180031548603,13.163711315134078,12.081708637146567,10.913136339387782,14.42903049333915,13.076004850437464,10.317747697448363,14.196139980737412,11.301243303727736,13.331019350522997,11.631447296542227,13.120124349041653,13.212059596986142,11.593179886336072,12.34313382090403,10.917322105165269,13.657280748824974,12.98302304665503,10.828949058677887,13.0034042254813,11.6394186079714,13.478565060674875,11.95910249294701,11.046146737083907,12.463201615389051,13.427565222719474,10.90026942642088,12.397866608648705,14.242545071440162,12.831817431791592,12.210871596659034,11.114646203572958,11.96803136705421,10.65340119464417,11.214946063958335,13.655358250902713,11.895287285189644,12.635600193292216,13.169346225232925,12.666923039978037,12.59513843381688,12.829460538294395,11.890481521535575,12.21025642993521,12.566696718700827,11.862300690685647,11.813553257253693,12.231136112153937,12.434615674827755,13.782793254135449,13.417980008907238,12.408135383656337,12.603229323503992,11.023936094360865,12.144676125427347,14.086754659242107,10.815548482155315,12.117223120161874,12.23776052698021,13.028322873489534,12.013628384195037,12.023633312769011,11.25171772088299,12.732473195654157,13.643694315412489,12.32593052872344,11.870894549536125,12.370145224176827,14.26107842268662,11.592927769874837,12.199496199186543,10.900377051420435,11.50353026184222,12.998131243529526,12.424077330686107,9.277665886336282,11.509850867531888,12.362700824931524,10.099991423337206,11.520548757768909,13.52728296505089,11.349164402736644,11.476698907122314,13.765378494225239,11.901631406505688,11.762284719331218,11.866582446732265,11.573930286500952,13.214329044513066,11.557098131452173,12.914287756735167,13.354427747865076,12.603066743629055,12.1062774863409,11.807265724993314,11.279623211913954,12.28304557046334,12.988577126085609
12.46344620385119,12.457320964582234,12.632504712351839,10.770991179556356,12.77998977833613,10.73157988679636,12.733145453951893,12.914974907293661,10.38053049278515,11.569283206246872,13.072567776410247,11.686382872493484,12.668832979177964,10.80580739213005,11.479490010200337,11.697856363288336,13.81558850459804,12.036202074591722,11.93720664921864,13.336096321895825,10.342273912613269,14.124351494104454,11.466933704284644,10.500102897738035,14.68356114121639,13.23178672942146,11.51154519824356,14.195694508816455,12.908837892367904,11.889979284777112,11.114128137100106,13.148451304492768,11.58617171676346,13.238494470662738,10.957609220981423,10.366369022496958,11.654928900837751,11.038067567261123,11.986515001276874,11.199105716079304,12.056248267648476,12.242539498979326,10.295786824553284,12.776818641576721,12.605275344151979,12.66050023413264,12.273273343986805,15.48068447156346,13.705051956151108,13.225024364406679,12.518526879765561,12.164830180493347,12.356537490072618,12.833465682338597,12.159346473635603,14.105491766401768,13.378479661042515,11.260455697974976,12.443128166054294,13.858919747579867,11.660764654551363,11.013541409564054,12.010715403922859,12.79213245527346,8.947034135441472,12.630689269550583,12.65948836462598,10.284128443143983,12.223386203979127,12.686833443923405,12.574738033466307,14.142124867401987,10.95321000486981,11.089157415098857,14.500036260074289,12.563340712042384,12.83296886791454,11.366897222645655,12.471449382390976,12.671536770643957,10.745927531388553,12.016371839223556,12.664536380354903,11.671438300195875,14.2153944821052,14.30044665057613,11.129207798395626,13.079435276253797,13.06635922501215,12.414276832670446,12.614514045223583,12.863510972251149,12.106727882651382,11.191287395489317,13.791228453946797,11.333238845950802,13.37230155773313,13.542047153244573,13.70999200740091,14.537761513629539,11.887903306889768,11.538793937203673,11.374605741273177,13.140805689406,12.07445913399304,10.86532307110897,14.488560678679564,12.991893825201823,10.225906048772348,14.127687117332975,11.321781568920281,13.360797394906426,11.647802874559305,12.990108998756432,13.131130261364554,11.700854351485983,12.396302365330053,10.93654438612788,13.621008866527434,13.134772382831104,10.791271554630216,12.990305373650383,11.796099983192285,13.515402091751069,12.002120636698704,11.123347474843497,12.495504555636542,13.46611297082815,10.775439287209494,12.396705867455426,14.357866424581562,12.892991122891551,12.234460612453315,11.136529885753033,12.112174327620988,10.63274729969287,11.320758825942246,13.582556656467542,12.049112985180205,12.617998759645596,13.169685746357557,12.721318699430187,12.619210179965373,12.844103682086203,11.886936176023044,12.0843712936403,12.691480109006326,11.9127201389686,11.793304025483106,12.34618727648177,12.408676052851687,13.773663743277368,13.407740027138342,12.480441089762035,12.605173919923464,11.007461247599887,12.11169561122564,14.080503810121643,10.806913168482088,12.088991384780957,12.278437904557924,13.003753278824833,12.158124462443514,12.057661281526638,11.274541334876556,12.727526329696195,13.72910092604489,12.235697160598782,11.866820092752596,12.3868143414515,14.203563716880156,11.510186174896534,12.096312083123806,10.803302089890883,11.55037558367196,13.07350666429314,12.430628348927746,9.26384042895794,11.466841560824173,12.392622074993808,10.078686943505538,11.606794057654724,13.483436672825142,11.393383468484256,11.634822527080269,13.861867249607615,11.963091503774233,11.75311791330939,11.883062740541238,11.529124313158169,13.208205897726565,11.631915518500891,12.893197525631004,13.307014555735307,12.627945151856329,11.915329360859163,11.816263080555636,11.365078034089418,12.325871775535694,12.875294524998926
12.477361774260206,12.388363150791868,12.749011259537552,10.86747672421615,12.843014483941083,10.73624962993398,12.71678244645376,12.865253352035124,10.338555702479983,11.656403812174474,13.121665138430577,11.743313444802574,12.66012161309731,10.864562666761625,11.51953555313584,11.660146062732291,13.849879745176093,12.033519249081381,11.855041791798232,13.320467363772986,10.427262410481392,14.079854974864705,11.435160639675482,10.549719090707208,14.784428304888502,13.257696297043399,11.463870276667173,14.154586061059634,13.038352884747548,12.008901442025245,10.953705312896913,13.120486422031563,11.6051873065507,13.11358579322544,11.08084342109269,10.355515249719476,11.747485654780732,11.190018660162696,11.96648175549868,11.145776362901632,12.219260017529054,12.284306833934803,10.294706960634008,12.746679883612074,12.769742627465336,12.707110196545903,12.339163080771767,15.496833989806522,13.661454162228935,13.2302819818644,12.520900324441072,12.260518998549479,12.246633991824053,12.875819534553385,12.064388046161268,14.099198668540803,13.384892953623911,11.219867620001025,12.489597184200019,13.95394201047615,11.67585505315835,10.932089645543941,12.018464507811682,12.781948808693226,9.067773317904841,12.615530621411446,12.801637882570915,10.410702506501758,12.140115534877534,12.673603724104138,12.534074007878605,14.14156336050599,10.989705011921119,10.946944049682342,14.49860119866528,12.545428624219824,12.85982659986239,11.33258488927372,12.287704249158024,12.67213112472799,10.760389298004348,11.99630557265852,12.779997570685456,11.647603224628599,14.247718448178608,14.131272664592936,11.145636457478744,13.030523361482192,13.15535777376229,12.494812205335624,12.69992032535178,12.872645393612498,12.21289466727688,11.249815384425762,13.796599283804223,11.370896642896033,13.327952559589507,13.498947745654458,13.804221956505252,14.482132438512512,11.869838621085448,11.708283802739592,11.337633567502339,13.29396784242779,12.042642605150272,10.894238642196745,14.441908813894996,12.970855883803011,10.173235325986298,14.04715822288857,11.310880961910405,13.455350608153996,11.756617301961933,13.176924221344255,13.050434922156713,11.812473729867328,12.435298581257392,10.769106798372228,13.695954232149258,13.08895893563202,10.792360589190597,12.899420841482941,11.845665177219269,13.431272060808334,11.9984116118023,11.21617074513419,12.388558704811055,13.494670984342305,10.901654693844085,12.405755350197648,14.44197024059394,12.817770924271269,12.018977923555369,11.011833718820764,12.135758979990438,10.650821944884893,11.330121727405372,13.60979087680163,12.096573878445689,12.769912040052,13.238746775979433,12.680967076398364,12.601340432039406,12.904329993654777,11.916018963267184,12.104541514597768,12.66517666913253,11.875422027908574,11.766260285388205,12.205280177650328,12.365090067834439,13.83106836257433,13.330825680580753,12.570695934367237,12.633964489320805,11.004623110791778,12.245125443105284,14.057747986849407,10.85941615993453,12.120080890010456,12.394737416159824,12.9806836353555,12.25135191471442,12.092782183179189,11.178551533241782,12.691572726879457,13.906795966738795,12.217101367232349,11.971295924046895,12.511051109096373,14.14612660285284,11.429599685455942,12.074744679578496,10.887682782832602,11.56864244881175,13.11870790709063,12.34393208127815,9.37796197938837,11.50474043801864,12.462351571738925,10.15760077125445,11.73721743330276,13.582885972881442,11.48472985087983,11.536593703861053,13.834916899478433,11.94379733199048,11.75693164673951,11.897219522341954,11.538398973122582,13.216938764658156,11.64658538476166,12.898447911580794,13.461190681466027,12.5936241996537,11.867786817824438,11.840146348719925,11.531905377188702,12.282524320285031,12.86803077808901
12.325249623180321,12.31484530111159,12.666948792611361,10.779979690498413,12.859797262756384,10.755482875463565,12.73099085157307,12.736966617348596,10.225596716347411,11.732398410063896,13.084961185954784,11.843657048220434,12.601324586744674,10.98627878458562,11.748120738385344,11.723651956115607,13.915921394462577,12.108151459884155,11.921797081699868,13.283782403489736,10.457518620616188,14.168206551633055,11.4115618592665,10.607747481018876,14.810364138105875,13.338693583962653,11.47375618202287,14.285970131670766,13.067636936357403,12.038935948689085,10.995940738115518,13.167697495976956,11.705461559197058,13.07507024716918,11.000235954504058,10.266055447739484,11.782986103131446,11.155011830241586,11.93558181946317,11.199638366743033,12.045449572060837,12.253502635495536,10.203145473071979,12.865127010578076,12.748145480362552,12.635106470474303,12.284196648758721,15.414040715498052,13.756479419937731,13.231724040862222,12.494495553328703,12.249278573334827,12.280428692314443,12.879711327379953,12.019692136198035,14.13652601872677,13.44968223803246,11.227098775227809,12.50263643482867,14.000445683863765,11.617579502516369,10.993623879357028,11.978613472383314,12.80527813779897,9.022789044079506,12.722087362666956,12.839417882742826,10.37157341589547,12.199103487156282,12.72387524694875,12.575108078678134,14.127496072679666,10.93762417425603,11.038511641077543,14.540723563906202,12.488387216440971,12.894653499363518,11.451682073944191,12.220660760387602,12.730984485074337,10.710763812802552,11.980924155777544,12.882217589391479,11.742428017281028,14.249634710781914,14.28356762516556,11.148057136563908,13.139535508511784,13.310501600322937,12.556678722204135,12.593408565259043,12.855953270307582,12.191710748287443,11.245544147951628,13.923214938580323,11.416627595388466,13.337657739187796,13.443332419714613,13.853450061712401,14.58028430851917,11.799133721313734,11.568183107884181,11.406266349133514,13.373412750384608,12.024973102786538,10.798781651046559,14.380632584055487,13.014746787871054,10.140742400326449,13.987904490413152,11.217576731399024,13.450281999027936,11.891905657061079,13.292759686303873,13.0591371610833,11.870191548182687,12.474346127710193,10.767572403357619,13.658562187518406,13.094598829593712,10.842764342379068,13.052741550405882,11.804614312943635,13.517102853070998,12.068771053786127,11.23248105524186,12.29872721928382,13.50498695548628,11.00398318962416,12.357644176068915,14.369056823071174,12.910492405666046,12.0456357983586,11.106802050154691,12.193624769061172,10.666381396524457,11.536243432524136,13.657605248760987,12.081241802437374,12.788930545019504,13.217311690518292,12.641050323364102,12.656671511093935,12.824623854439801,11.904289464846247,12.060388977809705,12.671748338202061,12.00930655883869,11.804469967500083,12.273083583127159,12.324187651135253,13.902187264163839,13.268765960538008,12.679860403634184,12.680534811269464,11.051532236583064,12.344047657856144,14.086862319170125,10.9018259429164,12.145278585567572,12.4220320412693,12.97708776161488,12.373643135811333,12.017350250959023,11.073273486366961,12.597395228523709,13.812007387480794,12.157798734112303,11.936663290943073,12.465120965993242,14.153285483997635,11.473847923060418,12.156093484173612,10.738787962254902,11.666587597944252,13.106782621891496,12.349485371494453,9.416918244165107,11.594598407335848,12.582115096616617,10.036589228679857,11.670949859726825,13.564051146080553,11.624438402187103,11.454065150484233,13.822452199083347,11.986878351900076,11.73099177774484,11.783205319613387,11.72965587743467,13.29711542999284,11.600685492733438,12.876742021939386,13.452706503817518,12.720247427587168,11.653730700367223,11.865606242677062,11.467443840969482,12.45101483486163,12.695622242960603
12.331894715170222,12.326035346361033,12.661489900510299,10.73656134369817,12.918442445083873,10.916903184837286,12.72433003324418,12.745933484015719,10.145208671878693,11.648961694746532,13.085345172388543,11.858825931560915,12.656770613399752,11.143758389742333,11.704058255404984,11.826681186600709,13.987668286835492,12.097349274026115,11.872465674787463,13.206232846284056,10.433428795716887,14.249599639289382,11.447708025176436,10.664838153695346,14.907152036086885,13.468072269397178,11.553046971125974,14.256364831371528,13.117144315853317,12.083313190208626,11.008571658556539,12.915301237345634,11.668797020312452,13.183524909608309,11.05301266736423,10.386086634184782,11.703985430197129,11.080444544198155,11.983792558650585,11.258375699687843,12.122175706107193,12.183020792663948,10.120752694530468,12.820299390138066,12.864125387736504,12.765488206485527,12.286804221403473,15.48081619284896,13.666640445646513,13.400586108541084,12.511306282125863,12.260354336409552,12.226434447579805,12.73100711552797,12.00244124937845,14.24297583559386,13.473899742148722,11.34783997373781,12.519362942266408,13.808926558900506,11.58563634175464,11.037064126205912,11.879274527734024,12.802354952706956,9.016317094583105,12.710020707940823,12.895800352341098,10.41219997288953,12.11995582540307,12.74876227766574,12.676015663862787,14.335903321489655,10.952228066140675,10.971459559302808,14.56203862829798,12.373383250756659,12.772102610638926,11.568661569190867,12.188604480077842,12.794319862719158,10.580032483291104,12.056417601636431,12.730798626272643,11.674586607507564,14.154135635597406,14.207730732134888,11.225040116402935,13.15842008183916,13.243206615447578,12.512183086300436,12.528545285826896,12.762073071904384,12.299346825588684,11.188521511589249,13.900445418973517,11.435599244210383,13.485311787243791,13.332010032571915,13.734701425582388,14.54693177854167,11.837533561272075,11.59155043998713,11.336432762790828,13.39186155395773,12.081273427357965,10.809410597242115,14.276149533537156,13.042258954899747,10.190301209436127,14.086574862148009,11.147007383468146,13.473796293742588,11.932253646139433,13.351425242881078,13.119601949241696,11.98150742461052,12.47173933493179,10.925722783450993,13.786631251621422,12.959372433808152,10.857470365063481,12.920024221295378,11.79235297872389,13.674075014783803,11.95701361329879,11.178537136111617,12.378754263843991,13.462866646670621,11.010128489725385,12.364437831466716,14.387337408759116,12.93109229311574,12.072673302378622,11.18712119193821,12.267562137868333,10.453102234246552,11.471543628072698,13.722700047976014,12.06904854863244,12.821682092398948,13.233088682141654,12.686856461561172,12.70104491268159,12.897714379183803,11.811899758917344,12.095759759854007,12.753871152900603,12.169797333752392,11.773103509690095,12.217718265334959,12.446069058016457,13.851092898047845,13.444295762487807,12.678600947736026,12.725573415661708,11.25816478561839,12.287938071311087,14.166786766980179,10.824539631725758,12.038679257247349,12.330064530720476,13.053938772038657,12.452662742213834,11.922524594734435,11.104744705303009,12.541014930322477,13.941889966830756,12.04153747263257,11.913794621096876,12.531346083969488,14.187286814335527,11.674698390362975,12.142458141609836,10.762107905308275,11.624009779812093,13.127605241115209,12.392038349794008,9.473167735114734,11.639766785299393,12.59872364659771,10.040868040286485,11.643046502105236,13.540851734996155,11.623692188647922,11.361163541418717,13.76224911006581,12.066289477276005,11.808831506022079,11.693749395534708,11.726872987992413,13.39223495354541,11.54380751316323,12.861398025696186,13.35276298241319,12.658648758927757,11.72489323042183,11.699236603653857,11.39652380388946,12.354581988368123,12.820645452482427
12.427858137517466,12.47606791978348,12.70866425781331,10.7053566419645,13.01242500036372,11.017048553475947,12.65888367140369,12.816577313507262,10.273554567970695,11.670416883920012,13.06821816550787,11.948553899867285,12.568646894810108,11.222998275064416,11.721472579953096,11.866168999576724,13.939598507458772,12.081715759363082,11.86375215048849,13.18470759625431,10.465758601001578,14.369069149073558,11.362628257772952,10.646940411456258,14.956155398000462,13.584314736731304,11.561519741791974,14.317329083126893,13.208076711882178,12.112525996293396,10.99569770867314,12.915872285954435,11.778435198867617,13.08944238870565,11.10236663172155,10.454675205185337,11.774090399602107,11.109380381393944,12.024131170506584,11.385667310236101,12.040495016279106,12.253578929686034,10.022567608712583,12.99789457044443,12.89386530425169,12.753436732382967,12.36402070897485,15.504610576012109,13.755250448068749,13.4726828175474,12.535152421241591,12.279983636653103,12.308737222738547,12.753229279466396,11.996995568924191,14.330790664265214,13.522958609389955,11.337476455687186,12.547991385060559,13.762845635584911,11.500975037851362,11.00896418569318,12.034810480094992,12.773158579700796,9.13543274186354,12.784111203212447,12.85569136506093,10.445143567918533,12.287114164397712,12.688174732017476,12.787724015402759,14.271496281533723,11.022717001700766,10.992391196397556,14.500810090538925,12.501605744308804,12.786167137212574,11.583969692857577,12.155781890816872,12.79968542637323,10.46250167649011,12.094280670497795,12.790115948251492,11.606138127247352,14.138686467395253,14.16878809675514,11.146177421245664,13.166881672994819,13.404160145573215,12.510408455916147,12.417221375825171,12.760590537258457,12.27295130715214,11.301147492411726,13.913992734881822,11.500005895422923,13.50809310594244,13.33209089097655,13.874735431201763,14.567509717502023,11.810095388746518,11.590078305251449,11.304249227593212,13.514210908319045,12.005197254149927,10.89332223289706,14.31110548680671,13.243497963067671,10.209831648401538,14.11303387175633,11.056131298015503,13.347671415599498,12.091058992687369,13.428250518434512,13.125352934938645,11.910354265757325,12.530210272504185,11.035346531376657,13.863608911604137,12.985827472831499,10.81457409900454,12.917588584934503,11.7177193209553,13.745913382231299,11.962973400686788,11.122369332338163,12.311119436432056,13.57788406243928,10.953938631825299,12.414159834852981,14.537423605922989,12.984303978309208,12.229028633484953,11.215721035376587,12.342007170234998,10.434426698324339,11.412897692052137,13.771075963665034,12.119141692888071,12.822116826247296,13.220051151789459,12.680528993700646,12.735036303197564,12.892195499678525,11.710727898433506,12.143918753377603,12.727554673873476,12.147781294510505,11.848368497930831,12.291946138354044,12.545779181935131,13.978255021961111,13.324341959729237,12.743442213267036,12.61918771100394,11.284100796837516,12.4043889183693,14.073386649556706,10.759918353573331,12.00920225933428,12.499788007144364,13.092690466436974,12.363283461041783,11.96697200740647,10.941756135038206,12.426181133897238,13.930021805391373,12.091032113424442,12.046020094440586,12.652169409484335,14.24957952338279,11.504433703292202,12.11427074188205,10.716471441778642,11.649626591016375,13.174839237144408,12.272359169257477,9.521573062713504,11.715021413105514,12.608431534117216,10.001859070648857,11.662398580852738,13.683165905453867,11.663610138769794,11.309919852679952,13.81698553922807,12.017921447590743,11.823423428964068,11.813998287389763,11.714977785412616,13.361262654037537,11.488370407448201,13.025615490255348,13.386098713418356,12.681898885785648,11.643827984932264,11.593402682501356,11.200340675224842,12.314791188918376,12.727122186081502
12.317789385495137,12.480293776261107,12.626713635777666,10.721422806077872,13.17658783660986,11.094500658510459,12.79856721180454,12.775594852596488,10.349612082299704,11.742338879361235,13.15678908422701,11.965933750456644,12.54693038749674,11.156851516596028,11.79493669392558,11.893421084839819,13.869662839820881,12.060069552990043,11.877974920693495,13.186533675607597,10.518109975639323,14.361658187412802,11.375756121998679,10.635235900874537,14.948469301949162,13.685112526474095,11.481271560677277,14.476923127905183,13.30184984568983,12.09817292153392,11.034612580310881,13.120673259567694,11.80472550357481,13.003862788283225,11.066878987888401,10.482653149691089,11.905011843512282,11.218246451852046,11.997662297466837,11.547664521186535,11.8250602582172,12.23934518179647,10.022167951464336,13.031061994260774,12.869061080606524,12.671225811171956,12.345443950635644,15.497463616486124,13.737317972691763,13.47178409430185,12.590561565872935,12.336665284775613,12.164666066912273,12.776820040813874,11.893253884364203,14.375663695111031,13.423542101155789,11.17465395398507,12.68933054578967,13.678757808245823,11.484652588698046,11.056717189211852,12.07817434885676,12.732614814783963,9.241773282309335,12.705445828155838,12.735005670105275,10.379682497702074,12.348682477564068,12.616906704812164,12.777548785953822,14.294425555823645,10.95494599313093,10.94160375740468,14.407650358193647,12.553438884948468,12.940183026928375,11.52142906060271,12.44206175781713,12.809426398807346,10.367194963943174,12.089816155935285,12.88059246339218,11.648566107213082,14.172252085965972,14.184372231782074,11.03741906244079,13.15281996276012,13.396175706381486,12.636695942564131,12.489214817715673,12.554030876211074,12.351784154406886,11.264916965223815,13.903873126513535,11.479316263376893,13.491527203027877,13.289374115293072,13.932549640836951,14.502647976745363,11.723389163634675,11.538639003934053,11.361265809405474,13.554847347020967,12.101019492987476,10.941441739356604,14.305974383673101,13.2692117002704,10.156654903075005,14.10184914796402,11.051344664555529,13.350387266193785,12.081535541332565,13.31092846283627,13.168937070728267,11.875797054792113,12.54828022718753,11.164561801268063,13.997556015604435,13.006207291811615,10.893737611658748,12.958369008103169,11.767137551985252,13.741056856668763,11.995081515551446,11.19127459606739,12.41401428844928,13.465028951364804,10.956723544890878,12.411228339218557,14.437248118895475,12.98758317991997,12.182232878089293,11.207578686196163,12.460216520103193,10.532703074881342,11.448417253489453,13.850576141984334,12.207768022439382,12.810298932472524,13.239071946365137,12.739192532277276,12.721325706551305,12.868175391989688,11.690797443468167,12.248680187399007,12.844369937545078,11.957598760151336,11.98464417886704,12.35469116835531,12.691540092766148,14.089549223010794,13.275032237750757,12.80182035578601,12.533103473630545,11.145658826615856,12.383507106355495,14.109835284645602,10.761708558074053,12.05014456580385,12.685427244825108,13.169123277065403,12.420776858453257,11.919601343698645,11.054406413520548,12.396326558445246,14.072111670515604,11.993369878241891,11.967883484886652,12.688133190704436,14.240519116580446,11.476708487633331,12.104713593327547,10.751592011675552,11.593936402364788,13.112395579221639,12.340691703599179,9.466882772439305,11.628624523453823,12.429580274651709,9.903158560425789,11.822152907724242,13.78228010895554,11.624172831031085,11.133463145803669,13.860232351204107,11.918553351057245,11.705547205760357,11.794737225088632,11.614353184799434,13.337406590618807,11.446546429264973,12.974490388839225,13.459573098917586,12.805840733599439,11.59937907671689,11.60395900239154,11.145137034733432,12.353352866359044,12.783495742452999
12.422648940252877,12.476560248646368,12.59533778738739,10.713713629819635,13.0921518125634,11.001230272311703,12.70771533418351,12.807560550161773,10.392082424019376,11.932358701679775,13.23249851067918,11.886533613058258,12.561223722252286,11.11104124934925,11.881219964861977,11.942695646687103,13.727984060165456,12.005204142396305,11.824536451578155,13.253401891711366,10.567397263822086,14.34553898216255,11.359812365684048,10.822287646910631,14.878263222827975,13.683113841168138,11.436670681915881,14.467629865738678,13.437753826905253,12.107212595908129,11.057087610671177,13.110468520457303,11.700469206139253,13.149417399223847,11.06074227090944,10.372778590623616,11.799748199117928,11.143105922688548,12.007018509615872,11.439266463031846,11.843645229452386,12.161019681496937,10.102364863919924,12.929361838980187,12.836862145021957,12.537756227206533,12.5014047941795,15.486524411523577,13.881865953984233,13.415850028271464,12.54118961506225,12.180698555209426,12.092882580156651,12.860413929772129,11.891113986151058,14.447964514391696,13.406965519111367,11.166184359647815,12.752783608255651,13.616511836916388,11.404871719212819,11.056631770319278,12.158112915780205,12.839596275192662,9.283041031237971,12.682610139540781,12.671219929722229,10.391205280250658,12.436929098136451,12.711837115863785,12.806541633096085,14.217189731901119,10.902333327901555,10.952708737421268,14.550757433138886,12.713909615686005,12.905726338720491,11.488940814749501,12.374725500722047,12.681021444508412,10.284473940192438,12.080201720088844,12.919207942386224,11.56216246172696,14.017538462175404,14.341403321948718,11.141649030610655,13.17303989896522,13.458610695328428,12.703907715976065,12.449395638005882,12.450154919322323,12.380619065677925,11.125476219213432,13.916953531263054,11.51381272792107,13.506431553177775,13.242589704242986,13.863485586418374,14.459482501142222,11.820741921847299,11.447368397163226,11.425002666826135,13.622890820657998,12.131157897455495,10.964478305320036,14.297855128926868,13.313174122845636,10.219398828004683,14.136346906689106,11.101244565786196,13.512408233319414,12.136988125414149,13.430554727269708,13.052406138217508,11.905123270007474,12.54264063174882,11.239133651550619,13.880447647452561,13.140551531522364,10.92759313126299,13.050106660085063,11.707216526724233,13.742519573865241,12.047068550017622,10.95760416113441,12.523466187905328,13.441778958018912,10.88620959235701,12.30659555340008,14.361689158190112,13.101802790635608,12.154750005917101,11.310231119378606,12.464732510905293,10.45797618377475,11.40705628746891,13.784016698438888,12.223558459911128,12.703667056353,13.303285604058129,12.723976259232533,12.624646273777936,12.803973495485483,11.595853359462613,12.269137028040582,12.835883883028865,11.915293349345546,12.036237947898647,12.421240956074268,12.891640788873865,14.233300546551003,13.297822189052763,12.865678544468565,12.632638939734033,11.070185402941902,12.443333713464071,14.11648225903761,10.578820953045543,12.172572949173748,12.896775631188639,13.044948398158596,12.4106915174163,11.957992280109885,11.092778465243581,12.499032652983042,14.02440383725731,11.90197585403796,11.881416348949612,12.589015354348874,14.195665735606465,11.523696846701124,12.17721516987672,10.761024100314708,11.686592192428979,13.149466662181021,12.534601319105901,9.440559335714287,11.762365810431405,12.380527186493758,9.91493970619609,11.959909469870277,13.853037028991565,11.722301967293323,11.159862649676775,13.90019755581372,11.898705359288458,11.66824833380148,11.77968245827942,11.535575958967557,13.43080624879108,11.6236193099283,13.05942720583445,13.431595887015087,12.714414401696663,11.663515635747899,11.481362612993854,11.118233411496295,12.30280232023374,12.599892779492338
12.375442440894641,12.412496947431324,12.600053683845575,10.7451402093569,13.117159088493867,11.09755700061163,12.768572600142994,12.78493707653986,10.276890102996136,11.935911101965383,13.25389264356136,11.890753786774374,12.505623265449271,11.252409994728687,11.992553192122418,11.922767663759275,13.519268025389968,12.03733007086427,11.911317494222766,13.32115997519487,10.59770021452392,14.489634889344742,11.492851337412572,10.85879561624324,14.947651294072665,13.625521706769735,11.586132278402536,14.559032195755977,13.484715070514905,12.056551937212642,10.872960889579835,13.036024518766247,11.679842912796754,13.242904506974453,11.04609239020656,10.332181089735561,11.774952510292696,11.140371562706036,12.03662749509592,11.43727019822786,11.855390660122737,12.186561641796349,10.138926918244579,12.991859685674546,12.888112039993414,12.537527105093602,12.51049715713056,15.502028450539294,13.868789263638154,13.414414111477749,12.507005971004736,12.139804661928233,12.088012603889702,12.789027271491165,11.961249073020614,14.519669757542246,13.366455806618074,11.15441765928745,12.726893883615386,13.65359997488038,11.24394115060523,11.108563726187818,12.280010237356148,12.843813993285929,9.394202052742408,12.679904975797525,12.778755960850901,10.494699535189852,12.457273961239306,12.808952583269072,12.710257448374191,14.336714398891601,10.937691159066532,10.8103555352139,14.517311715233529,12.624477855521022,12.957970767303202,11.449401109460329,12.249721950337987,12.732336109147067,10.245189392508232,12.09146063514959,12.810376680810053,11.41250060215792,13.910213010785581,14.25533378015476,11.06419421142482,13.144311537576405,13.502737378222855,12.719580830754563,12.474795988197657,12.37827901407463,12.244223697314101,11.17299587671616,13.84488985604863,11.49665385555579,13.536128393084557,13.333844990619685,13.890908031919224,14.525736471940068,11.916712268279865,11.582376961260671,11.45170093299754,13.68395574363166,12.168817390546032,11.075421072110366,14.105892193067884,13.403306849266574,10.387440562997599,14.104347639364839,11.159991104988368,13.493940287244216,12.120787624126491,13.471250351962686,13.130857980398458,11.911892236991974,12.558187750290077,11.292722276311775,13.992187394916721,12.95362772196907,10.876708598447065,12.954428179090195,11.826090151356457,13.771995606879589,12.081888633083484,11.011494018226538,12.546199204729206,13.46415291312003,10.737685153224682,12.18963646646361,14.39144351065128,13.223572041502443,12.248708895548091,11.418600428002666,12.554006295604845,10.41743683542628,11.398589420685605,13.851892713095555,12.298979760578472,12.623537167378892,13.363264645865954,12.608341404891616,12.701681147337732,12.760317966156235,11.498075293126156,12.181300212303205,12.87525049502,11.89166556963387,11.85483997702381,12.587820471692465,12.839709411637779,14.134032576547657,13.289600400205758,12.839778644291261,12.643761622960259,11.168382081993514,12.367050154753635,14.162042800224894,10.624704467665863,12.21691184829095,12.938602267714241,13.029517536157625,12.329155093127804,12.072453367310679,10.907218946644186,12.572632227912628,13.941979243237473,11.965769235678442,11.903979586392897,12.724699483496279,14.230326286539581,11.507466783625556,12.198472852104597,10.79070553784477,11.691096470189873,13.057822647298499,12.601153559432355,9.419397544190169,11.82036471192718,12.438936372058238,9.833311314665751,11.972973016278072,13.775688168442331,11.72884863935718,11.106621014691335,13.843746077027424,11.856849109011693,11.67121685978647,11.917251100200701,11.51127312653545,13.450050947220745,11.682835355687676,13.14505845677644,13.393005886117058,12.821392087077394,11.883059863361717,11.619716792692198,11.149396507479107,12.164092926919327,12.70188967403611
12.381343358888566,12.336349751941261,12.562404291067034,10.805620736665196,13.13282632439427,11.147646493501108,12.787098982468805,12.813594098650379,10.229380197891384,11.859339795857922,13.221330498137377,12.069086485217575,12.631788563303829,11.244556721769138,12.04679244451283,12.002633155529512,13.697044787614592,12.146106849514362,12.044362030300645,13.271881998533285,10.445430753786072,14.553076801269494,11.606779995932188,10.960481022610164,14.973708786318927,13.470342223604211,11.547404610560552,14.595456246013434,13.543548672641178,12.052003656595474,10.876652665732802,12.955258574316263,11.573089751169018,13.171561944828111,10.99410349875288,10.308580226368056,11.764227346382025,11.114174102162533,12.159774251299552,11.385449099805347,11.92336179151562,12.351321602152028,10.069026272686326,12.983053083175868,12.781359395121179,12.609418364715536,12.443309164548344,15.577340960390403,13.888206634105641,13.450406163144226,12.528908028128866,12.146303352296002,12.106994322137751,13.00151127289068,12.076685388249967,14.63061503204403,13.40510528162654,11.160858576437514,12.880943062949017,13.701770261898103,11.167261543844196,11.004458142590254,12.221555648634386,12.942088917278092,9.477893998672489,12.724103242450912,12.87226582524973,10.538484368566337,12.426768072568361,12.96321350838483,12.681875895092915,14.378591274279408,10.815915948826335,10.831521219502587,14.49799034278199,12.688254263326709,12.889749957361252,11.620965897871972,12.400240912966627,12.795318655440681,10.343658684395088,12.181830740120168,12.724584319278044,11.44628187058395,14.038699623299847,14.228486589380342,11.059993684400501,13.111389060459782,13.562058055038534,12.835683373131687,12.3917344692223,12.335958269886781,12.257886583518737,11.144367383377674,13.79735851287226,11.484908714785801,13.606429345736073,13.224328420140218,13.870789828215203,14.432191813722557,11.871265511026952,11.52039996146163,11.462341771056717,13.755924787676825,11.960581685674297,11.107095914694183,14.140250850645744,13.498749066581265,10.420752386502752,14.10281860980653,11.26728666206903,13.538450518043735,12.0788791193884,13.532694130250738,13.146337671873114,11.745995059783835,12.57011305974242,11.261238727292428,14.07052918305722,12.942506182813636,11.072683109513168,12.944408429530688,11.64405734738665,13.67796223814185,12.055840953184976,11.080517978221362,12.5334710733129,13.371621750745577,10.711404708901927,12.345680378792583,14.46099085322072,13.21276128051046,12.236963216094376,11.506589369970312,12.396839407085608,10.351950334405913,11.342188884278865,13.856117885682723,12.283518768271938,12.63325288106614,13.363373090612004,12.660257220424706,12.64856974274775,12.928542319708134,11.505858920194568,12.234388370176905,12.801485218438293,11.87560097619168,11.937956102101937,12.483024618631877,12.882874768376984,14.072921280746522,13.212007268626229,12.817238132999053,12.640982071926011,11.137670172204599,12.402790821487878,14.148664459163543,10.50493927784702,12.26260594455107,12.988794624051634,13.155597709822647,12.361915632282548,12.208985187213214,10.971442692752124,12.59456612235381,13.999662163967443,11.935339225886905,11.981211092650197,12.763756266651574,14.141469952650786,11.610949254828675,12.115070378301908,10.831912059497347,11.517672069645101,13.140828278031018,12.491704854863503,9.471686089549129,11.87667126221164,12.354168734187471,9.865861131846167,12.012411070944523,13.865309913243339,11.825707039011306,11.228392074762334,13.939753457340009,11.909513364301528,11.799897979020432,11.93978132630748,11.651269602993414,13.399657678296874,11.688370233516265,13.189868057723972,13.511377435534651,12.895018708584322,11.925858171645165,11.48068155039247,11.247840160732114,12.249821621020905,12.727887990750663
12.169376690026896,12.435274259014802,12.61332147049137,10.871937896891191,13.1912491003225,10.999232312897442,12.896649430587631,12.88652905926519,10.102118521294917,11.89698207083395,13.296162601069845,12.115877310067578,12.576057298306127,11.106888455134575,12.107522905854484,12.00037844243216,13.72997506267221,12.108876455872354,11.959156786130055,13.190483587807828,10.391272397271518,14.538374355935597,11.528901000046602,10.851447306396931,14.940016112867939,13.419865567656412,11.38132186620451,14.587797516810088,13.490475073715963,12.117957540649698,10.824831409627956,12.986645240576964,11.647881475970735,13.157841841443258,11.0724501018399,10.203418471994615,11.827285576633278,11.00696052573188,12.207286323740261,11.411727310071628,11.78581441512569,12.44787010501293,9.985053324856082,12.917465367510214,12.847366565234678,12.727143873680761,12.411144529218628,15.617912700219268,13.939425214392436,13.452429435794041,12.589586473703156,12.17541052943034,12.197139401573985,12.911735280021956,12.074686852617614,14.607574377893213,13.328124208002182,11.060374423456055,12.88142883023242,13.7375588775965,11.035983465155736,11.075075070169223,12.145131029853385,12.998925144969709,9.419827891523967,12.77743105946094,12.913705707230827,10.564159333496246,12.41532869861843,12.886966571099565,12.680924577074656,14.49555971380331,10.765719949269258,10.914693561993097,14.29846121361124,12.692997145967347,12.960920545924518,11.589766107777178,12.45817035572738,12.798721721191004,10.330908127952307,12.198440664002158,12.809941025768383,11.523569515168816,14.1089005810933,14.245987750328108,11.167293831590559,13.156194159363352,13.594456269003446,12.843070816991391,12.505792924189818,12.469575311933065,12.209180282487731,11.123747095988596,13.738432448837758,11.585442196774608,13.625108955008042,13.29462578946758,13.884487538369418,14.30878906203664,11.821530208265635,11.528216249546787,11.542850137600885,13.73348117017425,11.985443787823082,11.285595824908292,14.230825421616332,13.427106877682723,10.247891628899161,14.066104608397296,11.22506518798108,13.57221982557614,12.026754056285766,13.554205492340882,13.174384922618872,11.604855141730763,12.598789251767379,11.298139866547446,14.055239697787801,12.990629687030072,11.11792668754046,12.825455394120238,11.658948523434269,13.570472381737044,12.155324455178906,11.156995961696403,12.663999609351071,13.380514067463682,10.714785463209434,12.431596978880826,14.320800735492902,13.131559553121045,12.207382117232136,11.610640348542525,12.369883134180196,10.437171371725821,11.272973444085054,13.864752404627932,12.255282169894723,12.691229039796486,13.328502748243686,12.75318127787779,12.737976861391198,12.962979895335735,11.508025611798523,12.20471647690867,12.877684589133708,12.035979002410972,12.054227194084236,12.384826800439729,12.88707160960221,14.044489210996828,13.337708660944262,13.073898783815082,12.605255755328693,11.159785505745836,12.509887492136748,14.18329850852513,10.587487182898492,12.339128401877181,13.004970845547325,13.078907489366522,12.374480933891345,12.19429798850526,11.041742006643434,12.767746616046328,14.066113713799233,12.007388581030403,12.013144416397312,12.799279296849784,14.042574541067799,11.602292459332958,12.214387853008636,10.80231415255054,11.544585798703396,13.074436790278385,12.46128957069841,9.491125485737193,11.723799681011958,12.38074179643353,9.818499667841063,12.03944863173991,13.932958735124698,11.794504011130275,11.272684117140994,13.85677437601125,11.794168007170287,11.782612406622142,12.106710776731658,11.800467356879919,13.49637862847611,11.75723430522413,13.205305175557035,13.471042776723506,12.876396815998898,11.88197818058066,11.446282033330712,11.095091715854986,12.221107538616028,12.759647489150694
12.265666940527128,12.478288173405245,12.689454980500114,10.801338447488739,13.318740130956057,10.855129884768804,12.96479689491505,12.88460805595832,10.096688741952095,11.895796185715383,13.350730425470262,12.237966347162391,12.557773992319731,11.135175785697188,11.981775199231222,12.026012142514176,13.739116126902916,12.181029621428353,11.944226547878104,13.145002232834106,10.46680750417185,14.547935796987446,11.57786080774124,10.897344244606561,14.93122798419105,13.33164241261709,11.41359525095174,14.71287301736401,13.492907347693741,12.107023256997515,10.735342240465949,13.053689520183339,11.709125955173429,13.198481442682116,10.980541356687306,10.343044763355032,11.766667651691424,10.925152145431534,12.288630415609877,11.431075740285888,11.833345631054259,12.467592993863896,10.160748335327193,12.939462201050908,12.934243110326797,12.772259636873946,12.431360021006412,15.51439506600471,13.935362485003498,13.438610925134949,12.649709370859638,12.269021033648745,12.04427911438912,12.95534753297782,12.192994725734408,14.45950651524684,13.240177006333546,11.130441611712216,12.93469937407598,13.70748818956193,10.896458801237047,11.20722051421131,12.148702855579108,13.105639799695215,9.269022676329474,12.881224537912436,13.005129682673976,10.584942361229515,12.220875854922708,13.076354114986684,12.66372056901766,14.59275056534172,10.802684931412767,10.868536034074426,14.03161803989848,12.695974842582972,12.934013732185306,11.636219097377998,12.500578574610687,12.85555617218729,10.380131022744887,12.192400489360919,12.783616337517284,11.591495521431169,14.275287027212496,14.346717708776682,11.31563360877781,13.081885684289745,13.630316178010096,12.8582681089309,12.521476944695713,12.633906852504936,12.27261600914138,11.167138362967624,13.852648474758393,11.715534529727773,13.5861722741542,13.307695707534588,13.935981179284248,14.302819118488255,11.937167019863626,11.456271853966246,11.65411762880116,13.851424925568502,12.034809358421798,11.289349603371008,14.212846210034382,13.32882033110676,10.156020435248037,13.935878503861712,11.252911458107329,13.585755292738558,12.133928619836725,13.683330888660617,13.1455544657578,11.531237801969917,12.639204140785857,11.37035864256367,14.05844133973519,12.947245032588201,10.989843311087515,12.786352182678046,11.764610922989387,13.726216337505733,12.031908901933141,10.9622071581799,12.594152662548318,13.256356241980637,10.721074240803107,12.407992467715463,14.359710463848986,13.155953242057493,12.223460517367396,11.52891753069843,12.306803986954762,10.466335464707589,11.380171933726023,13.836495809624841,12.222980251804266,12.69794059170129,13.403477287383955,12.935530057477157,12.79681030858437,12.90520133264746,11.543182508287089,12.164863759024701,12.902245999841682,11.968244495388726,12.204178517225575,12.36227612245423,12.955999517560043,14.08058297969267,13.324819862845747,13.069066579953107,12.585322250693263,11.152757799059133,12.400186344496763,14.210267616504513,10.527063764329174,12.291633934074921,12.927224097321405,13.047609798375305,12.490929678848206,12.108394724713035,10.962532967666034,12.81802751148782,14.07620186858203,11.964855098637228,12.072037256782345,12.880078515593528,14.036125365014213,11.733596210479812,12.354306764794718,10.848261319278318,11.581240271138512,13.207438127373923,12.538966619209079,9.421879343336078,11.754515741571938,12.348296884776097,9.795432372493687,12.098767745471712,13.879640349242644,11.820208052586272,11.273297819799287,13.711723845250805,11.933472128812284,11.70325192668679,12.029409876206513,11.72607042242488,13.494707711075764,11.75492178170978,13.168131646207161,13.302456425831815,13.00816650973564,11.84859093868047,11.46914949720198,11.217426759234844,12.243297859816906,12.593663480368376
12.205612067173183,12.526685690268419,12.662193345541159,10.761884020042833,13.322582767068296,10.860134576768706,12.985170562642914,12.970410141640087,10.062262632558207,11.817048373276549,13.394749562870231,12.16386462046221,12.473574117434774,11.16161153624936,11.952522687818973,12.012841008201763,13.820444978904803,12.26763691257021,11.884248723092318,13.204293733899318,10.477328432117188,14.700071913658734,11.628278443626343,10.862139622599383,14.948190168516138,13.39449353059592,11.430095447622733,14.691803711455572,13.42456822689966,12.052966073456638,10.683586634846712,13.010767893490199,11.768405876200037,13.225281223506064,10.966543342392063,10.379246804103271,11.657785293327416,10.837498871252315,12.181928487825765,11.413074704779534,11.918928803923427,12.25891370233178,10.144852202800871,12.907548453782839,12.808072251308088,12.846368076853853,12.345181150990678,15.56843261747714,13.88786866118664,13.472666708308294,12.635538403767002,12.185821597259242,12.024970995771632,12.901242925206741,12.315141218493084,14.3975301959345,13.27363131594333,11.16432397096307,12.931808964007093,13.599785074711072,10.823744451061994,11.177910692354661,12.15684786595525,13.00929699193216,9.457740797791466,12.999785792534983,13.169724230046054,10.538616304726146,12.184153575676785,13.13838482540417,12.679606010182281,14.577729089712465,10.761230235939593,10.894146519827181,14.108733305572366,12.740325576583425,12.894068876991488,11.624447226385708,12.627073175675465,12.866044790288992,10.371909655151402,12.20932265636268,12.824078809456353,11.610880579904032,14.311538427415103,14.378181464839974,11.274346711143702,13.05462512777763,13.57341648538199,12.951647152475463,12.501473277604303,12.652686421715522,12.238802413277014,11.292868024546477,13.750115829155332,11.595892924979141,13.495761526533988,13.313975510950781,13.944748474895968,14.267164799856614,11.82361875000598,11.557777521287521,11.559970432692213,13.970417652958867,12.013285204111886,11.242709190230809,14.169310043213233,13.271711137050112,10.1449595927437,13.943327750438193,11.321601109899083,13.574757340267666,12.212927409195595,13.72532604465384,12.983292529458833,11.610544632215555,12.657867930364974,11.433242341729118,14.112233387301982,12.891902118552643,11.238756143238405,12.837933092993872,11.805725829740306,13.998152665520662,12.110071174376008,10.971938103418545,12.720505028816275,13.233952212000318,10.640625036851207,12.62606661063884,14.429846788304209,13.132836776312567,12.336436300295135,11.439879509735121,12.299699152982729,10.531345710131614,11.425561043540261,13.890117669987884,12.27491199975699,12.706628614045217,13.521165106051933,12.938078312187812,12.812878969532724,12.965458698657315,11.453908505245659,12.201828610737047,12.879127037586404,12.036437097376526,12.380531390518733,12.308324453257855,13.028210767804671,14.067186228795215,13.349268145823872,13.131901291083533,12.6362345660616,11.167933815187242,12.364720115320944,14.113874529784132,10.442368443882952,12.427056652828504,12.87484623932338,13.019787078166843,12.350936707067666,12.315497983445528,11.017065582983289,12.795991614096033,14.044288918349087,12.000039078964775,12.046168492953894,12.797785656165866,14.208021960312271,11.660076386126038,12.304977073750946,10.990822592925117,11.633385909783385,13.245182489282984,12.563192623331672,9.253764329729128,11.722842087838014,12.314619729334536,9.809108411891673,11.986201783331836,13.914516871207299,11.69741980240223,11.270491806480594,13.5761080114606,11.976040711088633,11.821693163579425,11.946378452334743,11.784750692151482,13.54665152059512,11.838367616406817,13.345215417855863,13.244040376767911,12.951639038910487,11.776124791988506,11.457589924141278,11.107731853027289,12.310601645765523,12.63260579555066
12.172563321637568,12.431491269182928,12.72086589639185,10.88323709670522,13.468724880783387,10.847719017412151,13.11650583294341,12.977141373617897,10.081923788343243,11.82463134062401,13.358251361679814,12.079275002046849,12.4438335584708,11.191011225544871,11.93476134089722,12.101027177923172,13.907709594765777,12.30019659278549,11.848723550750622,13.12469131958622,10.374332959112266,14.657110459188933,11.68468612424029,10.767064555754244,14.898394586659638,13.317959438892007,11.440467325414353,14.809512610713849,13.417795299228073,11.98661376182833,10.685751549816816,12.879444972284299,11.84292579100814,13.225825694727165,11.009058499047507,10.49871729642872,11.71437388427607,10.708416513450487,12.206730887549181,11.441233718651514,11.911706646308529,12.318557502959871,10.040537534051031,12.835827690393543,12.840912162971646,12.94117702369258,12.430722477472568,15.5346589376473,13.811216707192585,13.57472101523773,12.60522437131966,12.141334393891853,12.022294078196529,12.858263543989564,12.3055901583694,14.262948020725892,13.252623675491694,11.27403443794293,12.989022589443005,13.789580951103334,10.780229679699035,11.207917876928772,12.134513757856794,12.939746424991911,9.446507261359983,12.922396812256757,13.14822382957861,10.712077982855298,12.153887663988902,13.15048034419148,12.748328400116208,14.603584496046778,10.859974220186496,11.005324760367694,14.057378619928405,12.654616083175968,12.888832693871421,11.678691218698107,12.774564445671436,12.807556331167275,10.48507523059809,12.362609449892227,12.899656627598086,11.753278401326362,14.258251211191471,14.463485919924874,11.245307750099435,13.02955599898631,13.673674279955645,13.03563797939319,12.28751582298924,12.811626558403994,12.2788800146974,11.290522896095387,13.781048110834648,11.647801907003837,13.608577592831312,13.290546388491698,13.99905594939326,14.345712296091598,11.714706887380455,11.52505073242686,11.466193414440662,13.91331536236212,12.097961100977017,11.333443851663617,14.165401784994259,13.37614780934649,10.127486079596862,14.089103987682662,11.292083680939337,13.464978289345748,12.213920016351658,13.608085442291031,12.98396040523244,11.545652572610862,12.667507682268438,11.438305666158483,14.11466158375013,12.895403876283108,11.277589345867854,12.871123776098306,11.812604976105188,14.022937905102854,12.10269509805532,10.997710387469565,12.803125091542944,13.283716057735042,10.666379599964559,12.741980933632547,14.631330558164732,13.104876801049315,12.13754262944796,11.387505456996278,12.366542847278382,10.72537711631564,11.411444203859102,13.974549871418262,12.343735715215194,12.608510097141416,13.488317812080382,12.933452055385954,12.800942353324542,13.013240986256688,11.582925689910116,12.015569333361745,12.964151847512968,12.052775707420524,12.34083365866951,12.311281340423532,13.06357524799597,13.922154934133552,13.247932302602281,13.111168136466322,12.667108489938203,11.24310715488151,12.337146178881744,14.133755695021687,10.510713729276626,12.437808737270261,12.870922631936846,13.076426824131161,12.404739946611977,12.35411593310022,11.033408457215705,12.879032678604336,14.146343063620469,11.956599197214091,12.044059553409284,12.891444422948272,14.12207635261958,11.781855561908111,12.313936730886821,11.128794227089443,11.731579052179736,13.349262958003909,12.451918516083062,9.368673652249447,11.748469894005934,12.2113033674751,9.775463914482106,12.134294255150417,13.854940970271256,11.727206271502496,11.24985480369596,13.410820054878481,11.971850685307988,11.773981435726432,12.03980182729249,11.845130442119363,13.551990934758155,11.825339934876279,13.30038775444042,13.274356147139839,13.098021648154594,11.858468715139406,11.423487957021178,11.062318223673566,12.320323468452695,12.532434570289855
12.080306065716766,12.491488511115769,12.762851570553229,10.942886175194165,13.56280890032535,10.785852774961125,13.12271244250791,13.04782397945395,10.134107569928224,11.921917265756939,13.347153975944174,12.154011022550648,12.492430513254067,11.305049143900328,11.905516016470385,12.0618937992758,13.984745329948561,12.3258268816943,11.763371058114032,13.165402186280959,10.517746644551371,14.60309599183134,11.650180372912027,10.8368413908244,14.820238713776826,13.29096081280598,11.339897245303364,14.875892016623949,13.320632436363006,11.870707026984679,10.672154597339924,12.759058878912562,11.819277709223343,13.306419737014188,10.968653428312015,10.475287482077913,11.65525347682504,10.76167337506669,12.205402864258561,11.449227640442366,12.052364823863089,12.29812562036728,10.001250138174129,12.907529029829183,12.923935253130841,12.967047211402901,12.40751520179383,15.62267746178102,13.869526759423904,13.702468004858186,12.634473921983595,12.214163245762096,11.936147151833037,13.000084217595912,12.221919537732264,14.32634987143534,13.08832819040044,11.154584841466821,12.85126997337076,13.642052391566677,10.72135105552952,11.02035421229707,12.139615847005862,13.204045701192722,9.399486850521274,13.006961520993366,13.175982604133123,10.771368299219581,12.285689247130309,13.236624955159215,12.873208551725744,14.716418820263126,10.847721674970092,10.96525988087552,14.027285914578833,12.68488065204272,12.828362251214573,11.751732676789345,12.776317705639563,12.806712822117943,10.423655687560498,12.534110784410046,12.820493104316489,11.842536082473126,14.257922422350603,14.343909557566594,11.290901796875467,13.027070174915602,13.830080503794395,13.09771944530006,12.348184192702389,12.74334034284203,12.315955771262166,11.349484593851637,13.900352697514503,11.744204482133934,13.608267839041774,13.299294159912776,14.048893630447527,14.322081299743232,11.66885401323545,11.514350824743989,11.440870433321178,13.909408962417768,12.20875390784375,11.304367909691708,14.15229532070282,13.411012706657688,10.264301904120746,14.19292752343628,11.301064788372251,13.370194441544257,12.178913357921338,13.621248242431218,13.102945886931268,11.503150240688264,12.736372949223634,11.443504968957974,13.959276349377614,12.810236242376542,11.342729580731122,12.863127944991012,11.834577727397665,13.950489959769307,12.037104084482296,10.97466751505376,12.759812799741654,13.24013581648046,10.741018774487278,12.849787551194973,14.62975496581744,13.064492975651024,12.20267246831075,11.466468839317578,12.32779966774265,10.71832165387241,11.531014025862985,14.080063505954037,12.346160359532266,12.630961405531222,13.602330867773858,12.905835044079762,12.61052244054128,12.983771103464672,11.73147732091124,11.979707615874075,12.919464289445079,12.145219199195468,12.349507321154116,12.145224865370531,13.025126140754292,13.949868197317185,13.395270663586496,13.082425714128052,12.505178731604389,11.217918332611,12.338842405711732,14.193590892155285,10.501092688647955,12.447887796089677,12.792713280517304,13.127520425130147,12.461023208525784,12.520659016290653,11.072302548085702,12.900388153106633,14.224737532871345,11.957816631798872,12.019899130793338,12.9237189594187,14.176769165377866,11.803454784317928,12.449648021243041,11.182901437159416,11.744122530852982,13.469773822887792,12.444773568490117,9.395655032139826,11.825828695911607,12.283703867615078,9.940317062627594,12.046692316037854,13.872807630674865,11.735312592810939,11.193397788392415,13.44637625389145,11.898886864739401,11.90530134661055,12.10071332711152,11.931420082515547,13.545967270752266,11.811466230034597,13.292031584365898,13.21004965868635,13.092690371590237,11.87541021003334,11.65328173500595,11.196468934495176,12.308375005923539,12.507917651758131
12.010884510024427,12.532434272378305,12.768864876506035,11.009224839184228,13.421961291701253,10.932153183586388,13.099820357649683,13.082276083107512,10.083661045188858,12.004773794697547,13.529607288643898,12.206279390956265,12.50990003531978,11.267786571229772,11.865832391731825,12.088638535510283,13.99664283656446,12.41006001357005,11.721335385331564,13.207694205464108,10.406442123312692,14.564221774178803,11.790655344740903,10.745499944496348,14.718655639723968,13.399249036434783,11.511505774300295,14.86924918359586,13.352587564301803,11.801027414175756,10.770098594407989,12.772007086565086,11.87276913131571,13.264595009854695,10.931365732998326,10.515593193255484,11.640661866325388,10.820554730699753,12.19023463194473,11.355488012937549,11.97940147544303,12.323331125796402,10.116413825818984,12.79817120409556,12.985751710538148,12.92207797240252,12.4397056055544,15.653492408483856,13.90509149856787,13.579962791272488,12.719722093368812,12.330715874877821,11.926879661438385,12.931344546704189,12.302844347252272,14.43232737554695,12.973935859477182,11.22757689522337,12.964735928945302,13.799663454353427,10.851668963838113,10.904424108530172,12.114719794258521,13.146535977005668,9.41800203274571,12.987534609892553,13.153610669691089,10.803546384863763,12.215991324052014,13.281086853074621,12.821986815948783,14.643840227613603,10.869714378849821,10.87556819704661,14.055560143839116,12.752169438716948,12.875934414795427,11.717617427729314,12.679427926381535,12.86355054891851,10.453555787221523,12.491605085049361,12.727802176441964,11.792027224059959,14.323962490956783,14.34189779056772,11.300121284502586,13.228634150363948,13.901297822805617,13.076656414827097,12.37201548475968,12.72421474253252,12.209995890341618,11.545870638267376,14.007336845630354,11.827887261060154,13.608003600494168,13.381228232541128,14.099444741133876,14.347250835315727,11.66373006040359,11.443121426943332,11.411482655087958,13.942860317598754,12.286574459411476,11.447928087977195,14.228734046967642,13.476489712994177,10.406587523849797,14.146350510705858,11.432618897666854,13.378339211777547,12.275559558706691,13.72027288560539,13.167280646718623,11.427128914641978,12.739175957207808,11.30476601409311,13.964100627784237,12.770944642934799,11.442749706988296,12.945650506048521,11.900456152839148,13.93068230236791,11.99304033914773,11.044958204586662,12.94361010529591,13.26161947973294,10.72849034330547,12.892416818286437,14.632320947644436,13.106995060897331,12.075565010036247,11.411075726058055,12.333723885299822,10.614791387979652,11.50211514304709,14.106905876928714,12.241769378193187,12.574270426378858,13.577033417987893,13.045924210413094,12.723080810393196,13.020273632733662,11.790514603480934,11.965528578767527,13.121466732677291,12.250290794117383,12.394280077179491,12.117549132149282,13.090877768642056,13.844079626319063,13.397413026263543,13.213225430184314,12.56344828931189,11.104471019431314,12.319987612369241,14.123920089097503,10.46237701673345,12.555564744639886,12.882322264183138,13.257337367946684,12.465908209076629,12.466081915935476,10.966487074692882,12.92145424300828,14.160002911009283,11.80711064678932,11.876282692312289,13.024619508763,14.175538881535603,11.833269419418922,12.612327964342311,11.164574088756545,11.761639320784392,13.43222999387086,12.519774445328949,9.316153709136326,11.894706474691269,12.223784295789955,9.914212271807491,12.012403988179507,13.790504034437777,11.768605538361117,11.33338283054217,13.270480382093258,11.908185311695522,11.850119492170998,12.149880571748799,12.07603599829198,13.712640838688117,11.84826502707749,13.46107974525819,13.361761776734177,13.086954503173745,11.852696492309617,11.613379108007702,11.146546863776791,12.318792342135264,12.570310279593631
12.112358741035194,12.669081707616472,12.716381040163599,10.924366089723012,13.309257071670395,10.937368162673446,13.140756696751827,12.949730044716961,9.995007766541832,11.99397794143873,13.519580002476772,12.290500032877707,12.569681189814135,11.177535162308036,11.877083752654418,12.145869417261324,13.840766163664831,12.472295425311625,11.714969602157073,13.243721586587485,10.32611357859151,14.590719847331433,11.811247034560203,10.734066188948653,14.537513711007453,13.436696206237292,11.518643518159312,14.81548487037433,13.480355630982613,11.694052352733689,10.781262393006374,12.843368740257851,12.107548845646523,13.245425331921064,10.919238107692626,10.588968101679672,11.638585457473203,10.958654155187006,12.101536255836573,11.224736778746818,11.993300580011521,12.264074714456859,10.140385692387461,12.818171835877061,12.874177389532157,12.951420484528793,12.496044261444457,15.625238621410812,14.074018713958266,13.590388830096957,12.785635388635287,12.357462113091763,11.974185387331428,12.908325772395004,12.275106303771382,14.451141889902502,13.038943361141117,11.130578357439532,12.98391328579391,13.696046652899067,10.651060827795927,10.878084475642432,12.064941010252271,13.227676497885247,9.233998381759898,13.062731274794922,13.207994953711495,10.8521651707547,12.152552593437452,13.295268526969938,12.890541854483354,14.676790209823409,10.786343211492985,10.90454072951459,13.96774604107954,12.660421678319816,12.868718090134958,11.755841366199709,12.66416793442783,12.855348327472367,10.425572987977823,12.507650305498084,12.703470370362785,11.823348639875253,14.35387192660328,14.415355371352394,11.345073443090108,13.2122601729893,13.773109456214236,13.098951923055665,12.394520468129592,12.769462385915208,12.214992703336762,11.609929248036382,14.168481819572914,11.961888139272725,13.619387719666078,13.555173150601485,14.13825290239773,14.46577950822111,11.779316276634752,11.50231639637692,11.470323100103956,14.021626267648708,12.31343789969606,11.484116792170182,14.35185521923294,13.505182480758618,10.361615637038142,14.17728452939263,11.488463537483788,13.311072378712787,12.338289913404342,13.671291240145347,13.180375192367316,11.257365889070309,12.830954395024277,11.172101584253912,13.869530720303839,12.812233343789375,11.429865368587665,12.99634005977771,11.90792612265996,13.992789581644105,12.076225437386416,11.131417758940465,12.930730443481442,13.252261579966543,10.799617612287424,12.979028701627767,14.542374470449122,13.101290715748604,12.130220840223805,11.350143098633046,12.268481484024042,10.493128371963667,11.50837601486821,14.11398934226611,12.183665052841551,12.703299778873944,13.513406007929763,13.049653742399489,12.69870257204457,13.110649139172962,11.881993832704804,12.026173311673505,13.183009961586503,12.348136933703177,12.338149315222894,12.245843090825671,13.079370642607376,13.977146118509419,13.334896657894236,13.171725884113766,12.40159216736486,11.097116908962962,12.26447782956065,14.036407131295467,10.61990676251374,12.52958343364359,12.883503071598476,13.210095151595477,12.421909115042814,12.4057895651456,10.93281889572698,12.896921860048668,14.175310087556365,11.867875534939255,11.765694647081986,12.896724232411582,14.070895105031468,11.811730247657708,12.516877151063358,11.145623498217658,11.687854528015494,13.490717809639733,12.59653839610929,9.367976888129828,11.962688538816817,12.230615370630716,9.96043033739776,12.053587980185275,13.715861980811152,11.834966739710065,11.413817998121129,13.222509174633698,11.938792134614635,11.937060427250014,12.188520088976395,12.132038482619587,13.665468900097505,11.776765642798479,13.560002196469638,13.371103248092217,13.075904337013512,11.9195181596916,11.748222080178325,11.230607778888377,12.348585294427235,12.671718671393023
12.081632933158456,12.769096728297152,12.852282456969276,10.65376812030061,13.288677812139953,11.015160455487926,13.171690017500236,12.81397855984822,9.985108906981923,12.018928326895937,13.596565820063473,12.389443058727974,12.577766836899768,11.110925812614255,11.937108980285135,12.215917683250584,13.961766202133013,12.493279537326588,11.884311280581436,13.253961613317266,10.427393790427887,14.54085784903971,11.760718004214622,10.826376839774463,14.504807166456212,13.589153039286025,11.4522576464489,14.917053900815311,13.443834028676577,11.745461811853911,10.718572563890655,12.94651809837669,12.206466437045993,13.244799898781906,10.92930477760968,10.522876557537586,11.745725924437592,10.849448703907841,12.107366919848213,11.197700402658567,11.998518618979048,12.17433518156407,10.208163942054249,12.974798286179261,13.012612231408392,13.08748671576096,12.65659032586252,15.599352249118382,14.195614724664464,13.707065401338774,12.75398165840615,12.46416322204126,12.051631041799963,12.868054564678285,12.314708869250097,14.585641023131895,12.957786396927938,11.032570642469812,13.061018450962955,13.70864674449058,10.552547374471398,10.90526228589338,11.95183903266679,13.155974573374714,9.277652303754458,12.978790955114095,13.370695992180437,10.930447754728302,12.303657375951698,13.259460744191442,12.916222804175145,14.794746712651163,10.8684915108514,10.875698675954478,14.080646955596052,12.736651340858172,12.90410536121957,11.868288093728147,12.631275263400237,12.847233380896741,10.389986562148675,12.517866573013727,12.525425217179292,11.793740294655098,14.512174628221073,14.468068232884866,11.429840929891173,13.179089001863527,13.772291612824446,13.109214882221085,12.371494979905735,12.96953507496534,12.267920441916774,11.660955528396794,14.247336595030559,12.091790792861103,13.627991916596052,13.578505283966035,14.17834481579028,14.493345373901178,11.687175539508488,11.50013347762321,11.475158357124972,13.985176161564615,12.318209834633057,11.507921504017967,14.299105298661605,13.478761260627557,10.270938627339559,14.125088458220397,11.558536249249238,13.388478369933548,12.358371703527627,13.696004683140547,13.227987876535813,11.25513048839077,12.856460643128207,11.074260430731117,13.98081006459838,12.737080461125283,11.41141806708686,13.064751795144051,11.88384862625665,13.988719315774874,12.174339515424624,11.121680550596883,12.945423159240487,13.166198063172942,11.094567649900299,12.97449569758155,14.495040090239243,13.000119332552181,12.318257542470157,11.20667360536641,12.393879109437618,10.523641503079885,11.337807098606982,14.198790917237128,12.178558986024276,12.615158674813657,13.548520637120845,13.009330405403642,12.75823616742665,13.175300415101578,11.791411490382684,12.095183959553333,13.05148639029725,12.318137965148924,12.416569802598632,12.200992919933393,13.092709647606672,13.976388265378885,13.484990382795107,13.209225063175904,12.357971685670615,11.061993905862915,12.287600569379235,14.136239614534128,10.50958584158218,12.529628651515877,12.916717204712256,13.248232457933495,12.376195749877617,12.43825440975385,11.03441541402271,12.902326695438314,14.175824566713153,11.874566603018677,11.693745695465678,12.771588300611024,13.980703971073806,11.833822311275702,12.420307864247981,11.196413561007477,11.720212665637785,13.485520114567777,12.440816213541131,9.437470696803327,12.015307307343022,12.146629857723202,9.822739610309554,12.061197893015724,13.629748242818637,11.876194832946936,11.353796417239511,13.217367538981156,11.937971297622306,12.052675894996119,12.231067243871188,12.09179702675465,13.688271090000757,11.79139915019471,13.591239797554097,13.36800919256248,13.058416775714695,11.936949518863065,11.704017958001792,11.117328142372095,12.284703538232595,12.758725932334874
12.163233008261656,12.764902654133415,12.771074919279313,10.693639765769584,13.317969346933797,10.937714376679407,13.14842884003519,12.791068472028886,10.006159094020504,12.031139419117054,13.655670694341811,12.443790582887523,12.43640874071269,10.928181397200133,11.97883688396411,12.336121046151005,13.995726265004352,12.50370351095635,11.794930865116918,13.307225109427394,10.476144421188183,14.604858556374218,11.79464369159575,10.860764238588521,14.391030885524106,13.635281147133346,11.379004068709758,14.913380503129204,13.388625661271735,11.728398593187272,10.758315019415912,12.91173089693873,12.156099973339053,13.352200916529624,11.092717681489292,10.49000410833866,11.859367830884455,10.842998033645273,12.141868201198369,11.257710998412946,12.050172836518426,12.224388768615512,10.04643136431741,12.960151431524135,13.023871538862831,13.13800808989115,12.776695436783468,15.530296451985429,14.250002533258025,13.804194404015911,12.85325002214602,12.466925863660444,12.080124367451983,12.800411975323511,12.307665825997706,14.632249068078304,12.984221365643803,11.07482000625875,13.139844452262059,13.83692625047754,10.404449451785998,10.854593373013234,11.932611353792584,13.242030689731502,9.328579168751686,12.923423613238628,13.308272224787345,10.87023285005748,12.272828118251562,13.116332418941106,13.022821458672151,14.623622605600316,10.968384281876707,10.873578873084867,14.127223922257159,12.749178336908727,12.846065352027136,11.96912732245027,12.599557129006923,13.001933731980529,10.401717076420624,12.3690770226749,12.533441189931528,11.8919541749083,14.42222927254324,14.457957992822095,11.523119944437113,13.303003856736447,13.735872147152936,13.153850681552447,12.498711483405577,13.049898114596543,12.276131509757075,11.631411410062313,14.191347751191355,12.079995257829232,13.506074434043839,13.495626130554456,14.101252987914275,14.498869655257717,11.855194222236468,11.601707071995992,11.510749861426968,13.931344893689383,12.139691072847468,11.496583577756741,14.220380704231086,13.625265385883534,10.401156897587892,14.07187552336054,11.61370455176676,13.43704496628955,12.32615441245445,13.706621131740663,13.268394515296006,11.2634981680696,12.8519867730759,11.025866193919008,13.98853023294404,12.708660337021422,11.378175502553615,13.119419997114242,12.001403490165151,14.031746864410806,12.24295252978855,11.15717813905694,12.858000696243563,13.035068000058072,11.147624246082673,12.955336954371026,14.545896124987065,12.942389762033418,12.252183820284008,11.301242883777151,12.409656302007834,10.4772193370012,11.265123146142178,14.225621935765465,12.163542355617588,12.496592453287967,13.635039558087275,12.893465406981779,12.69730220387603,13.143597759475504,11.690570156238126,12.166049846662471,13.136276512593781,12.120907870509688,12.308662792287645,12.152562427816044,13.092689014665401,13.983451826001504,13.396094222287417,13.303115878161858,12.351473160120447,10.981645111442061,12.34627801475122,14.221237933450173,10.578631821468186,12.574827277356016,12.913437355779433,13.289739418652331,12.482352452813181,12.362207772844522,11.090030359747445,12.837606507435094,14.166036444644913,11.914565058089728,11.622422612798411,12.870363317175524,13.935603884635489,11.843965581078205,12.495363791179262,11.227728073333155,11.754309040335194,13.4744278981476,12.594705278271677,9.457981498693583,12.02321456736639,12.231158229857206,9.741342342497934,12.063262865356894,13.671967983137959,11.807946390324508,11.358212794857879,13.304407401628154,12.024002849538691,12.105234664653139,12.336565399169606,12.2111962476917,13.623629230674114,11.98172868224928,13.680139745678922,13.43853776119597,13.090831073333957,12.00834641538072,11.862578187623942,11.11754524722845,12.312275307466297,12.803702218764968
12.159136738967318,12.806198685920819,12.797648210695643,10.88767212887939,13.38854403263027,11.00451187241603,13.268835791565543,12.613174019921694,10.057784318884254,12.039669244002821,13.64612422935885,12.415904482240373,12.44619855871464,10.976058833852564,12.017320442722102,12.366098519359095,14.120440686933373,12.49935592410234,11.708381461776586,13.422317076905873,10.526427402269652,14.614062369148995,11.780553483586662,10.904531307099539,14.38695826566066,13.761993785855536,11.339368324452552,14.95378644125021,13.390841355427435,11.757914356773483,10.771852669465128,12.935230908277779,12.171255451894865,13.407457133641651,11.047063250738077,10.596148183767092,11.906482307484815,10.852896285969384,12.20853968950872,11.320267412572894,12.042733421527478,12.058178997809364,10.128615522773819,12.80847146622396,13.079681535463616,13.162725390030591,12.76372504625803,15.538007261133169,14.34689829547089,13.779973889721811,12.8439575909145,12.428268693058582,12.06628695206247,12.712587052937296,12.212455859005688,14.67098457055636,12.894807014125588,11.229271938616707,13.019549878747513,13.7423908018665,10.427519389427506,10.98603892986749,12.061525989988645,13.275574651573894,9.373965380306393,12.999366907780297,13.21063489080076,10.711495036131724,12.316845250623448,13.104496379362095,13.053702844598671,14.425936479328135,11.024560721841215,10.80278144894583,14.24113461406174,12.867325217364234,12.89979606783481,11.926414906667016,12.671233120607445,12.85646756546273,10.566897526098114,12.308408529288506,12.644200737678357,11.972558137351342,14.322994937433322,14.329943776938826,11.581990736254937,13.30396276639548,13.732184337694955,13.100467815771541,12.495729785130308,12.91731786570993,12.319739860174233,11.53891267997289,14.194620417282854,11.99760928014224,13.501063977169235,13.411436727023007,14.155781033020382,14.377699716318348,11.855881449848917,11.621636612863492,11.4721279510071,13.940454592501576,12.182928017232369,11.42022278138176,14.124683252005534,13.670815569531676,10.417779529113433,14.082157860494876,11.570081346382567,13.552094611298168,12.236257396403452,13.684935645403785,13.2295550946434,11.414162483347113,12.805917442813227,10.948831564721583,14.027622022875295,12.781627385994168,11.398896629381605,13.117716315193523,12.035229315198713,14.04125805825059,12.236392382092383,11.197263235458772,12.9212130717523,12.981005255474635,11.027609724578047,12.97709224517215,14.47094613762588,12.999475040883452,12.261920224274595,11.261792545409701,12.50132544548704,10.472560331277798,11.27671214422135,14.326700733226607,12.317334502467908,12.50155768769545,13.591130617706208,12.876918228933896,12.58593225328508,13.018131724664743,11.69314438894254,12.23758893428493,13.090394313900932,12.067008786481583,12.252319259208885,12.196398013912457,13.038982563917685,13.944663382766022,13.488543804833807,13.332102515153103,12.3638056746999,10.896492002338746,12.413830733932075,14.236565054318074,10.564042319726944,12.561909152806424,13.005476601173674,13.154871115972693,12.49496798314536,12.287864748603454,11.031731514751746,13.05768755900713,14.027892709577628,11.869121466168954,11.722507424825515,12.838740447164117,13.972177848811832,11.784029102948947,12.37941066933526,11.337336137329789,11.729408682914816,13.511930344613901,12.672614943926648,9.366157885867498,11.98087231776773,12.343890661090688,9.773855293974426,12.025489281099857,13.673747772490392,11.865032538638031,11.44368827941815,13.352903278433697,11.945822937523614,12.029540485491786,12.382876837377346,12.245631219608354,13.87679346716474,12.006472901448241,13.72499096164704,13.459061989453504,13.045774251650293,12.064575774473573,11.945753269853062,11.236350807153261,12.405732189106509,12.671503842993799
12.19682341645177,12.84649409144992,12.8715757534796,10.73272094890384,13.50738681427297,11.101799800881567,13.489407567332309,12.602786126633204,9.94200814811777,12.14551715683323,13.605153335792666,12.383113209292892,12.390012936171424,10.991206366683059,12.02322095645057,12.461390142102445,14.220471172000561,12.454924919515069,11.763352277737255,13.476385710165848,10.529540446625369,14.527282426814073,11.832480551629871,10.767838411070787,14.455778837987342,13.891109292288705,11.419390481904268,15.002004731475983,13.420509701963311,11.79106300458402,10.82378935408828,12.918492540403278,12.212992332962752,13.418474489994313,11.089109882743312,10.52617546555776,11.932900557655913,10.847929888628695,12.245700208606435,11.293907012294747,11.973108662650493,11.937885203196563,10.224158276263802,12.757915888433724,13.036206750484912,13.086585268025072,12.752282808786257,15.598097211726625,14.231047100422579,13.695731101918183,12.870839544093222,12.502317743353165,12.066636803575644,12.763268185022069,12.153452999089705,14.660887671712706,12.890306699054905,11.260641679493299,13.02042874984893,13.746581937551172,10.38870944818578,10.916146830404635,12.215773796249241,13.253999699256878,9.54722671056569,12.947148646319274,13.180314669301353,10.721376590996002,12.313749369079584,13.098800504175493,13.12899374094561,14.567266902311014,10.897126364271422,10.751671827477471,14.350333669733251,12.874115870721154,13.011047223477133,11.910345737101933,12.618869098552555,12.931074740616552,10.365197979834031,12.295716368393824,12.659840994797293,12.03204876705106,14.365794575523836,14.231426945735773,11.668873738556764,13.519279057099254,13.823197388925795,13.065885250109265,12.479232014927655,13.006089180822807,12.269956956054115,11.670600914038989,14.23561834221382,12.077530312072309,13.503699180413177,13.337718004614906,14.12074090574975,14.40638112053479,11.908333068492377,11.701811561820033,11.507016126963657,13.973750317540965,12.159621536072322,11.366115199122207,14.131568814027952,13.678264451901153,10.369390585757872,14.04372234131309,11.653369975060057,13.558314021630721,12.224474312519467,13.649299826352015,13.069575026510877,11.374957781007813,12.773028437129904,10.991519270506853,13.940630987017009,12.890685520041284,11.484684673500688,13.074519213664361,12.114633627372415,13.990840291444469,12.226569171477056,11.223277935260928,12.941125929908912,13.045781714753698,11.143199713650711,12.951533528458233,14.507713835855547,12.987010046682014,12.191014451131906,11.22841437774622,12.562907553604571,10.558992806469188,11.222037060662881,14.397399418226176,12.380361753355553,12.527019257515553,13.685444629859992,12.848702661208488,12.477888899838657,13.081304821428759,11.742661404350798,12.349569301448648,13.187178167001182,12.077296558589829,12.295720526044855,12.076371937017544,13.202827442431554,13.900424539599808,13.373176729013226,13.408028893354922,12.492116364208586,10.710690165436095,12.447075880626507,14.183749668682186,10.544940324863767,12.718379962458956,12.925674425485042,13.199222013654442,12.377208411488446,12.134909180000642,11.078774917151978,13.174228185870227,14.184619584721906,11.893901492501323,11.768907318306882,12.903786917672203,14.023520885087214,11.657171730842295,12.32869311106654,11.398026955088646,11.798774533696449,13.473128076922523,12.656181294924526,9.28318625994443,11.854254232187111,12.386535194979494,9.874847565184481,11.89759239010742,13.83761023605018,11.971348722005224,11.42007721578503,13.400396709615952,12.00585109191682,12.065184396992262,12.45354017993953,12.265495272507994,13.909329734242716,12.071674271997626,13.653529199606506,13.457063942338715,13.10378055050768,12.008030138294673,12.012178098931457,11.202974245169731,12.309587778687789,12.781564999356439
12.166318606108671,12.853181569061025,12.676386574680645,10.76599522669227,13.635974147328831,11.038633970886941,13.561131726712953,12.563560546117039,9.864062106531692,12.285260805565564,13.664245676685649,12.39164846853813,12.536734349372873,10.968699331946441,12.095331033955171,12.451100845673807,14.194794346505866,12.468005506290167,11.79301555627843,13.478241790741425,10.506929748922662,14.533659011726252,11.812214644108286,10.732569832403264,14.399730256974232,13.783754682920385,11.451422663829216,14.974104749712314,13.377379654331179,11.832428594697967,10.800741159982039,12.847548446466936,12.27187190958375,13.402460235845775,11.026292752940133,10.51170643941796,12.040006622974508,10.82291488455234,12.24873554942419,11.36122149552718,11.960890704335725,11.892560384283007,10.287778891818197,12.829202136118957,13.133277042490738,13.088717334273655,12.636014805995028,15.626130013073006,14.250293745544534,13.584222733146289,12.849255914641404,12.440692870055589,12.158274122928779,12.656570967500025,12.071286610005634,14.781059264016356,12.931029926868861,11.203996627200443,13.138344875797712,13.66741778867254,10.500211480830966,10.956624505391478,12.362772122977152,13.106380105329924,9.591573642884867,13.0942788670876,13.212847807802245,10.766087089534379,12.327553685075191,13.076326330323035,13.245573561879208,14.603722571957547,10.800137840806386,10.787774460153337,14.440470916169506,13.050685428139312,13.084986801775194,11.834508487473677,12.668014032533165,12.905630434921607,10.435825551001697,12.349520844843362,12.585498330989761,11.92590922629898,14.413791659893137,14.130329528340232,11.674454867483437,13.567523513804428,13.93753955397616,13.104858683417573,12.46257855981181,13.049270006289749,12.239710991577965,11.63486999794938,14.161998157264259,12.102757125355916,13.49447531524815,13.362712614565547,14.200143016721734,14.415759658838288,11.980900107499126,11.786543337175818,11.567328589562777,14.036196672219898,12.086912866616341,11.465945001611027,14.110960887302506,13.67671288183382,10.412727484694662,13.934326639441759,11.7282436906423,13.535410684304097,12.182428025227246,13.605061880470823,13.059440568585643,11.315605989127835,12.85407712091675,10.851710713810078,13.915960935476688,12.857542976936253,11.448992466452241,12.995939278751122,12.156640061631638,14.034928462822021,12.178748625581466,11.23217514759914,12.978065548407974,13.090881626801556,10.996798961081632,12.857220683776491,14.501184217726761,12.970842119792906,12.21243755269684,11.22487801795744,12.591510224396375,10.503877710321541,11.020934542058495,14.473938518005317,12.419913110258415,12.64290131033518,13.899056986159993,12.841914066385,12.45839878956928,13.085081234099063,11.786758358340363,12.364420922322836,13.150038002749527,12.100203515779736,12.35435334384097,12.050668213168128,13.173043544288367,13.905579581234594,13.390934878098172,13.508743979986512,12.498110950653064,10.675474363854443,12.493856008983613,14.259309043174772,10.461127920476855,12.72769864575565,12.905290932529393,13.204654137504464,12.274156759778993,12.140620136364348,11.06443634311201,13.262037658267834,14.181085482296442,11.872199416614375,11.840678140654008,12.850458190695612,14.010579566330309,11.730548345261077,12.328213661322636,11.375461530878757,11.75632755146646,13.54994380076778,12.671769194437852,9.269981749051492,11.819751165997857,12.536297090814156,9.859130190763556,11.878668172836838,13.88708017352019,11.79121993227254,11.465784901076162,13.383608664911328,11.939884415004059,12.10486001052619,12.496353271173819,12.18896530594924,13.813721293609861,12.1327652734427,13.631078962684768,13.460331000014175,13.153115153347853,12.096833555211298,11.963418312410356,11.271672185852267,12.298586413797826,12.690838305445752
12.210491727705783,12.797606495746717,12.629832778199223,10.785233496925134,13.742210535032024,11.169638913909656,13.487015590861539,12.635786614021,9.843439764591402,12.290838278904005,13.81259739387648,12.355638185042963,12.42380005077622,10.816311430703639,12.101373639073953,12.561908740209464,14.12406670715551,12.40117028719527,11.734544082673183,13.499409686993433,10.529947903241316,14.493289177534264,11.868076001348102,10.743315878443351,14.457548773682628,13.836213190934426,11.341875952215265,15.117721492434342,13.304751809142932,11.846423706412429,10.881436275075028,12.919865368008072,12.23408787643134,13.385600582611016,10.963782832587444,10.466524445345526,12.145608820605675,10.845075408314045,12.177992523098645,11.275237057079664,11.867432353875284,11.91378563769494,10.228781093572817,12.729050551642915,13.100753640153092,13.187385398538739,12.604715148981127,15.615234481738778,14.300861628492592,13.533454498432537,12.87505158073053,12.511526304500494,12.213423724013142,12.66294718945097,12.14910941060063,14.74392006780623,12.902796655630272,11.221401247201596,13.274907080867337,13.640630559941911,10.508831350874912,10.894310199233713,12.421283967582166,13.053153944030843,9.548014959682888,13.061374751463157,13.274312574438188,10.930274377454799,12.322701994663158,13.09183070324036,13.469546908849479,14.604066685817061,10.779726301232378,10.730273403609813,14.413237444106358,13.163347348247529,13.137736976083552,11.722798936055622,12.631656166842617,12.772322567812095,10.515522923525333,12.410851851568957,12.700800153582978,11.965258774747522,14.402825364760224,14.300590739464912,11.794648623703074,13.571822786075193,13.96362827262161,13.002700854891778,12.381635052085178,12.874603206246103,12.39788247092687,11.76344037776039,14.174586943322792,12.171926114084329,13.47077424638569,13.413433705785538,14.154376853368712,14.576604684334526,12.03390039898927,11.625878458702617,11.546776366684396,14.234982060384208,12.16153103935054,11.621815095965903,14.216052475600188,13.719135840182874,10.424628988002851,13.798213168032126,11.837633051679058,13.626971733762897,12.125918774433524,13.595817521298368,13.119840227623069,11.358051194620629,12.981196327276118,10.852351576383583,13.924875660859007,12.735032706726342,11.357827465636564,13.164214479542222,12.176139977026393,13.968260590852303,12.144219340265936,11.166880865054386,13.10942794485527,13.134851245669571,10.91789533643366,12.753214334111693,14.534669223023645,12.988568405333888,12.291152438139827,11.360159977367775,12.525409645885837,10.501077904217766,11.011458986267748,14.499491520457179,12.304290073603486,12.60447597813321,13.943133962690471,12.843246458145707,12.483463351153667,13.205657429548266,11.81792075262927,12.426790386756352,13.081396547320352,12.01433770974745,12.366528634444421,11.905529071315959,13.064441708530252,13.96077546270091,13.285271325558844,13.391676077897714,12.390804912258908,10.733889820344068,12.489421578481538,14.302286780922111,10.583599714710935,12.840387314688474,12.887437382656842,13.198078019160905,12.242818166441094,11.994368775675852,10.941524200617387,13.17950125281057,14.13844876822288,11.852924524274382,11.860709176957322,12.85205000499349,14.025377734615184,11.706647109326614,12.185509420335277,11.536338679623649,11.75161576517599,13.562842061791272,12.626475346798506,9.166572629392945,11.838558844870963,12.586540410352173,9.913920735267597,11.825076778007091,13.861237168944296,11.824554390549658,11.511883071559756,13.490475537241764,11.977037600856233,12.043930418161196,12.513657793349594,12.14809090547275,13.836674909772258,12.26798460096669,13.534473065463327,13.465431212490088,13.20053816608276,12.110630269388754,12.049437792100884,11.453014557608329,12.297810134174233,12.841152625566764
12.42757729455706,12.884177697903638,12.48550533938105,10.625689428407611,13.652033198559298,11.166757396634782,13.410599783159144,12.699248080911135,9.769730768291186,12.449394279623736,13.994917847508871,12.280486813885817,12.410461284144189,10.926999036828306,12.20860607789463,12.548417973140294,14.06632400807873,12.39705750554943,11.695503135931688,13.431829217395041,10.356615025891388,14.373680788719769,11.871701545905367,10.739536194653676,14.457079062219226,13.940837830544549,11.347174101106571,15.259782401527179,13.41423978819489,11.866768080896623,10.867103979268471,12.931670749293536,12.311881335292492,13.519462451389304,10.944351961399395,10.495001711545555,12.264787340421465,10.844720191362647,12.228026237324672,11.273431739699538,12.042066400883245,11.785176731560357,10.299569830167831,12.860084860289245,13.272914240939986,13.282679714726147,12.450537381638812,15.788836365612855,14.244376418468157,13.685376231055159,12.753549584055657,12.595772774562791,12.232912323869543,12.5541299844896,12.18952611909686,14.784640158759574,12.790565153675784,11.231656199286881,13.280639851850193,13.687301540523475,10.505581309243043,10.864219612335507,12.36947858045932,13.086383624673738,9.548530340460017,12.909039765876804,13.350607814867399,10.881595400484871,12.332005767990013,13.110429589940052,13.303995475520477,14.679911090474702,10.876892095512796,10.782775976299387,14.468754834006548,13.25989380256921,13.101435186101714,11.766742039049934,12.661252418272543,12.829708140531688,10.581482329824883,12.342136449273012,12.708252812769766,12.095965074033787,14.508929653923092,14.369013657226107,11.777267064403087,13.666318050544424,13.926565720963874,13.044515743732301,12.354007125892824,12.89982708723064,12.523017723808115,11.90838838615631,14.089685894857114,12.2504102110732,13.664363551985076,13.402591953225848,14.157631272988898,14.530028942127032,12.022922319085035,11.612714412123028,11.63548453898323,14.236685379760853,12.147525719748167,11.558765341244284,14.182483285169077,13.827050537840826,10.54319138540062,13.79884698451125,11.827692113516163,13.412075929508287,12.260695747818364,13.719695495065439,13.088546049764247,11.465002525546769,12.988817602219655,10.882547757124248,14.028410807131829,12.8482722495052,11.449773020960778,13.171726026744906,12.320064368641141,14.015634077244247,12.201614724054084,11.204062324157542,13.19743354223926,13.321711575968337,10.995714899950134,12.771167129062626,14.49869794149204,12.885063649463122,12.34958637778346,11.386926311999684,12.580797257002434,10.661244597538996,11.014448154487908,14.56601928719067,12.341666975206923,12.60006498436602,13.86446425041489,13.000196291034753,12.410203789724715,13.342985207794728,11.761859321845021,12.42645169485079,12.998748485360872,12.02380772025594,12.361473029246177,11.927870539819063,13.006367455421353,14.056101065148479,13.242302040145045,13.479977092690145,12.45504163579692,10.7819531504678,12.59554476532536,14.256934294718189,10.642842395431659,12.920300511952462,12.890428919219259,13.254429345729088,12.104686209545157,11.956539918245376,10.863723999058239,13.099648211654742,14.138973403215497,11.696555351568568,11.996042777523131,12.830699344337491,14.044249398580648,11.68797439544026,12.180956628981498,11.453697949316364,11.703372138728945,13.644851051815058,12.614496477671981,9.202698769899705,11.827274876042988,12.700870084549999,9.922885843856653,11.708337694857745,13.914059733356035,11.91170368628273,11.385452793709641,13.475737017797293,11.818322214465326,12.02593385212277,12.406302336995827,12.15985378255994,13.959220514771639,12.350120535286603,13.609701696584738,13.56082247683429,13.26946260868038,12.103961086488528,12.173317178876598,11.48730908728757,12.230032619767323,12.850038461987936
12.489808735739256,13.079729894914053,12.47578483702938,10.735329587211522,13.72664922931125,11.221696727114498,13.390507422235572,12.599566304479561,9.905692671618256,12.359244457208563,13.934316196878967,12.258423965672536,12.348218099991405,10.987106815550392,12.19195978935836,12.447133712216948,14.229495341745194,12.363492340569579,11.679287667546422,13.495217314494335,10.543098482155113,14.348526714680128,11.792795385839938,10.6178488229181,14.428849502951829,14.03512486876206,11.334084076257849,15.384701660398166,13.387947567139502,11.867300413486426,10.823844313338373,12.87433508743742,12.126003521057925,13.455223428122745,10.879935611536109,10.652633346112905,12.318380187653473,10.794941948663322,12.306345321559577,11.293741685350309,12.111544112558308,11.735044348060885,10.407692772111862,12.743370749562537,13.274719339021171,13.238692418033624,12.381759603577915,15.816123469393391,14.159440091999683,13.705321425562799,12.928198379644622,12.63049246992296,12.158247319460331,12.450313624981721,12.081762716065061,14.834890371645917,12.826830084580322,11.325548914653519,13.271922334598669,13.56718076105551,10.58003423702491,10.613184174113568,12.370416009193029,13.012299551562565,9.416995497510984,12.935798937338559,13.36788014951284,10.862757608555215,12.255228660750236,13.121994766126596,13.287716293275432,14.727805205351217,11.004433663893069,10.843765479232408,14.482773243602312,13.120824780799506,13.215026578971393,11.802323581431054,12.62867148907,12.833620824144942,10.582651272812464,12.386881423741423,12.708482699045572,12.130479837350176,14.488902559767183,14.294626702725544,11.606205988051475,13.592009590199355,13.906548695968564,13.155288251292848,12.274222806488321,12.960898287980141,12.621411802312327,12.014156034398665,13.98582751383387,12.217230556793616,13.757087518624274,13.466744748648749,14.280030897022955,14.649209135451915,11.941034959050254,11.619192911832254,11.630748715931905,14.37681973568281,12.21435651776667,11.717734231087672,14.130000288521867,13.73295678631809,10.425077288895162,13.861412715891277,11.855488988404801,13.517639802535339,12.395842509058925,13.580469834535537,13.125776757890677,11.337177695023934,12.9819562648694,10.856455881887108,13.986338483332736,12.919675045025278,11.510251133812273,13.120023633045564,12.410394645556686,14.057774044609243,12.19184775180723,11.23695080960568,13.342561353235153,13.416374749225376,11.001068372205012,12.968142178395508,14.364184315756697,12.874855857945265,12.262590820576738,11.378617231961469,12.806519915040774,10.700654813472905,11.100583053633871,14.65901604620039,12.426232148286935,12.610966637137926,13.838082976307351,13.043281995346133,12.617897280511288,13.406428658295528,11.803873054145521,12.411706286624103,12.992896227770146,11.98410681968091,12.301752980149432,11.919110982521504,12.929616569008815,14.030356837893219,13.177830575216145,13.41862533802196,12.514073716672788,10.700416914681547,12.57530033597834,14.412693206087848,10.632583007330698,12.779800368143064,12.978955860967913,13.134134444446431,12.220338132797147,11.87569379660802,10.873858601791701,13.130873827881512,14.209641939497114,11.607165586507211,11.877568352534343,12.966122584656436,13.978380047679511,11.59884716083025,12.121113149759113,11.497800824331595,11.788716729241631,13.642259270551722,12.551275054326974,9.232314331538804,11.879207908961762,12.76629768422034,9.95973074500447,11.67879138537429,13.950295880994565,11.68415147396533,11.351999110118395,13.438955527458418,11.867112611861938,11.976939937613695,12.419037070595198,12.272916963955637,14.037903932975713,12.400467482502515,13.612310309667457,13.61159011226969,13.36582347627104,12.086451689867193,12.09228654350017,11.5764862626842,12.486042498156278,12.783542913624844
12.540275919090877,13.086460280758581,12.532525310372936,10.76152086032255,13.749360697514847,11.291248102787032,13.406083294464569,12.51266658134891,9.691525088607628,12.46132598959572,14.012829350721715,12.327254330114945,12.434027692014105,11.033904123714853,12.233289269344318,12.483308227844224,14.194853618988489,12.380828992486688,11.71828374975562,13.476688738647235,10.405259184305494,14.28309747735023,11.86265668478468,10.453735596305375,14.390465730389911,14.124952519423761,11.354735890665816,15.34084464021775,13.507168922198204,11.975993662338126,10.836502304015223,12.820092956324068,12.134449206125604,13.347036800019778,10.915586893220505,10.584775714231197,12.355603840739567,10.834624574051375,12.29820586900486,11.207662791367602,12.091000630434232,11.83749379869541,10.353587599542323,12.739985985114908,13.350914601947544,13.337516392246156,12.376053828468738,15.523400278265656,14.148208082178071,13.765719571971335,12.87931185375592,12.630477647293299,12.253487298388226,12.526758356028992,11.99318045794179,14.840241760881042,12.934008686315005,11.198277811056673,13.26580556724225,13.479076886005862,10.508818008985303,10.764409645307927,12.529280381335207,13.093464350127949,9.42832769030361,12.8517140451904,13.398883160013998,10.782089058106939,12.28435027791799,13.134735642147414,13.16697887603709,14.734107634912672,10.983387100924261,10.784217202142456,14.41777758722245,13.188627646055387,13.274263246677094,11.714519553177203,12.628730101440315,12.867580202696471,10.585040655446623,12.312792078659731,12.74666931036658,12.23639135229502,14.441730351361963,14.354438246369144,11.698029140842923,13.692512228081567,13.787830585157128,13.273344107257673,12.257732844307458,12.98945263433268,12.816297907135757,11.883524742174473,13.93576107102948,12.06889234227846,13.818571882082859,13.458705971629449,14.142106310912716,14.621950525376509,11.838452666403366,11.540677662812369,11.690652079687545,14.264075472243587,12.33664620145421,11.76248764624839,14.142608033482112,13.783500381651999,10.545296626271066,13.891251100589608,11.867249212662632,13.674620283787894,12.446624133979633,13.586612740623458,13.326139245838961,11.421400909684255,13.06434824728916,10.839550347625217,13.887561439195869,13.0229651717484,11.623631069621492,13.016890128414193,12.405410897351253,14.064333390504178,12.054060917367911,11.35944455431937,13.37268932761676,13.345715759501518,11.024026896110945,12.920300883052237,14.406222254782191,12.878410130604564,12.138720742160007,11.491620749310346,12.902028400967252,10.66154860905515,11.257396746329297,14.516650867624271,12.302071306133877,12.686063750425761,13.819551966404891,13.095663136138235,12.606064110978185,13.511304365216041,11.771265489605039,12.464111901205253,13.11667347823156,11.96579991263381,12.376944732268313,11.871955424983454,12.962848517894763,13.935655672167307,13.110407745367896,13.387793132730474,12.506947495431506,10.715292088790195,12.610335798254566,14.361779380170477,10.698719987798306,12.655644246823641,13.010185711798881,13.068723197363536,12.258499082768136,11.879077283644914,10.966350113216556,13.030103336156834,14.365713718016515,11.526064554520035,11.932368773300981,12.973387264410025,14.0267570784298,11.674335806667802,11.987568571180491,11.506898896405014,11.837040036919774,13.49110141217169,12.659436817208324,9.061701279804314,11.90131450289526,12.673885860717418,10.001160826289869,11.708139098785372,14.097657892684936,11.66140924229216,11.289759021593806,13.380305697034503,11.844641780515781,12.062136829884984,12.462700232110658,12.37099164866938,14.069057538085278,12.32316350673373,13.659974663215515,13.552938617746793,13.418986732455751,12.15926488502652,12.020117399316618,11.867487257237158,12.297575363140497,12.813212752055284
12.51219985263917,13.23257632117744,12.483340309187962,10.708155277262941,13.764522438665908,11.212595088513867,13.345839698419876,12.403494418351682,9.692889552288053,12.344796700490367,14.074567212822505,12.441790952808956,12.360198263757583,10.87979105993746,12.118106300885158,12.41624042119407,14.134821553248974,12.407751318202227,11.771593936610074,13.320130182244066,10.519116872005094,14.271523878809376,11.989998876164,10.55824438746053,14.448795851248391,14.142810762953156,11.25878155243386,15.352140528489368,13.507466534355453,11.917061260028952,10.910617098098529,12.89183928411679,12.27528599483081,13.342985904925511,11.014739515557576,10.684614322117097,12.449447487035052,10.893148486826753,12.243114524879054,11.343705516434357,12.196334849158333,11.864942707295954,10.171798271840027,12.769762873970414,13.393255585013376,13.200451239881277,12.459001082098608,15.655379440961191,13.994455600517156,13.886659070289644,12.963195562369451,12.689299342200973,12.215917182518293,12.463548922338234,11.82069629201106,15.148339905882946,12.940640279928804,11.207750116623059,13.16389243263385,13.40334966780152,10.456887710620421,10.747724634263726,12.45802751584087,13.150790034554294,9.56679935073113,12.82867292539914,13.452142293800803,10.699369484752461,12.162146093264337,13.069858047659482,13.063370379367411,14.765510126595814,11.023482950550308,10.806473438483225,14.38131795162533,13.330264748732988,13.234767612216254,11.777266631237458,12.595020156811772,12.905415164303562,10.685157617530091,12.508804190421307,12.63906451862801,12.099564643087872,14.600404607044288,14.239864719301185,11.550689874813951,13.642801483165107,13.618851232776246,13.352265819828304,12.40221757747487,12.883335429130415,12.66371486584645,11.901797430386742,14.097202708271801,12.122306645709635,13.763638201124959,13.47429585745716,14.153202700742955,14.65406877331283,11.836479716707299,11.561303830655719,11.688972870128202,14.206386109109165,12.320954470941606,11.724266888512897,14.03907086181989,13.699091606548372,10.54936757345387,13.85635668640358,11.965504339981047,13.632372984178238,12.534342221463838,13.51797414865014,13.374630744587156,11.333986826908427,13.041864222433505,10.869191175661594,13.766709185293056,12.907224834112293,11.546463687102154,13.064312499342831,12.320353526110445,14.065179300296622,12.013001217151203,11.43823384221033,13.582915775017385,13.417689980198748,10.903602131677031,12.969072015076343,14.452788658666819,13.022378904107102,12.077507674856564,11.55076424334022,12.86643930747277,10.480217157095526,11.380813702858307,14.490128169570772,12.171856987973314,12.708712203226794,13.676089096231385,13.051509476838548,12.639920396932268,13.498995901067577,11.712406750556667,12.467851105144705,13.191402456242823,11.832331793570727,12.492839246401042,11.763741126711418,12.941220316092359,13.823577456366882,13.29871790275518,13.387413337556795,12.485516521024753,10.761540030764081,12.619228595727531,14.401528314941093,10.789863232293836,12.659339584224677,13.030063295942163,13.105545515788535,12.17351842820127,11.836857602093838,11.065313458141588,13.069882222753453,14.429306618274445,11.627956939799624,11.975400124893204,13.064665587700535,14.119576421613049,11.696640290775836,12.083045852637236,11.60707227016056,11.88208827785635,13.405669656231318,12.743463084021672,9.101848848891624,11.891515061903906,12.786182720292418,9.995791672387858,11.587794328165891,14.120912078560954,11.727925539120907,11.463699885564674,13.55885222832222,12.039271539115948,12.109194658761774,12.626131266145217,12.371081463012983,14.063661934877272,12.357914013871754,13.684444738502766,13.58516287008145,13.406413282269522,12.209637714304296,11.991621690803562,11.792367778303069,12.32444381463494,12.822690263781832
12.603072551811946,13.220849595219445,12.494954323629809,10.760857652645656,13.817705625232456,11.343825470143848,13.40645380299825,12.342144216376184,9.664257837284486,12.403102329959857,14.128631876914035,12.400474431760856,12.325432478303423,10.831536599421307,12.17948203944728,12.532191601131014,14.123015530739607,12.285667352865136,11.773117620774642,13.21228277702931,10.550922521287932,14.409999235292185,11.9851220915012,10.468998771163454,14.437174097107507,14.126082254660412,11.416311825454414,15.223712734696912,13.444769243416456,11.83861998974027,11.032305922525751,12.901249658025787,12.362422709145372,13.52847918259755,11.118548692087142,10.699426771277688,12.66455036854011,11.045156369895416,12.393136286056457,11.311883516428649,12.279836366088478,11.807969109365331,10.111774788654612,12.89758642312277,13.500366744233652,13.119606982556215,12.521975395838185,15.588445830054718,14.076765394288824,13.94264548396645,12.942917853308966,12.800404855981412,12.161406254811371,12.568851411419471,11.811756520830656,15.042968500564793,12.859496655715585,11.242222310253203,13.01917743268637,13.516765249283594,10.296119543692733,10.779258407059714,12.439101919852778,13.244741007847233,9.520162874566703,12.712836278303563,13.402543872877063,10.660611720904805,12.227127374228687,13.242053153004752,13.083032563369295,14.81514915311715,10.953422881805261,10.830726723903968,14.439939810223938,13.380974389198588,13.220949814642651,11.95918380421793,12.731371605997191,12.800992917748028,10.64530992653623,12.460191559535252,12.575343573626736,12.012488857317598,14.561079561087945,14.260592362148488,11.524636069180657,13.698798080804268,13.693349542716936,13.394441596366425,12.2890042922448,12.808296480629984,12.668896970112,11.956373050567722,14.007809226625183,12.220064229649008,13.769593721692702,13.48466883605926,14.330082470755782,14.696386810805167,11.899837970729811,11.64270605016775,11.673933470527777,14.152257850469242,12.337385485254774,11.72002473237973,14.043972068531307,13.78682012294818,10.505958367071111,13.934603157608334,11.991488849472008,13.615145178587463,12.44196347110967,13.527616851189517,13.34382426758639,11.277362334507677,13.00105384620821,10.903329942868202,13.829835803832774,13.072207232652023,11.50977983755649,13.173672826691034,12.218996025963524,14.207106874433691,12.058356818318702,11.46648554066745,13.54719075483979,13.450924786576222,10.92786387809688,13.001143145516359,14.384088661821986,13.130300822205342,11.970757421154058,11.529561322754475,12.828133221720007,10.51489714087846,11.35224642495985,14.615846741870413,12.135874619118038,12.713793103442319,13.708332387949598,12.94652187412896,12.635148934141435,13.397195567293783,11.556268628829976,12.380651316667102,13.220418413494095,11.920555046822999,12.429926246594784,11.842122878043696,13.0392874400925,13.936818201244282,13.236562896193302,13.509840635359234,12.420714220886904,10.744904673716237,12.72855512695693,14.408482633075828,10.797967382120687,12.643855637945947,13.029177451369215,13.087097571524822,12.021245100444945,11.777265816878584,10.977428791981447,13.048369700216465,14.39413738123708,11.630556542999097,11.986125087152615,13.093818075656568,14.087114047092749,11.78438813337901,12.344642789489228,11.60366890785135,11.949611831606152,13.524576109526219,12.628642531525253,9.081419609102804,11.758136777825927,12.79495697116514,10.080476986357425,11.490632230089904,14.132492893411253,11.706593916827268,11.527250079337648,13.625896689672325,12.097510077891311,12.060458932611299,12.593838544262088,12.317274383343236,13.968208770567237,12.47372353690349,13.512342330488439,13.65283854016737,13.438224057876571,12.157272378005638,12.114287736804709,11.903209714617596,12.201187463162743,12.859498529809969
12.721808629483347,13.207638871010454,12.558718524361785,10.749659239186846,13.779714014308961,11.171342559588313,13.3690615941827,12.247280922516772,9.636167423957392,12.472480419151665,14.199465267456901,12.410888891062665,12.213575675922534,10.846063360589996,12.165688927209661,12.539098854985985,14.175493639821118,12.325082088400505,11.704505130684744,13.214748416910961,10.604496793342568,14.245112334573703,12.03308845170831,10.486535715092332,14.337614597110939,14.14310859532792,11.511124552653254,15.291156876653792,13.382179317055254,11.855830979933746,10.942344998057765,12.925650482166548,12.193889281440653,13.562620862291672,11.141424124759867,10.687083183796657,12.660600952863813,10.998322059880312,12.449743041893715,11.390402450066476,12.41202696763098,11.841695586334286,10.168355390582532,12.918884163258724,13.403159447698249,13.246173251738647,12.487312978082313,15.585514662431363,14.062574208040674,13.97946686191188,13.113498821025827,12.620585246764238,12.325199911873328,12.514111849972032,11.575761483662774,14.965769158370449,12.894907257014484,11.168017982707587,13.021764722137815,13.517760867544483,10.369506137436693,10.816302192457211,12.400182704594524,13.322215679880285,9.497996610146778,12.590126669378737,13.48668650156593,10.599927847633785,12.122699475981262,13.229305514649466,13.130453497335884,14.82471131220412,10.97604612616723,10.930590775820459,14.322373133342511,13.567037467374012,13.24584357556397,11.872984891513276,12.741038542583901,12.896052869693653,10.658747108058222,12.403716435492626,12.69397758979198,11.864578405841403,14.52857680537485,14.452760610202242,11.412250968747975,13.854670149518093,13.676330453286528,13.428520820978132,12.289221249022155,12.787209917242063,12.814875328594223,11.913005114951247,14.013550773157316,12.196592144498428,13.726751287118242,13.627924727644583,14.377332243010656,14.573838072929084,11.917431853206702,11.565120450382627,11.689093692511383,14.087184556521198,12.436372028088407,11.811938554773679,13.956770997175614,13.902990068194935,10.42512726047581,13.893566135246356,11.878192028484719,13.79488263835154,12.477295544379274,13.502168417002933,13.278101501451582,11.307144005932882,12.888845052459024,10.802222280698581,13.79742760928753,13.028871399008777,11.45264430632186,13.301471554072444,12.154433693555749,14.40902690916219,12.059362272189896,11.409413160857632,13.539727285876038,13.536786212575292,10.980904851104073,13.06324489094061,14.458184005586379,13.225881932954573,12.047022723315559,11.383821065621754,12.93518912556069,10.541537221476498,11.306558616288081,14.702752994343887,12.247813348554391,12.684707031451833,13.595272740945807,12.996608844591565,12.758190402867163,13.509344507272862,11.483739696948948,12.37208488246092,13.287362503531744,11.952983956486218,12.39207397071955,11.801686501391721,12.926206268168649,13.947706212844972,13.275518676245094,13.664958988409154,12.39835672637504,10.675792666757813,12.71105399445415,14.366228273727488,10.745311689787496,12.717435218121574,12.950772856419619,13.148050265574401,12.01924565667205,11.77740324719914,10.942995545851756,13.15560980397921,14.3750001511153,11.506083458668284,12.03030571123478,13.162534630454484,14.098050372572802,11.796692410862732,12.244655770041115,11.698973855656451,11.960114691246668,13.611386284732918,12.667013332465821,9.048527404878694,11.734066550549219,12.842009398779075,10.140972384362142,11.5653418529784,14.185125061552469,11.700979282947792,11.581145959219594,13.577555887477972,12.103089814307994,12.101004735012504,12.667833762602259,12.372208276369793,13.957179260647544,12.537978063311813,13.480812898135312,13.519603780480832,13.431505352613927,12.009792392072441,12.201755923733618,11.993849422010536,12.055309297866705,12.944967406779146
12.595641432154467,13.219660564624313,12.507041782078247,10.835617127105293,13.855665983481979,11.245019423854314,13.416875461034106,12.289472597351079,9.698425303864349,12.460639273507006,14.185033888775344,12.526671873678136,12.233706670298192,10.801151967868941,12.212502628036873,12.512888967106857,14.074205291784551,12.309453984408538,11.774785985362165,13.240614591784402,10.594431889798436,14.380068510826321,11.935438592024694,10.528791039622218,14.352906235440999,14.162666696581086,11.48674197393527,15.169716520371631,13.332014567633351,11.698865729226203,10.983978471488761,12.853316422129453,12.3077769504947,13.61367690389891,11.229448751904814,10.553060971583847,12.671099841120814,10.999301323583348,12.386784044155519,11.354982531479827,12.536629920015875,11.74733939027944,10.119399593861514,12.860385587415136,13.425390991452197,13.113063533048487,12.491624132907624,15.552403372849163,13.954456645304365,13.88482038979272,13.128173191889456,12.700595801111366,12.352339912045432,12.453957028253289,11.528713584378503,14.91405563085834,12.907948906060716,11.143470511837824,13.144283849727195,13.677259749382877,10.401855151504877,10.92438406650882,12.530324267989394,13.29777489495636,9.544682939371594,12.580710034522676,13.51704202027389,10.459954594807163,12.141533777267874,13.159356016602104,13.201666587718565,14.808354003237232,11.023661566043007,10.875221886089337,14.27141760143322,13.530986344359471,13.376016854605671,11.76507805675558,12.5879153586869,12.906095819346566,10.741864702025257,12.383811651722782,12.71368838376159,11.839966543429744,14.755367261449639,14.670255577328836,11.471331627076944,13.972713627782593,13.658880579300241,13.516055980589359,12.165079097627485,12.773297248255483,12.746612478498387,11.949742701968995,14.083519328295365,12.17425106398762,13.86261083378707,13.5794763733551,14.353345395530015,14.661907448165325,12.084520753228785,11.44967933664034,11.671387149503744,14.216877522714537,12.490100924593545,11.82038678687133,13.973587889848433,13.956069494037356,10.426498466406048,13.8976524585352,11.855819673917138,13.867580907385147,12.565501643341094,13.477554835143387,13.18388974447813,11.309565550782427,12.925608974624131,10.837100876642968,13.823488254953183,12.994921554298958,11.41634066068509,13.318072661493307,12.049602050118242,14.450181966490781,12.153956574715382,11.49253964756385,13.614069435353176,13.582763111706566,11.001010751956063,12.945943876103247,14.491863282022353,13.250631863564566,12.214078217554897,11.50455026097147,12.895707116646024,10.447988233482539,11.396230385577292,14.676585569618561,12.199445708602484,12.70515207217239,13.55810117803662,13.129066592169913,12.775630072303276,13.655566503128098,11.426284110295388,12.3663243292198,13.3210275789807,11.897667510756905,12.29158648220183,11.831920779297693,13.068211216855715,13.955101408530103,13.376705794612484,13.662040521627862,12.481138762869184,10.58473123351008,12.682634453911028,14.36297586656034,10.854606123844075,12.76260025836581,13.061005889849934,13.15114607892726,12.12782121515591,11.848927446685227,10.999126653572166,13.235089577077412,14.418893153332826,11.721111505272459,11.999388253433967,13.21811702147391,13.995475677808086,11.956363034875709,12.183567752738185,11.639009859631722,12.090466780437685,13.604943683512143,12.45712430293799,9.129617029613305,11.744465922853713,12.754834034818423,10.194733553677978,11.588234842231861,14.25143648875116,11.64508120162072,11.609546157076839,13.549302270107443,12.106109021548052,11.993509365739584,12.721847957342554,12.351694513753332,13.985473926646765,12.494392673182267,13.440084404656233,13.44415510869785,13.546153043595906,12.026129213670528,12.214161318593254,12.000453764953436,12.174771005874174,13.037006786680926
12.495214853771792,13.209930875926435,12.490848585853648,10.985811942873992,13.871491601699327,11.224994824757331,13.425157349590311,12.26896279534062,9.614809839511176,12.36668781068494,14.122528270645944,12.637033756410219,12.335537029992445,10.752749458923182,12.18777854542092,12.614875664228213,13.884155899434784,12.32168866680514,11.91759261747517,13.172524423747728,10.65935600076216,14.401513386963911,12.044439524755395,10.448745939086159,14.438058004904542,14.223904348127807,11.549478837368186,15.107804934571694,13.292521559905063,11.557240190769756,10.984641314732384,12.965425736100531,12.35484427516084,13.7186899909755,11.132042934657768,10.575490014404547,12.585428579457336,10.900190267043596,12.376765668550076,11.452084572527445,12.761074428081905,11.850154280372152,10.010058599902017,12.938459968927125,13.411478743015195,13.075760637533833,12.567890578601185,15.481344782453546,13.967638173807844,13.823411148147674,13.115577551264247,12.698009487744487,12.344515011799613,12.461638021066653,11.688001837417941,14.891278176927358,12.965249203013295,11.223870929049715,13.172595816104483,13.76027111857597,10.415924689783386,10.829758768614393,12.443961151342933,13.281323909405112,9.519547202825779,12.689542962236692,13.535879029508822,10.426772250310828,11.979728145878198,13.214671460914943,13.200255680355166,14.79005730949497,11.012389585434692,10.845028111793397,14.419621338684221,13.57103994389895,13.337534203314602,11.994599124995807,12.652015470263235,12.831528846071551,10.787433009092359,12.37895210440747,12.788938803563733,11.722995483270068,14.824403098121344,14.758024304495239,11.471970906788256,13.931671292210593,13.562682685141466,13.618164297822485,12.000211622886024,12.833320870216694,12.697658921862331,11.97385130685586,14.221427810775507,12.357461536750822,13.929095834049887,13.655439980974693,14.187160806809612,14.611658797128467,12.084339099940758,11.380427367014764,11.619413073824298,14.119283474200847,12.46062290969129,11.92801034146416,14.131245373131657,14.02220894452224,10.337574262697288,13.98476498716029,11.86459331355304,13.85712279209938,12.482831487552438,13.484061928585174,13.278336657035252,11.385538888284719,12.895440473790275,10.915242908792793,13.703642185218317,13.033185428476937,11.348372480983347,13.232114453915882,12.011251001474426,14.495168728451457,12.11725002254424,11.458711799803275,13.580606242306162,13.563991786678885,11.034277943046776,13.146947720464025,14.617018244477016,13.297871903826621,12.207878643925307,11.631855682444035,12.726432716951328,10.524268387642325,11.34485023770179,14.67867542457343,12.231548815219186,12.74747830122546,13.509790680631367,13.25380815985101,12.779093204218688,13.56971495997662,11.339566526095357,12.329648779886949,13.394619588504577,11.840206679354617,12.29863289060394,11.83341878489282,13.111262938784602,14.055035833604489,13.193508322094265,13.835527319992993,12.662326589024818,10.5712374538357,12.609392823799082,14.412298285649252,10.847265223994468,12.962941210042027,13.18376794024659,13.11599694455597,12.224191716628926,11.908946964799433,10.968944191411302,13.104982447148222,14.445812701389235,11.699282195546738,11.917331220642387,13.247179241687652,14.012321165773798,11.895198911631043,12.110160931930768,11.663562429683855,12.213439765002311,13.610515571401741,12.496639249502236,9.06496226754444,11.86570821071263,12.696091030185233,10.181501502595962,11.605533031896371,14.226129884905234,11.598486814486265,11.632359370709247,13.52271225960134,12.107627982707365,11.987469694531566,12.756696999696505,12.31855893717627,14.025462871982,12.576674728313032,13.48423147737802,13.471451723892566,13.484407725366337,11.871521470184222,12.226283327958082,12.03923857963237,12.22363589154678,12.86982013090542
12.673356988428573,13.302128010758073,12.414180614913603,10.971792931820872,13.804393722308264,11.198589049988575,13.529628088050389,12.30224130258446,9.647908268252603,12.241176239947006,14.04381172352406,12.591974309758804,12.431785136491532,10.81140021869587,12.372790276486155,12.605033241943364,13.866343411280942,12.31326970671214,11.992897649226114,13.377308879145433,10.742536888947903,14.336542920697736,12.04362843557336,10.518211601774787,14.440490927288886,14.337664498974135,11.468828472859222,15.087950096003791,13.360267204976058,11.646186397642056,11.082255407035376,12.990543992044296,12.334538764972994,13.75231023960346,11.16345685734376,10.642365382351775,12.469640959955944,10.967905403460552,12.393732552547823,11.530788352035376,12.692892845636539,11.725312639173268,9.948854171450122,12.960131942823528,13.324436822020736,13.042623913877572,12.564188308628221,15.349885830972163,14.048959999648783,13.82313319322528,12.912119861703147,12.660276790583893,12.321565708595083,12.443273949894936,11.624305324405377,14.992013549783364,12.948159298301292,11.275004455022158,13.089700138727224,13.73937446656069,10.400718271237212,10.768480119149755,12.484108143572067,13.224227164660556,9.450185666428357,12.589224157701496,13.60972137161118,10.495983300933208,11.92448643333814,13.375120750220853,13.222747824531936,14.835191549906495,11.040501576626925,10.84457165570628,14.574090574172175,13.595286790246094,13.371521293459264,12.052295780338342,12.69973898842137,12.898407758632894,10.857263478666686,12.552588287183994,12.692205403899251,11.778769708351529,14.807031171280832,14.817568177413712,11.417645533403235,13.937564815640021,13.578095533389726,13.729558167169658,11.83742318244907,12.829808565447497,12.536961754011601,12.010042969910192,14.183971138793426,12.2766028926897,14.001834013727724,13.628509005620858,14.269013795416136,14.71523513819257,12.110960426187576,11.392002878266078,11.566940334220279,14.166079548563294,12.520944184825774,11.995422820806269,14.196909463711696,14.093471157808109,10.45258907771115,14.079261708814629,11.9590012522188,13.875844244574257,12.532955590873808,13.493402006093106,13.344416881452611,11.4436385035733,12.950666233775367,10.653895841074597,13.656258159508287,13.046217893843291,11.39177239947765,13.3240644115823,12.115287453004449,14.450181364256906,12.096763722055673,11.467361538200242,13.641168470614776,13.594617334922987,11.047648528752726,13.105089183902626,14.686663079517247,13.263630892206182,12.265808485534757,11.66092914084757,12.738265045871541,10.65086178312776,11.23886578725279,14.639848114792187,12.236776680962915,12.812891222854326,13.634554383391347,13.318711604109954,12.911012687178365,13.666553804147108,11.295452909295028,12.503426339406015,13.541905781127364,11.843491011129847,12.300850603085934,11.843199410163214,13.218165550765848,13.904250980939558,13.274650375931822,13.903596778648554,12.66608343301167,10.487666352029338,12.649563680609063,14.494750397315329,10.840115402125013,12.989175278621666,13.235838564993054,13.268570785932013,12.247090154742732,11.82225818236479,10.987490974373083,13.205256518345049,14.34924172436075,11.637730473624572,11.993817619949478,13.178258133706136,14.13217140947657,11.877042821366352,12.120354391498795,11.554925764928578,12.225097786776391,13.651806667999333,12.397281213897218,9.088185596390934,11.918145389791423,12.52788768662768,10.124365735958788,11.689819343204112,14.328502480320699,11.538713498686972,11.633619946238566,13.476492675171956,12.215933084678271,11.913899653086956,12.84966485717276,12.328616890212592,13.960427572067633,12.51857336802854,13.407430392517325,13.51502628073594,13.548877727983728,11.844662472538936,12.376868749741835,12.100725036631207,12.37515224481927,12.884119984141075
12.71742892183133,13.40948887888382,12.461882370311002,11.030575022816429,13.818682981154792,11.103742968203635,13.476669748150622,12.308739335187182,9.539014884699789,12.228628593949185,14.039403664737378,12.550071512330241,12.533318067695944,10.833639130340371,12.500970437594088,12.631277286516228,13.760064733727939,12.262741329641111,11.983374084811048,13.341516270768087,10.790604058887427,14.319801192660613,11.995660476362122,10.452977701425167,14.527278559359027,14.384229054688952,11.481280281195312,15.188866750969861,13.334468147288836,11.593377608053887,11.017534161151284,13.1526695264242,12.267803274092888,13.886135325076607,11.181434249662063,10.604138163703773,12.425415994389297,10.819566881506862,12.422471528644877,11.542596450869201,12.66286945389275,11.670260224432024,9.925748582544646,12.991570721155368,13.306088081294178,13.079509016664723,12.642758280651643,15.456253136147735,14.031114054324702,13.850587264530384,12.9408336475805,12.56352233014675,12.396766672619389,12.57031915101965,11.63340840500864,14.892828291205673,12.9627236822815,11.292888472261994,13.06406489570689,13.656216670720948,10.430718879061052,10.855903605772093,12.540309477383895,13.232544501736738,9.27085189276613,12.53711779866274,13.646060062082192,10.603176627039156,11.93310533588421,13.400134068678527,13.194162152204997,14.707597186973233,11.203208495931827,10.895898756505371,14.429160509016956,13.635619659477733,13.462584212655392,12.20428825867767,12.703561795583939,12.977456983373429,10.8201228582272,12.40518577928603,12.659461947090021,11.688131087063315,14.776396968227893,14.883849921766078,11.270060648333521,13.82168852795514,13.631845989657469,13.686401239401647,11.924925887551776,12.909204772355277,12.51504626103334,12.099756472712652,14.088823660182795,12.197853764090942,13.85197704605235,13.51829878166605,14.31829822924053,14.653299983800435,12.182937022860386,11.337907086203158,11.52688639959086,14.275529297901464,12.49037970263371,12.0674836290459,14.174316858645449,14.119761672582573,10.449457795540305,14.00604365116905,12.033820588162376,13.928543417907486,12.411484734352669,13.406879197432493,13.356747487794625,11.422138288523474,13.02936986919556,10.671234172894946,13.601512011901026,12.994909229226492,11.417288276739399,13.399977173260531,12.059896483287503,14.39147372013484,12.105063386431683,11.462046234016482,13.707093958583556,13.674117794665326,10.93502637753642,13.206702694480601,14.45240553300317,13.210065379272837,12.439525327040235,11.679203032183178,12.747170777735318,10.708236130300438,11.266957923017006,14.479943272000302,12.353081156312419,12.790482785315794,13.587514587080403,13.394542203405122,13.00315144705353,13.667720804750102,11.331882942676316,12.45323792963897,13.538886099970982,11.691946685342293,12.22152561223134,11.808153198813866,13.215042316748468,14.011303121658829,13.358881689190108,13.975956637983852,12.651672588865857,10.440980396948243,12.643662958505551,14.463408219131605,10.883368067196624,12.900541043061406,13.23348581933478,13.296602174516345,12.181625128268587,11.788470488243368,10.920636668018354,13.10231515549327,14.412907734185888,11.578566696107528,11.990897385029863,13.131946522936337,14.178466970917704,11.994674674998873,12.106300471908591,11.503426136855662,12.177187955449075,13.58396527216585,12.529327390626943,9.136994605016227,11.970865159035775,12.464318584904518,10.134643404921214,11.731187163167501,14.216457029328994,11.597986323885525,11.600728488432752,13.478420386495387,12.242792926010813,11.978837708434364,12.73549069441362,12.226808035740381,13.872910863094551,12.733281697030835,13.456876048993403,13.46598033774944,13.575594593742014,11.852345981983904,12.285679002511264,12.116211623734786,12.360784262448622,12.898465009143715
12.737764940153722,13.217719328335008,12.447174548501925,11.183191021319152,13.782616894221556,11.105528303684926,13.645210085788374,12.376893335627194,9.452883174038103,12.2292523646757,14.069933008992475,12.57304748267517,12.578492620767774,10.863530122132907,12.227222415451191,12.602897306970707,13.614016665151219,12.294549512663197,12.130525957175367,13.366687160240438,10.647467993229062,14.454719940783619,11.949777225027573,10.526702540386148,14.357227049774378,14.446686595148151,11.457926081792479,15.262637901514111,13.302346300057842,11.661567204823537,11.095813063014967,13.212730261052755,12.298655323165697,13.930868822732487,11.32073870224868,10.662025727399117,12.507210159371906,10.821069687886782,12.34627115821112,11.445385701771041,12.570348474716205,11.814191875888861,10.087123388734012,13.137824677551604,13.492083737679724,13.034464176753174,12.62417350812492,15.543694079745697,13.983803234777074,13.846173852585597,13.004006192469927,12.570389367794869,12.40276868055773,12.548734393912717,11.60773103027071,15.012606928922745,13.053891613977797,11.349187895020513,13.096881502638853,13.506269885797831,10.67001487271113,10.848226008836637,12.49789304666097,13.3229871185519,9.334800408634964,12.591433743522341,13.522372370341708,10.58822513580965,12.02515633397732,13.428940407579839,13.27915530620417,14.680523241466648,11.285809684594458,10.872127998690134,14.272816178435786,13.580976619677328,13.409858730538675,12.291784113922668,12.734401730210134,12.993296929435408,10.75064275752479,12.39642713126527,12.718135434267904,11.70692132813764,14.840863246264064,14.924304092360096,11.184653223654626,13.786580704425806,13.657350754596811,13.639529532548725,12.002560781308226,12.823434245290322,12.545837007877322,12.089315989262126,14.151389784320664,12.18903884858336,13.863965475717897,13.470328279140197,14.35736138713553,14.687541736744118,12.310964685780451,11.33602305511538,11.573472246011429,14.390336742456332,12.477236401371666,12.261190924177443,14.124397884913307,13.998438972493835,10.410703951129793,14.00855998104877,12.029045893530052,13.876702849088387,12.467998695589298,13.2493535327867,13.324629213111471,11.433475222541677,12.9742565761099,10.61225808265439,13.428051036813402,12.935875078557263,11.451822037967313,13.30952681501184,12.138885383613653,14.56334086155734,12.144863307366352,11.496314803302274,13.672709476508832,13.657670214065442,10.920758459327987,13.1995701888699,14.395779389510452,13.351248477138325,12.407757309917823,11.822987769382863,12.71967429067767,10.691821011131807,11.245956401151274,14.417785129491552,12.394414684278452,12.819516445200255,13.522480725954837,13.363593620914955,13.022598530397929,13.78821507550319,11.2129157166814,12.551346891655164,13.572773022567553,11.77206551220573,12.113826183683614,11.820025276138571,13.084536001663235,13.912199695381686,13.254366354951747,13.871980959624885,12.762910174766663,10.555978820104032,12.55560490294868,14.501545405915873,10.88056607041121,12.961100015053393,13.173941451804827,13.240079646462858,12.229483104111306,11.697096496858547,10.997675233927454,13.118110650361153,14.457195862733862,11.665620821167881,12.009372503762611,13.056380423476087,14.11680964952068,11.950789644002214,12.14648647775977,11.565750598499843,12.115366851376482,13.674295366967531,12.539584148512164,9.238357978401663,11.97104383559555,12.42766376771713,10.089966375760719,11.754475847278547,14.29958715669193,11.679350514850986,11.64334379347618,13.657308233937451,12.264530305678312,11.89075003524455,12.634712011308741,12.082870227139326,13.978261255529764,12.755374177403494,13.584553980454931,13.515792496109285,13.476140352613223,11.898650854907542,12.339480725305606,12.127226858743365,12.31390887555617,12.864130974835671
12.792801941209769,13.297308642453157,12.570787698368337,11.087973644785643,13.7851833816392,11.309489069326956,13.619657699722756,12.457439469502352,9.437523141209425,12.21855296171383,13.972725190139238,12.570457093355516,12.541914956067743,10.780394532032702,12.167798584759122,12.695779180402164,13.622267574385987,12.29688363409267,12.134652444070031,13.45125332581748,10.823847746070633,14.477361091245296,12.0685268624848,10.498755644291732,14.36717154894998,14.56490444436447,11.385300623561314,15.388869663920643,13.456534321107082,11.652106323190075,11.204476944190748,13.339915959153164,12.242675589004518,13.962798461118899,11.358785301144604,10.772318780882863,12.512218342151561,10.737261566874999,12.373078586366368,11.376323032703846,12.471999805520909,11.850641258439271,10.153891631934567,13.171038684219972,13.521303127022032,13.104729120725729,12.56476883155425,15.547127588821708,13.930442445641024,13.850559475625356,13.020727696220646,12.43046072625843,12.365924216774944,12.595570977407304,11.667048483003157,15.11437983856123,13.157148866328171,11.35396104274061,13.113636446972189,13.599465692233798,10.739803168531575,10.844684214431615,12.42496620573047,13.501704029352265,9.509873330974397,12.547715133387301,13.424439349854635,10.688526835333029,12.022470386210042,13.434615941747332,13.171880408786127,14.711481209306424,11.25085351301746,10.940807951189766,14.271124972853388,13.625213828981922,13.406560456544241,12.324740971971877,12.803696254785494,12.967249042515927,10.744157890388545,12.362969121458683,12.668919440085878,11.720118768156937,14.822581637838883,14.768337601015677,11.233325782048235,13.869590684323187,13.603968010573777,13.665966766121224,12.067746696554781,12.806507877301364,12.546024678890893,12.047379869090731,14.10044045835131,12.27514893553509,13.883909987119003,13.47082933765848,14.395531684357888,14.853173523630073,12.288543044781305,11.36368026001698,11.51866920716649,14.479845553607975,12.621325238010156,12.288979348657236,14.156801516703412,13.997408584070334,10.324355954521616,13.936408747722393,12.145217266398664,13.883628062315179,12.37302098783646,13.30545770836308,13.388892152841377,11.384110426885453,13.064080843599895,10.612352376857883,13.495736261083083,12.883343629501208,11.363115744986802,13.329256396779204,12.142289305068592,14.448963782594376,12.141065455109844,11.484510726357165,13.710684003808737,13.566737901924125,11.007786596856635,13.238861601015497,14.435358364513233,13.361434204641496,12.441685199173468,11.888760771292459,12.740533428024246,10.721912024995024,11.288572586443554,14.378919337485444,12.395387311287598,12.963906014148908,13.541626262234761,13.40765077746492,12.980731428037497,13.953867239962422,11.248136685624099,12.48275579286199,13.643329913843635,11.76920095180625,12.115104981139906,11.806953450141338,13.099285659241986,14.015920517450546,13.274579335006836,13.861094456712502,12.769851383219272,10.430557992202575,12.656261519013958,14.493304639101538,10.737850903637597,12.875267876869314,13.094292716566997,13.256568423383287,12.338882867864179,11.539245263846555,11.053327291584127,13.13284698246148,14.416182512852,11.713751557191395,11.856653404138738,13.185112347994968,14.124717351407764,11.953802207594032,12.081240807225484,11.626335108020841,12.104960460957184,13.82911788509612,12.489755886194382,9.253280345784418,11.918942150796878,12.476060496646731,10.097275748924636,11.734996508829381,14.239264445831045,11.70973320220732,11.887767637524625,13.58853451025656,12.277285561709048,11.799709674428538,12.705844840136436,12.262796050374448,13.884182333461878,12.77976197198771,13.656795880894006,13.401028314993043,13.59369057110278,11.938714074918586,12.286961296628347,12.17694739462514,12.403670315366481,12.925765496631836
12.890543119158117,13.34320509268644,12.676440361061292,11.099556557725057,13.924004356238434,11.473925993002615,13.657765013846511,12.37763608325152,9.394657570744176,12.119064248129423,13.960492075092281,12.633535722902728,12.447070878654422,10.690642969129708,12.354368214772562,12.653807274405912,13.709621614949622,12.298345859781504,12.04329707855244,13.485355235254941,10.678457114816867,14.451219977474823,12.23013516366232,10.42800589231885,14.364257705805992,14.569379701253688,11.275028211753362,15.408314621762132,13.447646804660499,11.681343281041773,11.28685616495601,13.334165853015367,12.092843348406957,13.884892293745711,11.30621268931922,10.701677779280523,12.530793440477671,10.844680127391289,12.279572360076093,11.336743602344617,12.466276804430715,11.850953109010831,10.11255307478128,13.141061738392409,13.502604303497723,13.069060756045372,12.685882596543095,15.408426994079397,13.889838232184095,13.74146828721959,13.051848408116307,12.446416170712514,12.455835149596378,12.711650404531847,11.69007999065506,15.035228649279532,13.173670422924321,11.412345221245182,13.016778786581968,13.626829534958384,10.739227633543349,10.89761208669234,12.416891389016248,13.51214392263602,9.589733945857933,12.595139469587735,13.50187202977464,10.638458847487698,12.092288059439435,13.483178502976736,13.142200532360754,14.772860729164552,11.159663959268531,11.12647991633094,14.180780709230804,13.496832776258563,13.372899116832077,12.332688914721746,12.868608921706429,12.856064142163941,10.896819161706992,12.189887192840832,12.767880591580088,11.743965102057226,14.738771553966016,14.862168259554327,11.131021371617406,13.956778668705201,13.480883225070649,13.660464574083338,12.172439463334186,12.80767227142139,12.518134101197978,12.010533916980322,14.095528304303468,12.23741686556067,14.007694327473216,13.427419599791852,14.305140501787564,14.835464224255192,12.4269159684816,11.360579712164405,11.493103541627768,14.514643398759912,12.681367497361455,12.458287840829419,14.140381621009404,13.896563812285624,10.352448510141432,14.04530684944377,12.176117019219292,13.836246469704324,12.383011767908476,13.46245584524831,13.441072666439426,11.388115359031028,13.042098661107643,10.559345813645711,13.435000609128142,12.940264402365255,11.359489111131774,13.355612347053558,11.982404365657331,14.480477350314933,12.052565968414097,11.4643689543333,13.77704213472073,13.46392535627139,10.970458479141149,13.123412061377659,14.432262312618837,13.299850179031587,12.450926514062271,11.937175014516697,12.718768492745694,10.758539353340963,11.329172181814206,14.443762740238576,12.403197282948778,13.083466783235783,13.56138569659935,13.423270797739175,12.927978984022838,13.751406375022565,11.238676974441589,12.468034996498583,13.649023035603848,11.74424686392076,12.078017300407309,11.857024776841161,13.11183044793992,13.952674012305254,13.102356620509843,13.88081155680559,12.814529462127185,10.328507575103087,12.714646085927301,14.371519039334075,10.741740819701945,12.88726055397782,13.102211219970298,13.389073541658085,12.235312191436936,11.419097129534538,11.143873345929636,13.021605385623962,14.392048658405427,11.67587947498869,11.885842055834456,13.107540264912314,14.08625017961501,11.805209435421713,11.989034557351083,11.533618332957625,12.131767277251795,13.879887789098257,12.430284288629581,9.216978270432811,11.852754406665163,12.451343139256057,10.074722090093156,11.832180518657808,14.158464193469868,11.760446054695521,11.885820307049068,13.574157627333847,12.3770005530596,11.86563596114332,12.643163054491273,12.216973458039224,14.026822874805353,12.914429067923155,13.769908201136959,13.411031751290096,13.576938295982766,11.924732654758492,12.421668721362959,12.075978992541033,12.42576263725603,12.970304972586549
12.964608627218357,13.497584390154934,12.578109692582798,11.024350324502041,13.975245467904934,11.507155153311745,13.653654853635235,12.254259787625848,9.30101330513532,12.198890441680394,13.979919696552674,12.650518610425125,12.296593236293907,10.71859889927554,12.42831014080105,12.582051022367022,13.66193167353546,12.328690382298888,12.081700928062824,13.621887163527832,10.789624934027287,14.550557455069614,12.199930693366806,10.562982264383045,14.206933277902463,14.689302905435616,11.285578086279916,15.41728612146337,13.40992148539654,11.678948495493147,11.408844243282937,13.432079226322386,12.015260068585961,13.877173893239789,11.352376271399192,10.73920656292498,12.505641830169408,10.753033382373209,12.293729618110952,11.260365243750567,12.440975479922455,11.75297245258078,10.012404115535006,13.127418432728236,13.572039280881647,13.123374802773627,12.599801471581129,15.375560651181129,13.871576567236975,13.693630785364762,13.033627937567072,12.405110325965964,12.371258685436503,12.770370767766476,11.642149219254522,15.088166592709946,13.266543202940463,11.273090641571667,12.957502974590016,13.729012709718834,10.656504594420843,11.054683870377971,12.504377222195071,13.505229060582568,9.524038117700151,12.564414258961815,13.682053545445523,10.594219006184941,12.146265689618069,13.558914457022427,13.012757095772379,14.73293687253043,11.134252269530778,11.006722595603401,14.230789386858847,13.56784148605888,13.493097031675873,12.30660695152525,12.755525516306042,12.857367699405826,10.804721962380544,12.101628822682159,12.760533104200098,11.72809380158702,14.724898901853958,15.013433569543917,11.257224681859588,14.041224134052097,13.524248952477672,13.490087349315212,12.429189410038326,12.815287602091033,12.547373469096543,12.122838452758556,13.966245255708069,12.071337372169564,14.150435608935398,13.430828237885136,14.312617644293404,14.839442913124747,12.518145556187202,11.426381786925274,11.45536278736108,14.58315228965494,12.59512757846135,12.54516292299085,14.35829465371337,13.622672432285421,10.541940001137375,14.035064512598796,12.124092626655088,13.859680818750217,12.373109573653407,13.45466524194813,13.480116421847704,11.390436954977453,13.089134824425026,10.484613188560107,13.464615952689304,12.991233767500647,11.424481121065714,13.30353262964516,11.996354226174729,14.506396220579559,11.821795565497135,11.637732141847028,13.732002921353292,13.480391711113558,10.933561138608503,13.193620664116741,14.464604855655626,13.210653798164522,12.543059367417568,11.873339015371839,12.632700453954728,10.718770475885668,11.311783871554011,14.402709330292819,12.329125852890789,12.997139360931376,13.529969218899781,13.437240038301207,12.962899385146699,13.763059324959924,11.295093227482266,12.42789974144332,13.705338895114076,11.68798653921151,12.06491423524351,11.76482546271991,13.137615861306845,14.030830486816427,13.316587720682344,14.000985590613189,12.778051204842766,10.379161146114278,12.820979207107206,14.372907660727698,10.769472040828934,12.836131492698717,13.147283588224273,13.416085032870491,12.210612315542075,11.388271764367481,11.103113145236136,13.04013937160779,14.571746154952768,11.771481250277917,11.943578487216186,13.05128282323135,14.074267900034432,11.93376647214205,12.03770755842666,11.403599786996661,12.052528460232873,13.834110652494493,12.400018218994338,9.17329854418888,11.785345421633378,12.432599573520179,10.03738261582876,11.861273395395536,14.23338497524067,11.764981367130996,11.885887565109417,13.559220566652604,12.461346480523268,11.778129973544578,12.612630238514887,12.30213347574882,13.933472996010394,12.958429677087395,13.762532896735339,13.519576061707356,13.501248405795508,11.899841695207451,12.388805467114084,12.132237310632892,12.402723329398247,12.977646803986373
12.956761965875584,13.440005264035472,12.601030099627025,11.09495240727391,14.093613016055077,11.356462746885448,13.647733958054294,12.20619842016147,9.436710530489506,12.267551178604661,14.11678655994272,12.739599792246512,12.444318628616083,10.629667000677973,12.395950630622782,12.624484743167748,13.478556553162164,12.424921519611278,12.142626107678723,13.622022135299913,10.72111403240345,14.685436624656768,12.42609004944154,10.419404892915821,14.316543135624883,14.691420425543093,11.372685802013704,15.37533113292479,13.470035743395218,11.679986104219985,11.443443866012826,13.52149897625228,11.95930642527587,13.914646222970626,11.353359556702351,10.782655710678876,12.656310639091002,10.735847417313433,12.279745824215356,11.232198202756138,12.454314802478617,11.798964158305258,10.06334201283598,12.960885284698447,13.51706516802191,13.087394039473851,12.558771377603524,15.275994322619741,13.799613625070714,13.71157432054485,13.011670640379037,12.374937218143714,12.393908055062655,12.860032875997,11.533103647877578,15.042865917945473,13.399594696513333,11.267645925035092,13.025947952464348,13.731362870702291,10.64679484193598,10.896656665015245,12.492551159530112,13.541875974117906,9.524589982851738,12.671591529356837,13.779054575472665,10.674932508832871,12.158514855179059,13.56829243738708,12.967201408706055,14.694874964187585,11.167541439632034,10.94158938252612,14.32861165908714,13.644443117006652,13.573628513584232,12.262963899481347,12.795831989654385,12.935286553191286,10.703131328441692,12.059044600535922,12.841673694330069,11.731782115357335,14.758248219200883,15.072740338219656,11.229989057653214,14.24236339304408,13.42592129931536,13.514237326038286,12.489016326454369,12.729003541565351,12.611123260367108,12.237068919972256,13.955254276035447,12.014215974767218,14.069889253522074,13.417566234035192,14.377851423446552,14.855721788416059,12.594132893455606,11.372354895544225,11.44499582647063,14.57877819018362,12.534845380496286,12.437361136629425,14.422975623383486,13.590889393019182,10.560205332325454,13.931897449324948,11.99729309147036,13.883559656307272,12.44392251065553,13.634635093173348,13.391011928216985,11.406671748169583,13.213081929917509,10.693721627456185,13.61066743924351,12.957981176952739,11.367879012286876,13.416394810126727,11.744963864523108,14.494176102436358,11.894839033976389,11.626832753513693,13.74257705231081,13.418196330705188,11.04161443622774,13.127620475828989,14.468882641988557,13.086793531028368,12.510305111294407,11.956850569708392,12.746649700102278,10.64745787115004,11.461708708164975,14.419412501986205,12.236352013873464,12.898815577531373,13.417184241482028,13.441843120850518,12.986790127866906,13.789135473387457,11.3567201762769,12.365843336233048,13.85524828532854,11.826472612123561,12.076560216884618,11.744557170861727,13.303962240493204,14.045174178806755,13.309805584674878,13.954636170397553,12.752618470158591,10.347948674075662,12.780373235360775,14.356861706633037,10.888395717238895,12.928298672527289,13.230384398329603,13.571587568349448,12.275001915961878,11.55087385709173,11.159849368617463,13.014581920450112,14.583559011456172,11.806091360910209,11.892097305203494,13.144673253549131,14.066741192385509,12.017315935187112,12.023469980672946,11.349037466858617,12.08005167965823,13.92235088097979,12.414554420602787,9.2844935731908,11.725259119033005,12.421574718913343,9.949446948569465,11.911552830152466,14.104008970188893,11.988367393315261,11.76134983329308,13.51590737880667,12.492715170594145,11.873978330615962,12.54801763793762,12.329260385239309,13.954271486750427,12.990103764460537,13.77234154500865,13.55328944782373,13.501318809631409,11.872227947109637,12.289501942414029,12.069589688803406,12.430802769650182,12.968408937719863
13.131855619004238,13.464693927249696,12.626201050013101,11.013882356768269,14.152957819108655,11.294574653765288,13.591765246151922,12.322295570648528,9.582919121186478,12.317841067506153,14.001989864412831,12.673317660625067,12.353594598888135,10.7075316952021,12.491100595601303,12.710899937120887,13.513459919711957,12.332451353555127,12.090829617311012,13.625460381655664,10.61034513338191,14.715973626873152,12.548322427823399,10.486886536568147,14.259941748819786,14.560673599465321,11.402771270179269,15.463807429097226,13.542683289913406,11.6726512967633,11.47882810239317,13.55233250556686,11.895581448562787,13.852489371606273,11.46738814110569,10.917292712362215,12.826180643082623,10.686859533952939,12.356615614386172,11.215503796910008,12.397656757076845,11.762434805065736,10.108705428401956,12.973402682245021,13.514808427528743,13.025557393144815,12.603863767206319,15.234822156404864,13.768261796953311,13.7636934338532,13.037321328896548,12.276379427637195,12.446268923259929,12.91562466157535,11.54380568267922,15.17401201365225,13.446092902821535,11.160865017475931,13.223932492720612,13.803616584337748,10.61172456406668,10.871492244800594,12.578147161634528,13.601337253778972,9.507924424831735,12.651459621174938,13.825553244720554,10.629695976355451,12.199399479443368,13.7143752579983,12.904788135488278,14.793461979529235,11.241763790207365,11.006604795696823,14.504460105724027,13.742379130011212,13.460616358764225,12.1989543656667,12.963024953730548,12.837970707094728,10.601547553992514,11.987749440680124,12.72217573508811,11.751073183309485,14.99804975178264,14.995298204177075,11.303182346631042,14.238285998100851,13.551986632535964,13.623706546816287,12.534685134851076,12.688093647913,12.65845829323469,12.247818511721281,14.010958109317484,12.02838636526298,14.233893335070844,13.411939724647077,14.307506166989402,14.938325299489565,12.649847107990777,11.268925116752015,11.407713916864623,14.633373161186201,12.604320099357732,12.376724923089947,14.42819816074397,13.554320424885484,10.559167349576954,14.061150547850389,11.98098412248691,13.8585444905238,12.479620108339308,13.685264798553892,13.336256610180014,11.42910424020454,13.258821492881367,10.59880483501894,13.688518877223439,13.015435484776074,11.442948504998734,13.280256287419729,11.807723729703142,14.55312624804691,11.95042007101067,11.715938290214682,13.822883128783394,13.367633740262029,11.027819240246556,13.152759973340482,14.444227479047653,13.151505281738432,12.635142430305438,11.885955057451413,12.990357675628063,10.62387720768236,11.51131239646529,14.519402204799192,12.331121427496537,12.931363057333336,13.427955062291597,13.539469710540644,12.97247296949485,13.762281180384695,11.499708413380512,12.447920371356037,13.965721942472058,11.997983376143221,12.112120724246124,11.756848780353396,13.442564971168839,14.046892528668351,13.302084931191452,13.869239180845838,12.692999351068758,10.362377540863474,12.826131136411421,14.362583762452207,10.9006754309385,12.88376335538936,13.285214418410467,13.716723520589614,12.193700953145722,11.46435788586083,11.251224178137399,13.009282522041689,14.573535606952474,11.932735055424375,11.918331233812385,13.05386454628213,14.205016769383185,12.029790558468731,12.081744115304936,11.249285147685725,12.141681366468653,13.968021407380542,12.633624935021084,9.283097666241998,11.699530794256725,12.332696993375748,10.160539255216003,11.830770402727241,14.179478044246203,11.846469367036603,11.82690583830531,13.488456994252012,12.495087155015925,11.879371315365447,12.557699746546835,12.358786835332056,13.916907577572996,13.109523784843189,13.720749581581167,13.56985980120377,13.385273056701907,11.898314186308568,12.231897915174368,12.187918966985587,12.491837531665457,13.029576295923144
13.142865499117399,13.576671817028975,12.647142961170688,11.050801862807075,14.017728337916552,11.214191692510841,13.58558794270593,12.321102285161118,9.710522773901436,12.3627254445161,13.944596164717403,12.612038180892208,12.346822262409935,10.749329857846362,12.478160439582558,12.752537476772993,13.646899950347063,12.42357077522291,11.967414553076482,13.690130898756726,10.670877109107172,14.737569910208665,12.5912004606309,10.586066761458296,14.353413646628294,14.595921909487089,11.28840994763476,15.483404015497452,13.488538335343964,11.620581900622751,11.554576724560103,13.52864845577829,11.79428439733776,14.053064371545213,11.62402693010547,11.018677145294054,13.004033941505092,10.607264010334442,12.497579794804569,11.299351821719316,12.435606154817341,11.672393566483176,10.258298892527844,12.939878502247998,13.470664359778231,13.042254899666332,12.529428057481045,15.283300078938211,13.818589913399425,13.80924265382727,13.087598080581182,12.074725844038849,12.38642347721779,12.909989005103517,11.552325313857295,15.151728681620767,13.439669080172653,11.155384282975565,13.39127069576131,13.855593420762153,10.602590478296158,10.958846202587042,12.701405772047385,13.646408478978694,9.336062041424617,12.731465666612499,13.849086464560733,10.66335683205778,12.227177782648711,13.672648557701299,12.849273444654521,14.843290239181538,11.136977023954033,11.028706952154797,14.474224034691227,13.792080557198659,13.534831207747441,12.282103297614785,13.013315145456728,12.674327016184938,10.637108711964979,11.998346795724233,12.66763359605597,11.767841285115358,15.085723475279552,15.016134479647889,11.410298456642824,14.346847991496944,13.604046209259533,13.737516396236057,12.515018257966343,12.724956574851737,12.596252855968514,12.209848293313057,13.871229263620393,12.047581091126698,14.219568241599754,13.487958737411459,14.26642240315589,14.935484715237413,12.61597490040785,11.302384588256517,11.534586843160948,14.61728039515992,12.629677288132227,12.432969146477221,14.415403592553997,13.65642229982126,10.595238681861135,14.009517126744516,12.107200838340075,13.838256490288678,12.39447298449524,13.671188784804361,13.39043759756968,11.4289855609032,13.120611521563738,10.756936296282682,13.536682905131025,13.122898593751843,11.493034277030276,13.40606505564559,11.935207992715672,14.505804643196289,11.850158990278286,11.668662720293334,13.85391113434084,13.568385273529099,10.888556366064485,13.091089410202809,14.487064875464899,13.208445304735605,12.68898740950014,11.884423660782057,12.955406843899002,10.41078728069775,11.522439673159864,14.535170324515095,12.347923214533571,12.954858815390283,13.450455077614034,13.470012871538394,13.089136496490864,13.661072035709973,11.517282346618906,12.630192774783366,14.019375649367479,12.079000951091208,12.141791074837531,11.697632518070296,13.387565687435583,14.0296094369792,13.487839171860095,13.951763356785358,12.775260544046766,10.314114644210903,12.839086193882585,14.471298395751647,10.894033509106281,12.938327001320534,13.249751278069137,13.702611940618734,12.242435151206992,11.525284710486531,11.3095130866378,12.932587967059801,14.612237418540996,11.926881019358227,12.018074748900908,13.043537075864375,14.390508355810937,11.99323796030497,12.096345327094232,11.304933267493972,12.11362330032346,13.836897052331018,12.555867778997275,9.299629892363553,11.771057736602225,12.320371215036028,10.23877668542391,11.951155058503874,14.18143776560819,11.73888112557066,11.98225978469406,13.367363695669939,12.542682019575127,12.063000606456542,12.698334920081944,12.359616837087183,14.002923268100922,13.0066267421253,13.856251791613367,13.718173351391297,13.580909663287533,11.87092870351691,12.109369004329837,12.146663710668097,12.452275287504392,12.983898791921854
13.082883595348818,13.662818852995448,12.684825348804162,11.019763198507299,14.17557375242381,11.075697467346723,13.656872648651518,12.295919017162467,9.747341815046896,12.424830968733986,14.06875782694073,12.478065729698125,12.409372275932732,10.800698426416453,12.55881721883388,12.770446707486549,13.594361825304263,12.416818121698732,12.044094475129826,13.663745519674839,10.715515010985955,14.744868413118946,12.60011535803601,10.619258947164731,14.322992578677182,14.618938259990282,11.279488157264359,15.454968927053729,13.370059853894277,11.608734123798904,11.562295756816543,13.507059240741372,11.777640101301634,14.155527801937644,11.736527183109008,11.136281787350587,12.9174943572198,10.5862988350866,12.534449252479545,11.167997681089732,12.574448931988488,11.638004149019721,10.315862578209593,12.880875440588849,13.538660274126872,12.98444154835659,12.56482559155994,15.212242185694054,13.96699358768018,13.847265597730049,13.253826593112285,12.07761701970015,12.53456249460308,13.002308520801714,11.516084748691929,15.134389077481293,13.345536976827939,11.253983679214565,13.451809624008003,13.774168613079587,10.47678449350104,11.046978858086897,12.684050076272998,13.546980412392845,9.30599227320346,12.987907366563675,13.818723965753694,10.653385536442952,12.34857376759256,13.68713727236535,12.771443406453196,14.86316530914813,11.08614771051284,11.021138917277117,14.43175759815459,13.799366989033862,13.554275301889495,12.229443599516154,13.010706730153512,12.703405289127133,10.695192366964227,11.986928495367781,12.562367459379837,11.930205650318516,15.143641629181912,15.006197962618742,11.387412875896363,14.326271133311646,13.489921568241613,13.695381254709535,12.703922639273465,12.7326448391251,12.614303092564535,12.115189699112285,13.924573502171038,12.219940468413979,14.263737594014737,13.471446747175658,14.327964276661744,14.939231204291893,12.614282511152753,11.356812246336958,11.544820001419057,14.613920116497622,12.587332578069972,12.317958779158985,14.339576819266401,13.608132522169768,10.623523976745211,14.009485513106789,12.17772990970351,13.918851624637897,12.442565348867824,13.739671898666213,13.33648370055402,11.4908101616432,13.204747795170372,10.74306182515956,13.61620327531141,13.166152672838601,11.32170689551117,13.513972857390431,11.879028099322234,14.628741384792287,11.790740865881057,11.66823842938576,13.940173534776122,13.596332717566414,10.862770316220377,13.181759163883,14.386367643530932,13.081296531754834,12.711626280494237,11.972942831266556,12.995203349869549,10.492761582285858,11.4980805021411,14.488745213003904,12.314393105417029,13.01648778304652,13.549436776213243,13.600266035221688,13.068554756517155,13.559940033749111,11.670158371077997,12.679230684946273,14.06403921766321,12.15705070510035,12.178122051737361,11.75238428580799,13.305487263689159,13.994824488753023,13.654423212302088,14.034575028271403,12.769090942178254,10.354268920291219,12.894262494039044,14.42904126664221,11.028686565933281,13.018006968006048,13.200681166437805,13.648200577253682,12.280351595482417,11.590934011945656,11.353147518508136,12.9085856369673,14.498053171978556,11.927412659901059,11.969399588101798,13.03000626828326,14.44919310984484,12.009934424668394,12.114807819035436,11.379137827751824,12.205067499126105,13.7975844782706,12.520998808607105,9.332781549145478,11.822576913113295,12.450268773720715,10.25865029706298,11.965256567061607,14.197560257045117,11.774847593697402,11.857732998743865,13.464415744980336,12.737320292959078,11.918802229601424,12.756499778074906,12.471868600523024,13.950375933690049,12.895176775913708,13.874343705533656,13.688693859242196,13.466568504898085,11.714502835998157,12.306509718234212,12.119217537528616,12.419871456344657,13.064598738578855
13.048317244899415,13.800122556477252,12.67548103638802,11.051298458903672,14.196688535262146,11.081937801954014,13.61500368584292,12.37610850597728,9.786200952753358,12.465156360909816,14.110583651791162,12.49681419358829,12.522725077735897,10.747688591141733,12.651574185562133,12.77970985007021,13.582204282930782,12.365937005409496,12.04201350520054,13.690411338446353,10.8416331483066,14.680273178563995,12.7457978316952,10.6229853091651,14.278718676333707,14.548788727333482,11.300502875162893,15.356254340739344,13.344056839213946,11.716592115159647,11.615299537052373,13.55756954491987,11.673747323432943,14.241669838211664,11.7029292433965,11.014965753413906,12.92921242064454,10.565913745141993,12.449645458589206,11.17333027843461,12.585755711800386,11.502224617640014,10.226778895900004,12.905221657553797,13.533832206681915,12.82004480435526,12.556014053553529,15.141317229068603,13.888545971320061,13.844805173561006,13.397215838264405,12.109990945244284,12.499575840114694,13.051185957999579,11.311073556650806,15.22902462127192,13.39443679028399,11.278231868774997,13.533203946439846,13.644029483662447,10.541060976763863,11.079566986206437,12.705668995040735,13.543836272372838,9.225607954132148,13.128096275171476,13.969703796231753,10.753558042601806,12.325927890453583,13.582079421692276,12.61506651567177,14.899106235851194,11.184550979276716,10.99266419695396,14.407944487215039,13.802436819069749,13.476683242909465,12.202618587371726,13.058724830324485,12.765226714555258,10.53578830100106,11.980913914589271,12.504444163753274,11.881431027223957,15.097578527015644,14.931466118602806,11.404469816563456,14.411969451034896,13.54561804024524,13.67454526295886,12.71833597677163,12.686667508348703,12.689400218298044,12.050756333644522,13.987936004126317,12.240887357013115,14.230869820789943,13.506484170828793,14.430092795361366,14.95022201514778,12.606561953343766,11.47996595163073,11.685890271640808,14.588333071640127,12.615140196845259,12.251687510682137,14.450752221952769,13.51707230573884,10.552457942289319,14.097012273079061,12.336835084620793,14.004324686509918,12.398098571759869,13.79581549205195,13.273165941283093,11.386073854948016,13.31985517817891,10.73106991582844,13.637991830838532,13.227034554786776,11.329182522143158,13.559104083554812,11.873245690243058,14.644796387796266,11.826137740572397,11.676605143510416,14.05399522866575,13.588028887727495,10.963331693638775,13.222867194317569,14.327730530349424,13.133161759155204,12.807355317667216,11.862219197772596,13.050416829881415,10.502134955201088,11.437801194559311,14.459804038163707,12.19384787094914,13.04829398001248,13.631483665882122,13.633408138188257,13.071890204578168,13.651889238058674,11.911677659389278,12.728559777113816,14.004315171419112,12.24645328673402,12.257293073633726,11.8471914262382,13.316503443950321,13.995176628412258,13.691462385010826,13.946474022989847,12.83573624376092,10.369836087158474,13.051725679506482,14.4474944158836,11.079671300558058,12.896047357471797,13.304626389493935,13.734815898432847,12.230660071911771,11.629810805132578,11.436031376317898,12.996034519291866,14.517736430107913,11.871960084695075,12.109228552043637,13.003527824619908,14.488870013938993,11.98537066701629,12.199276858512649,11.446100763098089,12.210348814616443,13.801609573715389,12.49381537351475,9.36539663467001,11.929990601824827,12.438663198766152,10.1045457293787,12.102865843575133,14.263171830378088,11.865892523601158,11.90948884270859,13.467198760699782,12.80726518952718,11.962345800316617,12.661901682861325,12.573701071096467,13.942810117234963,12.860753131654606,13.907552585218518,13.692977095007532,13.394771364762622,11.722838391189555,12.221375761963367,12.1147522857185,12.529785546126043,13.05631764222552
13.04773308886291,13.751692028120935,12.76046923490959,11.022858012813293,14.18408913260771,11.0293106375853,13.652413250323589,12.250865349945068,9.700301682284701,12.501510953886747,14.065355833448406,12.46646449157902,12.468052017623359,10.633820552140966,12.50302363403157,12.692551235453966,13.49746902484515,12.46210997528491,12.203623190222068,13.647864700549421,10.996699635373199,14.746513564917166,12.680432774254472,10.493157798327852,14.424495449508523,14.524054074600205,11.232346079940212,15.301411672813934,13.355103936413192,11.803090233933535,11.57851364299355,13.554771104683056,11.719801854323935,14.190748568129143,11.781902421426372,11.224512220143893,12.83946403561363,10.532136567331525,12.438823177120998,11.142158923233437,12.40908706467482,11.593498771036977,10.223599344323349,12.918897659713075,13.34378333125033,12.857061761283811,12.480466925264581,15.099657824258587,13.881663036358066,13.928932335035359,13.363995158586018,12.047112333523254,12.543716697370778,13.035217618064825,11.296991907761571,15.199613208507214,13.386543442317945,11.329143406947942,13.52932450523099,13.63264166294932,10.58196103635166,11.090326466307376,12.7939958828018,13.646322374718762,9.256936641694262,13.252819807755284,14.040880757228546,10.66531823674561,12.308345657360553,13.578202818807846,12.560473641369574,14.893801701563117,11.132433223788437,11.10536584871226,14.403571845139185,13.818430858127968,13.47562162227749,12.16254404174968,13.078457745146673,12.831157104611068,10.547302349079425,12.019412781205213,12.453472866290968,11.937852276056034,15.116661707179349,14.99718674148185,11.30851890546339,14.368233222496917,13.439040486675927,13.676409234555313,12.698450107677187,12.776344212718106,12.679712662237167,11.981197402427775,14.010368653460894,12.355722338803464,14.168278017084921,13.615789193241,14.523425178887173,15.007959375823793,12.678251102613109,11.55360758013828,11.66195939171034,14.528730465087639,12.636098352203987,12.179631188896943,14.532228354138459,13.682819229132695,10.507348744229922,14.064211181711569,12.478187840406765,14.048623355616696,12.391230394437068,13.787282942066188,13.27802257315979,11.349093486389734,13.42340560383827,10.881684588771872,13.74918319126371,13.153433253113889,11.318708973519737,13.525266003699933,11.75814538416619,14.652837390352767,11.824412950832803,11.585666671346722,14.18557834684024,13.743301354919588,10.821963516141729,13.304060639991095,14.50682720491824,13.006436764674525,12.709965392283634,11.934860343127067,13.00851911421408,10.362997650536235,11.51064200296615,14.417047484245861,12.121865476582764,13.133479343713413,13.67532210232543,13.487989800237195,12.958609823253681,13.669999652820168,11.827017991570708,12.895175619306013,13.958277224653356,12.306951106020437,12.232895159744338,11.836006541248636,13.313542606190232,14.031746349655055,13.695662365409024,13.956621839274932,12.863390375272804,10.392466378534197,13.012692267260409,14.45457767781522,11.159181426671811,12.87173822112665,13.275274664288718,13.650403833129308,12.26387173640561,11.619051453043115,11.605846435134719,12.985152967079667,14.59003141821721,11.825682765154273,12.184487109343824,13.045371139258824,14.448001200369406,11.875011685581924,12.19810573265483,11.489440435469056,12.204956059066896,13.863128180984923,12.53984382819838,9.338686740931326,11.979980679293922,12.469413145134986,10.222706332347647,12.11081437837858,14.219190489268057,11.67633439599761,11.916211372058074,13.5431632454046,12.86521156501583,12.006667801141774,12.726029430264665,12.613820447512206,14.034195363909449,12.861828260963247,13.862568807684807,13.66870265466513,13.443735769453268,11.698147639957421,12.155718477171517,12.115239008855932,12.53364487959364,12.980989296283804
13.027395090046621,13.711985402477076,12.821421866336093,10.85535902441777,13.950918140259537,11.023342183371339,13.708992676305499,12.362350605082112,9.816243173707118,12.462232889823044,14.19864821123048,12.557000217774156,12.424902606075076,10.508309675016964,12.525435808747636,12.748770701364158,13.608021806381522,12.426725081259196,12.176017405853491,13.826860003211081,10.865413643128923,14.763203709793965,12.601984390810788,10.435559431287452,14.523040986562139,14.481234035387754,11.213577396804965,15.307148175527125,13.422981963233088,11.872937388256252,11.550506705644315,13.65974674337746,11.598453044413075,14.246383321373488,11.811148294480038,11.156793316708876,12.686139791771552,10.659458490939214,12.411194365649523,11.134647629233296,12.316808554104629,11.586539777409403,10.22756746025935,12.970726416758655,13.398202546027468,12.844483237659652,12.481776973054526,15.285572990197556,13.733314265420391,13.968964916199331,13.371931763472258,12.191838542967716,12.613533452577048,13.036518366564255,11.144939275856027,15.288364388053163,13.450409443974472,11.369799076221426,13.635099821126216,13.625455082405788,10.63688947105351,10.87225653469064,12.704588736380199,13.719552328034505,9.26652992539363,13.176596724240932,14.163733595046995,10.621743922243484,12.258762288640945,13.696549311741183,12.524529337937691,14.839266792193373,10.964221638536864,11.102980126089331,14.419704056947182,13.852987212910659,13.465037314925071,12.142970470052626,13.074201528992278,12.78615925728471,10.617719915556696,12.141947803930096,12.47630918767309,11.941621085151798,15.072041569632457,15.032630834388188,11.256336530541871,14.55460435101182,13.412319534649352,13.71323634520783,12.72687256587976,12.880654510382062,12.623661608866373,12.024740388456815,13.988287077118613,12.500547087177484,14.182799635687157,13.59158529714893,14.522759773985646,14.992130999557133,12.744608531896546,11.374442060685405,11.816042828290563,14.53755361009207,12.734134752381628,12.19851709163714,14.451803762366518,13.925950924468534,10.426933209778948,13.999319461377402,12.573190082702306,14.071367046155563,12.203587090172611,13.770721651192433,13.26857464043089,11.399704309797867,13.483107427689902,10.916855318873559,13.738038643927768,13.28592039238279,11.498890788519718,13.469488312282081,11.80369747745216,14.784829336417864,11.941073503620041,11.632391877109558,14.093142365193156,13.716808263523342,10.81688384558177,13.338989310778823,14.600389471240122,13.044008286380244,12.722530756755974,11.916642088184483,13.087745733545598,10.392554685738784,11.60538649008762,14.478168890286229,12.190447472420415,13.357793282378442,13.472744923976792,13.526425008021453,12.907166041625395,13.614878103017109,11.675544421907599,12.93221390308798,13.961904413112459,12.377117486744984,12.210836881823122,11.842921107142136,13.312857209860944,13.976842185608024,13.79977853147618,14.044423672388282,12.876821083612336,10.384624332603007,13.077983916831602,14.467551348329868,11.172846948440004,12.998382695278455,13.352587620939502,13.659816273674693,12.31875152262102,11.656888406369387,11.579521478471023,13.120544157401563,14.630886084281295,11.70698858638563,12.279234312704054,12.965132459762966,14.541075730505426,11.891148784598998,12.225188385680118,11.516701419574002,12.161300131738164,13.8952245252748,12.448926589237367,9.169618848028279,12.204065986741195,12.51861149010017,10.138834560631041,12.118439852423185,14.308231531600935,11.52252740629036,11.859866895854372,13.548516474473171,12.855171118854846,12.006780393033958,12.67683703738125,12.71378850330004,14.104952594858883,12.939763355528592,13.800751916784133,13.634981444509561,13.471773032622055,11.783110646589105,12.270476282611208,12.216348233291844,12.469183775763886,12.970701187895418
13.022371593550918,13.773669559175126,12.862977030329777,10.724869850071498,13.991886471756336,11.116994659531194,13.715317470772085,12.248004576052022,9.858259731353014,12.561564038821613,14.185707112484144,12.545394324966855,12.519988221154525,10.476969295935925,12.585731275758915,12.663686320664262,13.716903011535932,12.503410835347955,12.069848596860457,13.817841828595014,10.789294155490447,14.708174791630292,12.590228759691902,10.469990755853074,14.68402753265763,14.518218384138134,11.253273749884137,15.293363208618262,13.368684497124889,11.832764903122456,11.451127266633764,13.604822528271441,11.669918579383257,14.420221252370794,11.844390269266569,11.178942423903312,12.729308439168049,10.709329639453633,12.516765267112577,11.036022422741695,12.18963142136686,11.540429550221436,10.38662559692223,13.109708202259506,13.37792962175062,12.848802297149566,12.503159917688363,15.241007373749543,13.727036976538697,14.080140221239738,13.445256306147098,12.139321551946587,12.723050895872412,13.190831549250921,11.144001323113647,15.28952291742837,13.464144518297442,11.206589056744207,13.705578786014302,13.547278420060152,10.652039249310311,10.869382750657646,12.916338903072669,13.606537023220977,9.227762953748773,13.149895397274435,14.100595826520712,10.493499722963525,12.303365647836191,13.638762391569175,12.496104780012208,14.78745792448171,10.971561976722441,11.255144268969188,14.35999634671239,13.875491127300084,13.374318553892184,12.153524054172898,13.137308049131814,12.756746721613721,10.826912568319887,12.12464947024568,12.482327881833868,11.998284647521137,15.027344196782185,15.046576573444712,11.391998200994124,14.545069059276251,13.35197573682098,13.798656462391117,12.777851254940927,12.945960132967254,12.460340461645309,11.974983267462632,13.910670689594292,12.60561483806775,14.223416038132742,13.655378815369675,14.475386647040034,14.979171924893327,12.805968554059604,11.473663302334439,11.919862122320543,14.559503134672923,12.84590417628943,12.088714757511323,14.43893504925574,13.983128074848603,10.441178442811378,13.956137159370265,12.609082012370935,13.993182295352423,12.173943937458613,13.671423488869353,13.371343621381657,11.479064528011913,13.477488033391387,10.926807693565712,13.804232230592199,13.394108916349415,11.572904206753705,13.414517581339878,11.84745800010921,14.811055532349727,11.966128144515134,11.652561010607702,14.08556924062117,13.829162878515573,10.874175525037742,13.258906621556045,14.55531513966339,12.998260297936806,12.706659659043725,11.975520616496022,12.947447551407281,10.512333564323486,11.637291928767077,14.484815072918824,12.25204001227584,13.411177998333384,13.533789576175524,13.527355044717925,12.858711219224537,13.770068634890608,11.695374296594052,13.132160045562369,13.955578428383475,12.485566434035595,12.11267219005237,11.71767127039599,13.439424132393468,13.900082178889786,13.892866473722002,14.07573336467804,12.813210905430248,10.405882639191509,13.063929826523971,14.467736848942536,11.112233785228689,13.098920511252336,13.51329209686915,13.554535512457168,12.447319271753338,11.566236453855144,11.658934245582492,13.152058590865101,14.68173562859514,11.801615622870722,12.237482008954409,12.969092711297055,14.452997323624045,11.982599717919037,12.22476566630635,11.543776812602365,12.240839341417828,13.874786741005847,12.45242584263483,9.222531979355193,12.079501278435245,12.472364592085874,10.06224403678038,12.18530396898398,14.451478709547976,11.454085556587673,11.967827398687279,13.526992489423822,12.847886152618669,11.986465297345676,12.756098039942865,12.648334762541344,14.070120890490646,12.830913488594105,13.855904717480497,13.658803878622543,13.34509113330974,11.653352979017766,12.295007060965606,12.285999432868872,12.586041662756944,12.912511459782444
13.057608885568525,13.67785438002292,12.827134938188495,10.82875814129049,13.85329131488548,11.213676687636022,13.567026392198082,12.250812407979108,9.904326073972396,12.569113374401429,14.227311944159094,12.558025061175309,12.527835534735098,10.660932077961046,12.39813161362552,12.71529115786376,13.849445487880308,12.400151004078225,12.135821284251591,13.922298625120304,10.980605090072524,14.585219877461643,12.668283979494634,10.498916389154141,14.699068677839747,14.698013393176275,11.248274542453254,15.439108096178034,13.277531382678903,11.81995815047562,11.37681918851415,13.51949948456302,11.724425272412853,14.356177093152457,11.82849551087623,11.275949550298705,12.706433834293529,10.714378017667302,12.561994625196506,11.1647199770636,12.184366594236998,11.665802835674514,10.312465203276481,12.984122552528477,13.378558267519763,12.808084145551426,12.518524265162572,15.220149332259517,13.704109868863922,14.154591371672254,13.481392341238392,12.208289552500933,12.821748552782052,13.176775103437137,11.184566140410862,15.261825479343457,13.630055105176051,11.213682169659528,13.611625848755764,13.37844728573413,10.704281736084305,10.931569013923886,12.852934204804468,13.574603659229714,9.396859017055869,13.237566542505784,14.128970166818636,10.549483365190241,12.37555691957572,13.681371473732101,12.491655321771052,14.834419015043874,10.883146596295141,11.337732273325122,14.308759672136835,13.817756552915682,13.429555167325281,12.2652848633734,13.140958140287982,12.755177749273079,10.889969213786761,12.10247432773295,12.61620680897147,11.911850358420493,14.9890092365549,15.145341474998016,11.406966505743213,14.54174149798648,13.525761866493795,13.803432700993326,12.788666866028576,13.025857638523933,12.380643232655789,12.151630610656833,14.03810160393712,12.54822941451258,14.093619513791909,13.742472283581632,14.426954851337605,14.974978542608403,12.854758306581617,11.545348088762472,11.88485413504845,14.536448627773751,13.00296350688429,12.128294972506044,14.41881854613795,14.054301180649077,10.515348876897583,13.925494662954902,12.65169913522712,14.066928852046813,12.121951088218507,13.635406852306568,13.322045392440018,11.572637568968602,13.558390965278589,10.929199538314943,13.733086441198754,13.49337418195852,11.659454136368584,13.37617220980889,11.83148533594154,14.889669164054734,11.87864882471282,11.772812917395456,14.103475314386774,13.920325962801433,10.761382724205788,13.320978927724514,14.589551277612461,12.972908987810452,12.845163995793625,12.00282125720774,12.923090021539055,10.685706071568513,11.646139652342658,14.407480343626192,12.395695164459688,13.426067218272603,13.593412118764283,13.461202291615793,12.841925719176277,13.685698139724275,11.631300865078348,13.153517268244164,13.944700760754799,12.432747953288898,12.343974195545448,11.691061776477252,13.465525383010577,13.96793530707726,13.861377257843579,14.225671911615535,12.755632389323054,10.419760581817458,13.139378402643283,14.533749773796625,11.146532648933368,13.027599320814547,13.603069430883318,13.671434963097491,12.613947184734831,11.627356416374468,11.766650655376862,13.269085768024539,14.693337182289646,11.821058892190731,12.240911137309428,12.947637507413113,14.437133394705164,12.02413433027876,12.18026581319078,11.457652511277963,12.295472978212208,13.875013142650548,12.50983588762582,9.347766982167231,12.153829573275122,12.563581606053873,10.095625628483099,12.14889329627053,14.377389740979476,11.54345220117032,11.900408591371802,13.549512212570752,12.93136027853153,12.119570133637541,12.836068309939076,12.621978532631953,14.194070721861618,12.92636416802033,13.847825039415717,13.649659635798717,13.453776664973086,11.638835968905516,12.261100630222282,12.324012232912752,12.521291691184908,12.901984402674334
12.804895649758393,13.727964857349827,12.92763888237548,10.936661109075327,13.965117052646958,11.0844712947916,13.490251663998556,12.246443769828163,9.941025865429568,12.676172780099984,14.302029567145409,12.475999956170138,12.517448728296907,10.582687020381208,12.493643201953217,12.825199184207316,13.824736634104424,12.512120381375937,12.161988967676457,14.010177818158441,11.097057980909495,14.431696785442359,12.740569662442262,10.41073912359604,14.630280102795052,14.77611311382251,11.107475986049796,15.442592618790643,13.282001086852778,11.955879494615349,11.404073806135703,13.52161918927967,11.655886711188092,14.391252763562676,11.723108801899608,11.31669625417993,12.65358000116143,10.749767330343015,12.682249806428855,11.168757008889907,12.162817641755515,11.63877595936364,10.370173590633883,12.96517146243322,13.33013771915935,12.913816788384505,12.57960899032499,15.17127055369125,13.762561804373801,14.183780948986849,13.441936043849095,12.074514322205518,12.756870237327778,13.138269659786667,11.100420264515474,15.297211348019246,13.583552490590948,11.185714667584284,13.676074881483716,13.474578930607926,10.697750714543336,10.846217024451713,12.750856942682299,13.59310353822144,9.432831941223181,13.157282133353652,14.132072032492335,10.557917983630029,12.298882753643747,13.746095707206694,12.496660816897807,14.652871007000536,10.867921077836892,11.170943834428638,14.147275208369853,13.857639441565082,13.42329515653945,12.16426950689918,13.194154616502642,12.664886034041038,10.825618909081776,12.09674209394235,12.635889388892803,11.907459846458806,15.087731841769642,15.029546214640739,11.428415285198112,14.420653014778557,13.439267431129588,13.881342934324783,12.935335697806945,13.057511605755725,12.435490771682497,12.091615499968238,14.020528684283056,12.717933931642557,14.069838904296004,13.59403517287463,14.453347436285057,15.161386452691957,12.863261788160125,11.493016850306281,11.97244725360458,14.600233354173609,12.917383418723999,12.286120642900473,14.410825883510629,14.112484935786219,10.495214521732537,13.932499479364836,12.708976185311684,14.180405872551313,12.095140341597062,13.70553588883106,13.34512277785731,11.600313313509487,13.528785314277268,10.943220065685386,13.779088095376547,13.32456880156402,11.733092751603316,13.485095731926844,11.79554683723022,14.95752575419587,11.755439446022491,11.825099112142825,14.095663591135285,13.882150631701203,10.802112766501795,13.175884102285847,14.612036383920046,13.071862020861769,12.891457739374749,11.904811508187052,12.893752619924214,10.838095043937592,11.57018803674987,14.496729965787376,12.321949337792184,13.315044885023502,13.60886413216113,13.443337422563305,12.88347259094834,13.73615074936754,11.45757441747005,13.159151966240827,14.041143038494845,12.449691203159626,12.33314594097015,11.764654178824404,13.526863673416127,14.035622390075345,13.900790956169695,14.195709204346235,12.827498891640639,10.39414054400049,13.085971162796692,14.597283782810878,10.98786282918254,13.014659969011175,13.593576605421054,13.588300216945548,12.543639732646703,11.765403801143027,11.763324574368507,13.360272415571465,14.734646148955916,11.846748372846413,12.398195029913493,12.955042510361821,14.521696262382495,11.959723282594592,12.165376200326742,11.446743893750643,12.270499302909398,13.899238229056758,12.523042846658111,9.435875858319573,12.109164723119953,12.45361524048742,10.187011882799599,12.037587071427705,14.359114977822463,11.524072560567342,11.889721257600927,13.686816071478637,12.837291470068347,12.152411560486293,12.858641527071947,12.72235761892375,14.28954093918178,12.959272321095199,13.997926789666197,13.630185328649354,13.382017025184236,11.706993130710801,12.278817543943827,12.29005691243251,12.621711368399495,12.901020948741602
12.752600189540532,13.817264560972571,12.82483771827968,10.91537368302901,13.916287801196546,11.030365160024328,13.584300425545482,12.149667805037529,9.955171922022682,12.695815979082418,14.240867929486573,12.502232505309628,12.575225086360861,10.684040759777114,12.537381023345013,12.82155096463506,13.74221324940115,12.567642405605183,12.27060468634507,14.003853622597314,11.100668817111416,14.54080792875941,12.72963459144481,10.540185917433776,14.463033916713888,14.812017585089723,11.114667321295297,15.370609801770867,13.303038551595728,11.770771944984844,11.383201177402997,13.553395936911828,11.77680318049523,14.325173150527634,11.670300673389637,11.328550882222945,12.73229812201096,10.673094420763036,12.65189298643927,11.299653733492846,12.161182545371776,11.783264445332094,10.305363803133401,13.208087491916263,13.28442262452242,12.882849064041194,12.654641385269274,15.13399323143047,14.050619307431658,14.295467358226562,13.228452897027895,12.119818996135418,12.783378719479067,13.225717194016863,11.015751078231013,15.272211525230235,13.414113760591917,11.252796457164974,13.698900594155392,13.554443858090025,10.72023321651052,10.803469815793871,12.85878160277579,13.715777546753134,9.439133221007996,13.104722214950103,14.227411280457016,10.583448367655391,12.311834980090202,13.635855925376195,12.558990079446513,14.567769270762366,10.838007441482123,11.245336663506132,14.2153798072663,13.833665860777892,13.618937031845467,12.258614358438699,13.226444506170148,12.736814998184744,10.841813439032764,12.195104765561496,12.75877278258722,11.923908419203773,15.121711069468443,15.10591508176054,11.444430534836671,14.306077230250237,13.453158517062453,13.87688357213655,12.880562649087965,13.170893668345355,12.527317378329421,12.253179445833561,14.11839783510975,12.879358963079124,13.98112057378582,13.657455846874543,14.526687312860378,15.16641340910714,12.906216789835144,11.416298460480478,11.974136005472646,14.688551439876022,12.954153532901639,12.417327037139422,14.264485639832824,14.145279977341401,10.612640408373819,13.923275988832017,12.79607015948703,14.118413527355042,12.111483817615625,13.665084337174058,13.456615488454876,11.619068691183033,13.50627684149114,10.948120290423525,13.846412321400267,13.38512197042711,11.776743766189876,13.460481089565196,11.721478930941009,15.022940710848578,11.742268156914154,11.903435048212346,14.085931466719849,13.930998212066537,10.72840655886918,13.146398684943422,14.644519318575082,13.109544435747807,12.980342397397633,11.91891379990695,12.979135743498247,10.940529119675881,11.597675574098846,14.499348114365604,12.195288922465489,13.368332291806528,13.50069155452379,13.388189721914058,12.794451312832823,13.666393426584563,11.424376836831293,13.151461230962283,14.153122160593895,12.330536986236064,12.317351009792121,11.904134065448353,13.44399670149291,14.235208727732013,13.912257862487046,14.297902094715791,12.875404183841532,10.48021345772371,13.023647944365162,14.594224806262586,10.901519772539721,13.047641811566097,13.736533314236015,13.637783223862805,12.573278134684976,11.727567416920696,11.867714170427599,13.208007100870999,14.8522651078973,11.780928024835148,12.31957602874932,13.082892881356273,14.544633764383248,12.045840096990018,12.157524368358882,11.39252769672978,12.18811945228157,13.908546888718199,12.54739230553354,9.430576324646943,12.041809454686968,12.460616797344862,10.126544808069994,12.115772499299538,14.347232374365959,11.4489201817038,11.888607639291862,13.669890297105594,12.763801981773803,12.20683122436669,12.880106907093777,12.822859860691631,14.34552966343193,12.987668100404306,14.042863617973744,13.701667277924411,13.544074222954338,11.650220130956063,12.299570763514968,12.219911293192048,12.570916204294846,12.865757899815351
12.838627766184159,13.859132045521925,12.914808928978713,10.943721094238745,13.946114633508222,11.075449848874829,13.641370639842739,12.151933144141791,9.805633751383006,12.72432523061199,14.228681268918374,12.447291001503293,12.451584167460647,10.673077447856157,12.595181605631966,12.909271295334353,13.808379585074604,12.574892979699548,12.273144263532862,14.002385971307445,11.172404460711864,14.612754968737477,12.691181812905857,10.41351129621352,14.537499993042909,14.725886908076545,11.113144387060206,15.316953519881558,13.272490323467593,11.672311823489352,11.438579747097226,13.39622380548894,11.786152549990332,14.416565696957552,11.71686458136592,11.378283367825764,12.7028947277628,10.55844144021851,12.611614659306671,11.297788171739436,12.09551805705509,11.839785144116691,10.417985106288178,13.21576838821829,13.370078157759439,12.747412336041407,12.690088347296669,15.327118277796318,13.93360104609085,14.36142293584159,13.109878662123808,12.10264086353581,12.815836385054924,13.131335006915906,10.979213605968061,15.209968314779776,13.51286512550544,11.320342321202492,13.662542908143076,13.431814853902997,10.707843707958425,10.780222485020863,13.032886471335246,13.705332173747326,9.43685854938001,13.176510777973276,14.25149228451333,10.502286385546084,12.260408697791336,13.678708112665603,12.568779908542405,14.596040177858699,10.805256693426639,11.360197029801897,14.280320918374638,13.906051530169709,13.661663783917794,12.333312207382422,13.385705789609437,12.839461789279817,10.802250665333698,12.260899560399547,12.74050005742428,11.865877143178308,15.117345533351807,15.158311759099703,11.420875410831616,14.375763539784124,13.451000585277267,14.024500836422053,12.935601691980112,13.184710846955285,12.69381173954418,12.263477361978207,14.07723583002931,12.94757650500255,13.984592562735445,13.6981807770894,14.427133889895869,15.148940940570835,12.859809022502883,11.447004492774607,12.061189343915673,14.68089437385449,12.963966106821378,12.462292859325082,14.35872566658715,14.090686066827566,10.548753350905358,14.01232232347594,12.592972563976238,13.965297430066977,12.102059989256666,13.589517763448796,13.559414081262,11.675674592090242,13.498016393197998,10.881836885635613,13.782245011178953,13.489277596834937,11.933370688857078,13.449117421901269,11.720710862904596,14.954057389730904,11.792203435089814,11.997640998897166,14.06909408018898,13.87392223651866,10.747877078291536,13.072298200676183,14.677985230995851,13.203175767084433,13.081492296620574,11.884251061312344,12.969086687468037,10.939717124054528,11.505950368376588,14.612338344306322,12.135333386047641,13.429626092882147,13.555432519065013,13.393174629162761,12.867946316819046,13.63707807295643,11.420915299236825,13.126367419634986,14.226263785318258,12.343970135698083,12.4929065815784,11.889259924838935,13.424099274992725,14.319245338466498,13.873165272739836,14.308988234377704,12.786356200502944,10.583794978749367,13.030176875192476,14.527505870095162,11.050120461339171,12.887101859940323,13.790976239328987,13.573948198639266,12.65755358454648,11.806332279475548,11.893741077510768,13.188497301406143,14.943612917902747,11.763660957567328,12.309152225759583,13.166293760565297,14.60372782434772,12.036715809229605,12.183470120833665,11.335405613309632,12.283221701427186,13.990369049538485,12.59078367134781,9.420784124609556,12.145307372976214,12.62516802970943,10.141728894589003,12.16776487389452,14.29077488966302,11.376918623973623,11.870988453482678,13.567424672255152,12.862857700545161,12.180146071611606,13.054420254594525,12.789064327967138,14.327742387161035,13.056742924451296,14.171940890798187,13.763657586897287,13.633452155859798,11.565175531462575,12.28649642373107,12.263812226346497,12.563921352966355,12.88528615928121
12.8936678702937,13.765043270625224,12.972483004072853,10.860465140209694,13.93372099896485,11.231993560296294,13.674767869401032,12.076069125644999,9.59048125686897,12.590805470874905,14.243595811583843,12.481853974513625,12.428042222424553,10.640842532022733,12.594173072432987,12.877285239033009,13.843992570226517,12.520119960204143,12.142330918060008,14.049460816029251,11.259088325564942,14.475409361775363,12.760522154173328,10.39966969722036,14.620265456117881,14.797080883345837,10.973187798965947,15.290415289412158,13.284798096814972,11.79148779075031,11.523416388322914,13.315202883895195,11.8697114526901,14.535941825088685,11.781837399841178,11.344655669487802,12.599353475429554,10.661271327832617,12.687455578285828,11.333264829829286,12.062931406311682,11.916598522740788,10.37908959092053,13.235193888885323,13.456205985911343,12.739479397584443,12.581524069643857,15.367075266588337,13.989055268494441,14.437605441220366,13.270774185116219,12.041892561776955,12.889426360997357,13.214299837861825,10.846554013582239,15.20946950804355,13.399257956483147,11.419589066845266,13.66573364083417,13.349758110168233,10.71692872954048,10.908991941273776,13.083156681024589,13.64980621066691,9.38681535448651,13.126407022747356,14.190970353329543,10.48971389028212,12.304653278029239,13.67205083692294,12.508904509829254,14.599238010965196,10.843559431384593,11.283634823401382,14.285508461768762,13.840398597921947,13.681311920500123,12.41236339330433,13.394154460079719,12.944745652765834,10.871887516950837,12.21331970106094,12.721451633553233,11.88827351817541,15.321926495653418,15.145013640891662,11.328819800928096,14.263974406441058,13.346616397197725,14.013492437397895,12.94215171370158,13.112424577086337,12.570951907622229,12.262976431233094,14.136173868001336,13.069172075702586,14.094623305256706,13.633587522914754,14.531306295370035,15.269210080433778,12.846249329023006,11.365194706969987,12.1683191024232,14.536467669700817,12.900291367977102,12.444048044407344,14.342389319704248,14.091484104403728,10.579568293860161,14.009565975566199,12.654421676808397,13.90512988457477,12.112439338031479,13.528155041224647,13.527672642384164,11.619572575236942,13.513843095938944,10.978307257996908,13.782800511482836,13.281541162459224,12.037142529169234,13.402663707350811,11.76896436657127,14.91950971296156,11.78870042873173,12.02920313942271,14.13912595710951,13.918632751191316,10.740141370085155,13.15726110639999,14.667844782527505,13.234732489041086,13.12361199220493,11.852205746132972,12.869438710190765,10.983775539217685,11.354272001701814,14.71105902198291,12.160658961230386,13.398725865550198,13.582371321842114,13.261288683994023,12.767058860260839,13.618768491542516,11.259036189243798,13.101398378949233,14.0154442908215,12.484621829906601,12.3858895970182,11.866797333088844,13.354612037672311,14.34798876823893,14.033733787938619,14.286701450647337,12.846009791053747,10.720008213947906,13.092672620719599,14.678229014873141,10.995430059935815,12.87869598241782,13.636391989296392,13.558131127754168,12.577858223821407,11.716886661010621,12.055660413264636,13.225301753881267,14.957425690798098,11.64521316968883,12.173745194904363,13.175619377428168,14.618607648434603,11.876463997698659,12.303874875448525,11.382648991660934,12.350074428203174,14.063908238397092,12.700253828584305,9.467082036581758,12.228206042241059,12.763568006014188,10.144888259286871,12.186924007857167,14.242948637402785,11.428638788870268,11.965057888003908,13.666774759721251,12.883169778290236,12.115388359914625,13.085263131526556,12.932214969788246,14.428066404666072,13.170396259669754,14.08198717362059,13.81448951079836,13.582106274221035,11.566702570963129,12.165557607859272,12.159467624862456,12.63854122606003,12.891066261070232
12.849215545065364,13.73286899545138,12.914426822188043,10.786452555770621,13.901051184478005,11.331050771408359,13.747940084856168,12.084674550244594,9.575034547567839,12.599606641617141,14.267765324555056,12.354470833460994,12.304227554149119,10.717778965695882,12.58296132163541,12.9502934678369,13.905880933284381,12.540552708179105,12.149774528086418,13.979731372355579,11.21789088321777,14.554999957329791,12.734777311320522,10.507138891948475,14.533401871412588,14.774409130783969,11.041007167432234,15.255882565681734,13.29803022159612,11.82711231301954,11.640880727851295,13.211527894310887,11.925901048412388,14.507113300818165,11.649429971218945,11.324856486162227,12.846834293557523,10.633150434382202,12.653194960740215,11.344568037325164,12.1358399330507,11.907269539959694,10.44864732215284,13.295825135827199,13.435527075637863,12.821312221710206,12.596232218573945,15.515399441680401,13.951052308544664,14.329586115283897,13.242036646799946,12.060568214311859,12.87935877280297,13.114761102920394,10.827322796334117,15.131377249025055,13.4026082095433,11.357879884096128,13.76873036588059,13.24478456113063,10.65767431549336,10.868996261786164,12.935245445622508,13.617180601778971,9.299671656919266,13.048437513349397,14.192846161383377,10.403896070112495,12.297397486110569,13.810763360277585,12.533937682189835,14.51015703602683,10.790586360963797,11.320349517296352,14.399334101023017,13.787801431409852,13.738301387806331,12.39435403414847,13.317241307003039,13.0103725449456,10.914366884329382,12.28051847799191,12.662957651363703,11.814125580383235,15.358715082064409,14.973912588742726,11.287407604344404,14.235522051615396,13.355244472605907,14.023420993167708,12.853790715162987,13.20384698211592,12.660872919343985,12.159701491124407,14.219176555075087,13.026038251297285,14.05195243502432,13.597840778245127,14.72136875095153,15.33046654388701,12.942830958597442,11.504115346646257,12.228041837792727,14.641917276054318,12.841804287299958,12.487060188530817,14.325020628055888,14.094440817632346,10.653758732586162,14.04090502796435,12.650392517598615,13.829542229477964,12.122731929110548,13.572850360655426,13.44528059239827,11.399007740964601,13.446878985673218,10.889485023463825,13.72204045492329,13.273950073126247,12.021890303857512,13.41203954451608,11.828391493042135,14.918421053614077,11.70473930433549,12.07697254030382,14.242901956210108,14.020223569962619,10.701017581605495,13.186774051320038,14.766051485827957,13.234045725500057,13.161309186902768,11.937688794136056,12.769649972951662,10.886947987992793,11.375193223166557,14.700281167856401,12.20893519993778,13.227789373176604,13.555334958258118,13.25216044683181,12.747701259703632,13.707878826165418,11.341466752209792,13.172031411227742,14.060264859840952,12.357215657127961,12.371789030180823,11.8533099937345,13.432157291387187,14.321812858678012,14.13537632525109,14.232394765918766,12.946103641488275,10.656547608676098,13.03552819021485,14.771059442161635,11.061439869123934,13.011977185659164,13.586873329906021,13.551717584603374,12.566042437509656,11.728184443229225,11.924786979821048,13.018970081188943,14.858025374108598,11.679461385561488,12.154715568727427,13.270799712665053,14.623082974373427,11.83198858076728,12.283494953911516,11.49114088096683,12.337326387052604,14.08810851475845,12.74829999088784,9.352116635153996,12.430409190793178,12.72568447911782,9.988335220161277,12.296138232436839,14.148960198464973,11.50243079737315,11.976674042446497,13.648346787384687,12.876286177258496,12.021516913698852,12.9837246216425,12.974120787618753,14.420288526149815,13.082737323269216,14.09571274719807,13.943021622487416,13.655404770867948,11.41461966773738,12.15406797056822,12.12719978946202,12.694390263399324,12.81720191166019
12.809255273829963,13.721396735970924,12.959277826233699,10.66100362875491,13.905812064260532,11.425564324972825,13.713713880953996,12.171285994160502,9.66553891216433,12.705575995278735,14.296863364898982,12.258148476571936,12.34091346504551,10.743326006789143,12.573612849736508,12.882496329203867,13.905272927109978,12.48547877957081,12.023259903096024,14.01520491605618,11.226887245883407,14.554500499933965,12.769785617169145,10.299692188121542,14.689258389453657,14.856562419733837,10.99050306187222,15.316986392688424,13.205456097389485,11.832091129349031,11.634308186512335,13.175794420173075,11.959541687970898,14.49986643202589,11.736540564799128,11.26430796037447,12.842400756261279,10.772850184082923,12.77456070689077,11.481264112247755,12.114981634688954,11.814524240620825,10.449448552789367,13.497829594730923,13.420313113274391,12.81056322927939,12.65443636874582,15.599407808718373,13.946492654342883,14.443302091969953,13.40488465297141,12.064435664482499,12.904137368008094,13.060855725873443,10.895230077893954,15.26500220179739,13.336774604617284,11.33141443154332,13.709348627638283,13.28872930954393,10.528653705098936,10.936748136059302,13.059847681745332,13.558450306581685,9.258256843576412,12.898987578035731,14.161626628102999,10.494450107973574,12.3239494434253,13.707639989712884,12.443419445482695,14.388509085298084,10.69581284571272,11.33391548868756,14.512718660636896,13.723196385860165,13.920452583777443,12.380914545041328,13.388337865735682,13.13480078208627,10.97220068244,12.251953535691117,12.597735777060507,11.83223540808302,15.30563772776131,14.884817340742554,11.321749821322731,14.271517625151757,13.450129243559761,14.14138621986081,12.905595157060624,13.141127410251286,12.561294981329006,12.250554512243193,14.413216090658542,13.033803457044815,14.124084449742467,13.601344044145193,14.694034901761286,15.413555086943482,12.91201183168793,11.589256768588625,12.32261266587663,14.63697333039174,12.784857323423726,12.432911628546037,14.32315963472508,14.00187337666392,10.69069671969321,13.97642093126609,12.723453255726264,13.85689059634746,11.998983496296466,13.501096106852481,13.58414307846619,11.416815915739743,13.600589287107656,10.90392054955749,13.780915102523931,13.327121662881334,12.151744375093404,13.38238342565165,12.009928824916994,14.887670691368852,11.737621130914473,12.185372185151687,14.197268616194451,14.222070271271717,10.698722332010005,13.053646832334781,14.758967153301016,13.333239537697919,13.29550692158559,11.921246603621109,12.905353330059711,11.062209251744035,11.424673576045452,14.676544099484834,12.166387711567845,13.343026830719348,13.517688386160088,13.350464370633588,12.785677617323227,13.853241602816684,11.280044941727406,13.21401038438657,14.007879860789197,12.246969148734966,12.354952416559337,11.883527014782073,13.402644374894603,14.32565961672807,14.072864270895579,14.404971675944463,13.014665689515441,10.73858969637195,13.038569094907352,14.734085020581704,11.034717179209823,12.867737065762622,13.553152863715276,13.543551029811322,12.625996977810152,11.667128700360841,12.055725802473141,13.091691222280822,14.92599467213673,11.699706148384864,12.110221574958949,13.452646044806134,14.641847848637214,11.987147566861843,12.281456638544348,11.49102091491872,12.298861222647698,14.181977043823093,12.783081436688438,9.384254153834165,12.447587065111158,12.711306659824162,9.999345530160571,12.29562265743298,14.088292876209753,11.556437251731397,12.046456931623853,13.712741484005173,13.068594055804938,12.018661702756514,12.8151954300282,12.933046612203169,14.362040736042665,13.168586984886494,14.243928397151858,13.9640529237637,13.757496389236255,11.398454393373383,12.167495026805375,12.203756594990255,12.862177229648921,12.755128260800742
12.910494948877458,13.76880056421125,13.156417811191838,10.638301242266277,14.059160632431206,11.528648454422555,13.828436769065434,12.100781196156385,9.605546620336218,12.662165580412907,14.397599825535776,12.363625194255496,12.200388449951067,10.681985377294113,12.54015523477608,12.99941839170179,13.857150855319398,12.519914224357656,12.007139576828346,14.092752841101731,11.252422596178215,14.524248005625958,12.75658457528016,10.380245393349934,14.657101346927641,14.898091012271111,10.87134444632998,15.340205038232128,13.32974449107453,11.826598479871313,11.64985060138559,13.238047791925263,12.031196013199859,14.580502317737377,11.846387411717785,11.221163654763476,12.942506557173981,10.725348578365393,12.817676316049265,11.435459134764915,12.127625837870156,11.749642277430873,10.453969747918338,13.568635719015768,13.441051011508376,12.77083832591775,12.791916268346988,15.563587122055623,13.914078401201902,14.484388923929284,13.459255922178375,12.146056337224467,13.027665286499284,13.026293612890154,10.818480570850458,15.28599106934083,13.382503638072917,11.360535479210421,13.62013344512033,13.27706206806816,10.694128980872307,11.041941959634551,12.850655014825934,13.567656982639162,9.23487703154902,13.044425610384533,14.036060290895866,10.497790433353506,12.283496848364067,13.918745667060712,12.358337142627919,14.315787249363765,10.710476855025474,11.285907286665426,14.485300089484515,13.59756479702714,13.917048703379148,12.407635206388102,13.380290010618491,13.038335554579525,10.79515017791959,12.173274045753685,12.663677860957428,11.947800345877543,15.442489143089896,14.873639394286329,11.397380756216087,14.31814910344943,13.57442996312348,14.094624300930255,12.826540925183457,12.912202048229481,12.520544492256349,12.263776591530222,14.46754162530102,12.854522657399883,14.309132448844341,13.694487993397368,14.704886137038754,15.244191253544699,13.005884267847492,11.551002319970358,12.334655265429875,14.672204287664648,12.848622617509168,12.386189306954263,14.437411201267588,13.812170762682978,10.731495619806974,13.983586717660906,12.845345545151623,13.906039485375638,12.174646082221676,13.548069680823103,13.634822624924245,11.419702369467672,13.588311827630275,10.88098559872054,13.802370854208363,13.370390659887972,12.187925651717524,13.35394270183403,12.037260530233349,14.749900841259155,11.799048894788033,12.315027305441195,14.195872803445786,14.159986291612498,10.691328642139487,12.89717504876029,14.77827652588161,13.362785832545688,13.301408723129054,11.9203425874422,12.808926714634643,11.053466812309996,11.38427850277891,14.64045365911187,12.10650963160245,13.368070631170868,13.572058323986035,13.290720882485582,12.893646468499846,13.912457493703492,11.311516772382411,13.303045048655118,13.928296418812298,12.375829608676868,12.487751510045001,11.96216879615701,13.327349834033686,14.4881779290181,13.988497414889153,14.326751685690274,13.070683989484879,10.786423169048044,13.092900012960854,14.630938548174004,10.92455502308634,12.75729631561562,13.517561916444045,13.465372740803653,12.72570759645165,11.787088067652393,12.08788767316295,13.114224991166452,14.969243449865095,11.652770152716622,12.084920639638664,13.477442540825912,14.568240944755255,12.002954350879016,12.265707829084352,11.55335365795416,12.340092762468792,14.136793954917357,12.77310454679789,9.344812520149922,12.602605033776502,12.763220357545588,10.065636532725101,12.272886677680365,14.042604342727488,11.502789044675994,12.119837268409736,13.750139790483233,12.9835006384443,12.077399168813226,12.767618413308842,12.950526031498184,14.277217357817232,13.303292706251813,14.290555777920108,13.875434399273706,13.783498633703513,11.22308646128521,12.165175411760973,12.290381023715565,12.768809498656344,12.690784548153328
12.900676633420012,13.802320565632561,13.169119096282978,10.782783153284097,14.001619322015502,11.69725474290357,13.911975427489383,12.238312010327352,9.474730727461647,12.762530733006155,14.43528025689531,12.561180515266907,12.277360293864332,10.819939950703606,12.605833760609542,12.946857395213236,13.799606831946171,12.294418599131609,12.004287404495463,14.028591151453494,11.255049408842194,14.588827267159413,12.571394402420724,10.275454682307599,14.77266537438725,14.83870873040427,10.863055315919523,15.353935729558073,13.255842712119556,11.843083097447954,11.618670140686474,13.235253200424491,12.147784676908133,14.671722086655489,11.871670601399625,11.236799261524748,12.9310955630439,10.745595322478055,12.756509092845244,11.603128567282537,12.129717579349437,11.82625537758407,10.43302950291392,13.574237788429263,13.4622573550766,12.912772748385645,12.823109466540924,15.403750832871374,13.911547562759143,14.532976807021564,13.361405058026008,12.118008178914506,13.029478497868416,13.10374981319652,10.812802360568117,15.325500749821247,13.358434346174448,11.169491298967259,13.702274833349332,13.127818981147222,10.875244466023608,11.039723823818335,12.722610626516532,13.579086112747067,9.398653457210372,13.116730426224322,14.053020743598255,10.55218236999727,12.33626270702215,14.057005771085564,12.275505147517155,14.47123714452668,10.694768127547794,11.381772831070478,14.367139688390008,13.570454117210708,14.078721482491241,12.356136260410272,13.360716127630809,13.073818022419719,10.821302622546678,12.158651251529399,12.589436558691705,11.922824599257027,15.531233178974626,14.901996999269096,11.3612071092446,14.312752245364997,13.642411295310804,14.046196998974608,12.821568099355794,13.002840432760207,12.606267269703501,12.32012963913719,14.523417457987035,12.946772640346142,14.248690730047462,13.844847417151877,14.622047356163515,15.282230347716453,13.043280534699212,11.593117682213581,12.34282909313231,14.831681116811268,13.012692662158033,12.473177703036,14.470279110490743,13.974548778750147,10.707512400992638,13.933331530363851,12.904651991200156,13.823066585021957,12.348641000091943,13.6153979063302,13.764330766967385,11.50306550772736,13.54026847378379,10.922057463628088,13.831512964235356,13.36682491734965,12.198391988278676,13.488237594562623,12.101198028876283,14.852943562178677,11.792106028821337,12.437820151011243,14.261655208039018,14.227259099505682,10.71158993155912,12.940863238175158,15.000517770372966,13.454258833995766,13.289016528969258,11.86895551127188,12.747187113629549,11.021744077869728,11.587075964748092,14.82606667644523,12.288106265538437,13.408208941826137,13.5901906370016,13.203037890231741,12.77438210225728,13.872119072945868,11.286226975167036,13.258587071185683,13.997724506434771,12.273691871706278,12.628868747033925,12.010356138443235,13.406817753408326,14.522781287685637,13.883758443890013,14.282501866919095,13.012676347053764,10.752376862414609,12.78471451939244,14.720307526194613,10.92065970035589,12.789477721640274,13.570055041698739,13.448833524868801,12.802596963361893,11.697910606635837,12.161261984747718,13.052435792721003,14.909013545379302,11.621981608397665,11.945697478780406,13.451841114128685,14.600232380549766,11.967378561909351,12.292971685757086,11.539322487103497,12.412609370181228,14.163474644115375,12.634269644338211,9.29182062263134,12.743446286765725,12.678071134128746,9.947742342916142,12.440832749785876,13.98357441316828,11.48451610617987,12.03384370643385,13.852663817991168,12.919404882006114,12.098060891573569,12.796993036548045,13.080313969316235,14.165255857193122,13.31737642182889,14.292385997416941,13.91992665753979,13.947395254835955,11.271587484101618,12.270269045483408,12.323102118938746,12.72829155699111,12.731739751510279
12.868260211428177,13.781086349007076,13.130625733738476,10.69015307322482,13.985702021446425,11.728717234138522,13.888770794721843,12.253322294311015,9.612102021080009,12.726279911394881,14.55106239224775,12.491519375436338,12.330221399716885,10.81450828055642,12.546564460940964,12.982805973044886,13.71305170511188,12.323318693531188,11.953167049069053,14.058046275671153,11.379219473313965,14.637939582758978,12.59883922511141,10.19978693150082,14.854314185285478,14.660557839026998,10.839409291331554,15.357406001695967,13.207820146306096,11.874971193980002,11.614120083224481,13.154993932556849,12.165906927684238,14.5948894802713,11.902499012855912,11.09853913542547,13.096419814714126,10.835897706006893,12.871911375167892,11.571096507350086,12.078222563621742,11.940498112584207,10.454563557985502,13.645851825437914,13.446451508013109,12.88220677845674,12.907874739311618,15.345139336330012,13.93415208966011,14.459077553410463,13.402736225995088,12.10981836864381,13.112088285076375,13.201311123513053,10.817386772217413,15.297518340715193,13.380016305771477,11.264325133745961,13.791083312613303,13.19715411473779,10.944295516489428,11.065886050228348,12.833749941343823,13.59284796704587,9.443186507540949,13.290881578379567,14.10043770949724,10.383069910235749,12.165390063660052,13.972038371234277,12.44006969102578,14.554886147372827,10.651940595175844,11.423671503487034,14.445388672161608,13.637004339839969,13.98100606192774,12.33554043248305,13.219792965175788,13.230857474269992,10.740655066086749,12.122573419523777,12.597993694558383,11.856790977787913,15.62415764054054,14.849208452733384,11.265168746179668,14.39902637944453,13.719020072340149,14.11043410186311,12.837138686845806,13.041416890811481,12.574862818595951,12.161213851851643,14.538878464880073,12.913688398761348,14.077073967705166,13.898986657258261,14.663589416888234,15.252299162865746,12.909309618747539,11.772768894603583,12.326871704505908,14.86425993389181,12.942391903194853,12.484203435327938,14.35857903514455,14.011716193119145,10.772935581582166,13.85478853011474,12.870597114290348,13.850653258015747,12.371308911634626,13.539539659264046,13.776801414187881,11.589487600623347,13.511211192036507,10.959926399573117,13.915552132539828,13.317327857591897,12.04119662797988,13.447203637048702,12.245478280129804,14.833471113420533,11.838786688872347,12.47611044880082,14.348225825313063,14.189051373017202,10.702959944647384,12.903912308275771,14.985969232588106,13.471826345209895,13.238966823461347,11.975014028268262,12.821459494286458,11.115352465124325,11.591630877969761,14.734517769437979,12.149234675769442,13.45462737217807,13.597916753415591,13.145421675159175,12.655861109660188,14.073661849106623,11.230824625896583,13.372374181481236,14.095129410990204,12.344668846332784,12.549336621015307,11.929716915941539,13.332115560448782,14.53435908659504,13.909778634621043,14.319409459244099,13.055518414416214,10.833656207812428,12.754923078479534,14.63653094515557,11.010433543457681,12.80261699946515,13.581779272322047,13.59087719677633,12.833346677621556,11.683750587190378,12.310554877621229,13.010846536449812,15.050304217982406,11.539740333600752,11.875168205508862,13.517067085255857,14.592846281535543,11.8520339092134,12.361193237253424,11.583308501190597,12.429781734402006,14.302399935336704,12.730012148932031,9.161839467386514,12.713684239745664,12.660337923994431,9.922230847063977,12.428321683289212,13.845380584412302,11.492943787299577,12.198021188137782,13.87113628521459,12.793857274103885,12.047687444230103,12.738828696560613,12.9820198001447,14.194475406754007,13.282542830785834,14.449641004530777,13.91547573604144,13.873181898381576,11.371371107951186,12.281998327619613,12.280813779351632,12.66778738480139,12.877552779502695
13.026717363772045,13.659405431655177,13.155394773232196,10.766570839662227,14.10843980369935,11.79491076093139,13.921651351576076,12.324603373538302,9.57651209942398,12.834459505536607,14.524113952587253,12.48320007724493,12.355780060849849,10.923787740384968,12.616215218913375,13.060173272426256,13.753937431638581,12.402259925623534,11.88638855111899,14.134417649824647,11.353106044043404,14.60892862621764,12.487123315542606,10.280974980943041,14.852400387800312,14.80080950238013,10.836947810691603,15.382666532839336,13.108756070400133,11.709835335794354,11.736749693214012,13.1467265820812,12.239322263495673,14.549872048215184,11.947946819933165,11.126144502455512,13.09686770929161,10.868793136543424,12.915735065143693,11.560172835908116,12.099873523964014,12.025280894231837,10.461236683136342,13.686615448597424,13.50959293690447,12.951767301981201,12.892016460752203,15.214384614506425,13.918108983507382,14.469862815296892,13.524187077599256,12.07152552301779,13.102811506172676,13.205139120669207,10.853140456205564,15.33714593882534,13.304222454915793,11.221648842328184,13.773385890724777,13.256386231730184,11.033300239469668,11.112427378539175,12.846546625710184,13.578244047826646,9.448658718870556,13.376489132249969,14.096243882631828,10.36580388705671,12.114395388701372,14.029458190778106,12.31431801137442,14.486906296294652,10.737570066216147,11.507332087745233,14.445895397189362,13.817087114987658,13.928118057553283,12.274742078639235,13.27614014136774,13.126712371124786,10.78766843499858,11.8915922475988,12.656459065233705,11.924898244971287,15.576803634153498,14.958304863190893,11.188964341183905,14.352841786759418,13.77795730383761,14.208157287289712,12.725936116879017,12.85880061629441,12.544295383608434,12.018708690489614,14.58371652434061,12.858526353872461,14.012994537123689,13.948824551852454,14.744774214860923,15.166195701834225,13.040254112499982,11.764203791055278,12.370820524784866,14.72868802072115,12.745548452805135,12.444532863246,14.387411280979421,13.9859613041313,10.67988727709347,13.90390614039979,12.814386218118152,13.793062974863837,12.36550969810427,13.649866061059525,13.630864992187615,11.507309392405594,13.532763668576527,10.956039916237549,13.912133566761748,13.353427088969118,12.035891899850183,13.546571246839388,12.211063111988734,14.940927660265736,11.851412712318808,12.623368268854037,14.33670972387788,13.978818346521402,10.516721176995578,12.74597560662826,14.924403003657234,13.642673415507181,13.245745266580549,11.862357994005142,12.79560071442004,11.201831607092421,11.662799656677391,14.719587592422636,12.163001405933974,13.539210590672134,13.5610112903097,13.071484613925247,12.80909680060096,14.1585577842888,11.246879926129315,13.37567412623493,14.045044238560122,12.418487720097012,12.781149456307418,12.00475508348619,13.460514916189583,14.551114861198176,13.955369237370293,14.232843768037997,13.14347647570243,10.93949383165184,12.719176922011734,14.66431509201244,10.97644614866417,12.764884824764295,13.546993472021303,13.56089495417264,12.810285054605995,11.722198991455192,12.331110568719097,12.967884872460836,14.904073685019142,11.544355364716804,12.069085731158724,13.593069373565557,14.700810588807155,11.902998650266229,12.389026924155871,11.526565953229245,12.341985757630733,14.310742808927227,12.572450064218518,9.175812399089493,12.80623531966721,12.668332083192334,9.931430597775115,12.415555413633113,13.907141540867197,11.45721833242071,12.264236500988915,13.807902516289055,12.76739308346779,12.175337033456497,12.618298667213182,13.016560078334905,14.229243842017313,13.333326100709586,14.25945945997496,13.951058284515447,13.992923361351986,11.382379294608095,12.361749847655249,12.297866496933734,12.570884193330302,12.818653054323429
13.007127593638279,13.525912662388562,13.212327528955623,10.813327384840376,14.04106147432229,11.783725807409668,13.912418068778559,12.376387213177502,9.740944103154922,12.814899651653405,14.42724608696329,12.511824764944425,12.23771083098156,10.896545044185459,12.598369761145175,13.024015720345124,13.714460165294053,12.37442184256069,11.846702725004862,14.189483776804957,11.384897578713755,14.595089139816041,12.399260230089924,10.376621216362402,14.861680926854927,14.78302643242745,10.79029106606764,15.215580852395586,13.053382953666159,11.709305221353505,11.722930390935414,13.287357624045455,12.231205173705998,14.537435535647194,11.918283703659876,11.191249123566298,13.033498114529856,10.949431012297023,12.984828766820467,11.62922604053926,12.132913402730578,11.966275189714716,10.361026093180843,13.642678028210192,13.587812232723735,12.83840325351817,12.973812485711205,15.187093395496653,13.873197183003054,14.480285875340124,13.516500348633835,11.993064503974928,13.14864675912884,13.24480935115294,10.85204562972386,15.40753498166972,13.317156454388074,11.261588767268622,13.72830282187639,13.17091803246664,11.059281891987704,11.119173847294558,12.813356121086047,13.662385683922897,9.499512800215228,13.483539760651176,14.042499940113876,10.314152388288605,11.921782475583694,14.017585050737525,12.242657076761498,14.430949378291919,10.854124979376456,11.414994563330836,14.526237924036089,13.707018579619715,13.912489250362437,12.27985290165677,13.247153667405293,13.095937113704894,10.744409123810247,11.920830593143293,12.609859081278845,11.825336986884961,15.60382049530585,15.046323446110534,11.150119846719912,14.354456266909294,13.841955215431337,14.154047749555549,12.758350592253764,12.821702806710926,12.557727257855008,11.972597880170758,14.613004842240272,12.86870158010674,14.095060349664628,13.859967618621818,14.728940071551472,15.140843740691745,12.983159091580163,11.84445134260794,12.319299381325417,14.6249354869164,12.77572792436711,12.452683691044369,14.44389437663586,13.97019320677921,10.671328574326052,13.867890993063952,12.77354167704603,13.73572011317379,12.369392064646064,13.73172515791556,13.662242048099808,11.453346618912319,13.535890069225593,11.072807611568942,13.814082492013958,13.359770586933436,12.022301190167122,13.679305466315109,12.256677697885422,14.890235621009115,11.966058130373995,12.744439572369828,14.339243940866684,13.948471107779241,10.542476080769719,12.712898696910546,14.91091664657937,13.65393716701012,13.261286076280175,11.76343003757109,12.78506074601152,11.060748319749454,11.630836262100193,14.715663051777529,12.046756026136789,13.470700328313079,13.531415562424058,12.928986660108118,12.653222187684912,14.225749576701748,11.195358402553722,13.435984460070152,14.12923436951993,12.460779418384856,12.824957384111059,12.10760270227314,13.43283753071443,14.634284100364864,14.108572472256869,14.110393008528936,13.210210826315434,10.954471939570228,12.755343773211777,14.657665290994853,11.048894580177727,12.790377877936983,13.617793339289527,13.628112206215537,12.959347638341669,11.699507587888002,12.336919186164542,12.979004538358295,14.912589533759396,11.59133931934767,12.089989195265257,13.584007992514929,14.700672880284337,11.917266372180132,12.261520728651679,11.522741468426188,12.308535858375006,14.32286606646751,12.719317009675962,9.19945259902243,12.914436439251297,12.64256702024242,9.919141814498161,12.591020014586395,13.984508862935224,11.509468994894208,12.286866818371099,13.694482538644735,12.740989290929209,12.190233139490035,12.577201529420531,13.045430606776158,14.410765441030176,13.400169051809558,14.427516923138759,13.928110939883258,14.082786049721037,11.406057928691313,12.42379638353778,12.340342103368105,12.491774455253895,12.925691995796935
13.071867338932687,13.45756557120325,13.363099802039425,10.867220015098457,14.005833971183819,11.699300151297109,13.917685994842438,12.363166869782013,9.773359795886034,12.845587314498331,14.511638521685189,12.50070866420318,12.317645898456398,11.013803730466119,12.586668445895501,12.982938948450691,13.701177939824385,12.393324066004048,11.984001142998693,14.210433267519235,11.33217963607893,14.555147516911807,12.521128681874044,10.492065109658487,14.94496734220409,14.935395909677688,10.863749431119714,15.13806142409735,13.110823667410878,11.722960523872988,11.742212755980393,13.41318973218187,12.236740447341463,14.605834522851392,11.895882074581294,11.092523827728584,12.93665661185662,11.054836206373572,13.012652532647223,11.603375414310909,12.045750515941052,11.896108212892484,10.499222099949755,13.618696255121192,13.730881947118293,12.851714421179597,13.102600952174837,15.167753712329551,13.973560119607514,14.472028345769713,13.419624606209805,11.913840912026535,13.08460643874486,13.257419881397666,10.852786050201846,15.482746347454936,13.387494945087806,11.295204242651822,13.697981728661711,13.3602431168512,10.887959508002576,10.94486041340753,12.763656380257162,13.737056011108749,9.493462102321724,13.580136822513364,14.146514252649649,10.307732679792334,11.977997546318141,13.915304969913224,12.33600682448952,14.304338165121425,10.681060196325339,11.429886675978953,14.527902226345866,13.746358876029223,14.016219706872759,12.287982649246832,13.347467599879643,13.141060171699426,10.796423892029344,12.006760257878655,12.626646821506581,11.689069247224158,15.525367937275483,15.087083826705967,11.16417157455811,14.445221568204177,13.95884105036516,14.230645725884063,12.917386911741188,12.812892205658056,12.537607314710002,11.922957292093335,14.549500637436411,12.8932657898397,14.120686231428735,13.870503547268433,14.75356472851781,15.075222771842542,13.030563901007026,11.776960369814228,12.271874048976535,14.555241126701043,12.689510260898018,12.51469983274164,14.428970604687617,13.942534630051245,10.624675977775194,13.924864369545226,12.808310966451725,13.718274768127047,12.28938666412009,13.745854853008495,13.621633783450713,11.475699870412551,13.73459357301073,11.16529139963442,13.744338368411814,13.317893117948012,12.0565305153557,13.803720961489482,12.306512063211942,14.926295722563,12.114251052160416,12.777054945819936,14.360990235037454,13.769659914594655,10.428203788005602,12.861011551572888,15.008685750930468,13.716815155657722,13.259575682424218,11.869946966367685,12.808224613946821,11.141802484191217,11.57049294903714,14.686362742269582,12.072456298739633,13.488337218274374,13.602236109767471,12.82428269990331,12.655348278845855,14.121161798864986,11.11351812553404,13.332034653008904,14.148415770130603,12.42497873929391,12.785597517858944,12.1327161727084,13.473888630899527,14.592367156379764,14.128456305249601,14.062351082279568,13.141434535963096,10.886823306900633,12.702881821366162,14.650149115300769,11.068711187283728,12.853416162374684,13.614329971407095,13.632439136669527,13.067161007130773,11.659722491478087,12.336336863664311,13.082087603988219,14.897706284027214,11.727906392805387,12.10717675904839,13.662048204601474,14.71874429079125,11.880190095110896,12.2644431021351,11.618089900838006,12.452303253628372,14.135265275936604,12.686201124587805,9.10273622467289,12.902357469332756,12.734562678159651,9.911431568156301,12.597211626132523,14.092604828053508,11.596704103108994,12.308063878745948,13.638743024560027,12.706174172716404,12.178768542245074,12.462669218987907,13.062146449051285,14.343375136069596,13.293931395462328,14.5913107711918,13.836124815431955,14.136860265826476,11.492424710102103,12.40028094732742,12.29359075947981,12.581111005157693,12.904278527482084
13.07821371516801,13.386716915773103,13.358229740204022,10.737827539401906,13.951377746895217,11.652163511719282,14.02740945713453,12.437201362853791,9.741959613681614,12.755413276118768,14.551331010119904,12.555999329602503,12.339732586248704,10.96486363843666,12.593297708176864,12.918355386693467,13.69657381659089,12.460623629645422,11.863174469366342,14.218418852019244,11.29077139421688,14.552139086670506,12.49322660473049,10.54469399065,15.062695749064016,14.955063697462556,10.971751961991322,15.017147217926272,13.096191196813255,11.640396242887611,11.715356770189917,13.385102796979394,12.293426777825472,14.542590852950008,11.916422495816562,11.042405729901644,12.887115724810485,11.009162554179017,13.063717564923277,11.661247280871743,11.986434536634446,11.99691188162311,10.35479457794675,13.603511614408927,13.799558519524494,12.835212343267282,13.246010982657184,15.178470698876414,13.955730912060776,14.429048956961754,13.336040560433156,12.0620777445568,13.0803636784892,13.258599491895392,10.916254958193703,15.491534906003062,13.520187972513986,11.372885056191615,13.70903392460792,13.498463723342061,10.80639494488066,11.011186263177528,12.776868565962811,13.885858262504915,9.438261718569262,13.683055353137338,14.17122831517096,10.411490435050892,11.913983738096043,13.79369956413189,12.438846073334284,14.280832882848825,10.830142569434843,11.392518300430424,14.507677875709705,13.659525045990485,13.992150627124147,12.27907570195922,13.319938140193663,13.087395668971363,10.761729699436541,11.928311263920431,12.704601115867247,11.604715140256108,15.567715277862222,15.031062553539652,11.18057146049198,14.40369612968715,13.94270981980729,14.25873769354105,12.94287763777588,12.602242699130999,12.685819060788758,11.958856644015134,14.575730102945874,12.867404515084962,14.171044815563237,13.83905195247549,14.688321027610204,15.01221037839326,13.023734364788634,11.828542181687652,12.299577325852773,14.54708924741248,12.734031527167962,12.539011040092353,14.6270496441051,13.905135918348297,10.595493836269105,13.973402897224112,12.623327338099346,13.745655435224878,12.239568976430487,13.624200786589304,13.729785213576953,11.371406102207603,13.715517794632918,11.048161763785838,13.866228820424487,13.266999105310733,12.133432321578395,13.800616820716442,12.323919207555802,14.939684993214218,12.191412701343944,12.878228074623943,14.439786657799397,13.685777120337198,10.41525394665814,12.970794485085214,14.955453316585231,13.892102385230684,13.27833251882268,11.808169829867426,12.80340042677226,11.21945919115656,11.46973702740582,14.676739712504133,12.03403367334414,13.369650533189294,13.559545265257457,12.816601158983518,12.540347579254343,14.137418629902234,11.116211565022665,13.268971061671229,14.203177394527614,12.340239788345228,12.885885498481741,12.101253554711285,13.474013130822083,14.530054904918424,14.199180453806349,14.146828132081538,13.086265472365556,10.904127821619207,12.803303527512021,14.713412028078114,10.981134612007812,12.698499698614606,13.62258884539712,13.502603977521972,13.100928382233079,11.697242213975585,12.375370723677536,13.004993767524109,14.93372163887066,11.820121390307191,12.018862519486504,13.661625271679886,14.694350230883211,11.815349421351662,12.323062657830384,11.675167088202127,12.48703741973142,14.122131247941258,12.62635313664852,9.041548708970703,12.949646174710951,12.848387057579973,9.964613319337056,12.653368348263095,14.235307055171031,11.438655371445297,12.162978645738772,13.599643044143477,12.664697586674263,12.193974753731647,12.442901600808023,13.143844474536861,14.320490384134171,13.153805613925108,14.699104978729501,13.765586695463423,14.156780305912514,11.580930782828531,12.460504083442812,12.242911345605728,12.563772667521464,12.875498591243455
13.092276647154172,13.34783013953863,13.445933960353065,10.649458216255354,13.889052971770912,11.707765257200798,14.02899897236781,12.528456931022076,9.776172225597382,12.595638928238236,14.531287884818248,12.474977481741357,12.333002784346583,11.03589425138083,12.660478708886421,12.923223039087379,13.734090412061866,12.561788267533599,11.800303578133574,14.23875607127509,11.386702122545167,14.642455308204951,12.501167416138927,10.495325697960435,15.076946744685637,14.939410191178553,10.925403082410526,15.079319764905954,13.066830306850678,11.513413047749488,11.737760209784149,13.385366337944681,12.224392679203532,14.566687516642277,11.870314686476247,11.010738243591149,13.006553420327036,11.013755912251735,13.01433713653775,11.612269451294585,11.887460314020451,11.908571582355169,10.327130428773918,13.598105118573358,13.690897678713931,12.98519113743442,13.192954198926293,15.141175235958574,13.950043879193055,14.45104408372125,13.363202390047794,12.045405073693143,13.125672811868313,13.278476758973333,10.988208336206656,15.539431616850017,13.585254400922521,11.192977059763445,13.846996817165444,13.543415604302218,10.844429608166312,11.021512281945473,12.874816558671778,13.876310463722557,9.470412191227094,13.671322941531562,14.345645377512314,10.378458994437734,11.988203245493667,13.769879974242452,12.537739027812963,14.377330212402486,10.798684681554153,11.353288892057467,14.67702455488451,13.70274908829067,14.065794354872931,12.28820728848163,13.195646629124996,13.124378546240417,10.619471271487098,11.858332177631302,12.776599881170881,11.572225644836328,15.585412835246126,15.176973047944761,11.210586307725823,14.456241947321145,13.896238147734175,14.303556922221249,12.976925092568585,12.60127651196043,12.78933910219401,11.955544942908963,14.55865891644187,12.835947386709323,14.11044855938807,13.812561283742609,14.689697862546138,15.02593431239631,12.972071397395792,11.780003967322868,12.20552361229305,14.64720986761029,12.794475701962824,12.45621021127406,14.629961894912407,13.945724682924087,10.693216214291686,14.080002214714028,12.661053647815187,13.7595909480188,12.29768822332947,13.769648724551379,13.72944449237547,11.337839710174924,13.878875521225336,10.985977792117756,13.78220121556955,13.230262286365043,12.22533540637098,13.761699250809336,12.385794460151201,14.998744737032508,12.280356776873155,12.9419424089697,14.537704940573086,13.742834035300993,10.429589896587109,12.85417796204512,14.977132227836393,13.965344786118113,13.29735066952466,11.728997480487953,12.860354822051383,11.185916216571618,11.540696016279615,14.618882058700063,12.098498991082069,13.453859828418372,13.657705529813684,12.671162496199468,12.563126014911461,14.255827250253574,11.132511582048018,13.2320961503564,14.134013922302326,12.469301771795726,12.900958594149746,12.044365198003508,13.42469736450356,14.484998902189853,14.222237569373894,14.172934853090277,13.066265296109513,10.805839019550078,12.78421156429104,14.75368353811119,11.034823606594017,12.63694428664505,13.592106643326552,13.541718547922319,13.141010341464577,11.684754398529138,12.474848868454758,13.077604943465369,14.948964979443945,11.689268048516018,12.05095503807681,13.843105728017195,14.739343875776097,11.78613119159308,12.348353675830465,11.601576383246424,12.32555951779752,14.268544230346377,12.531237140122615,8.98524358317264,13.027859714366354,12.946682836026763,9.883283612965672,12.58163469780355,14.302670561822723,11.417143183292142,12.085267295973697,13.604092292428966,12.749540006072237,12.127226584440388,12.621099047947164,13.16327048610067,14.410950523091495,13.13587631738777,14.72920275869377,13.697173707437384,14.163110413409953,11.619745381837227,12.527260117491942,12.267456429894763,12.642605060809801,12.822108421248723
13.026498602671113,13.273046468644974,13.472659119936358,10.739456640279627,13.96006306127817,11.61782471186936,13.938540937517386,12.48522159894983,9.727463821090398,12.610584148577237,14.39278970815787,12.531710867987725,12.18337938923792,11.078676354019867,12.512846594847556,12.919604454847613,13.722567515663233,12.591556456751055,11.814576381343239,14.29758936368198,11.35897221080499,14.658040523974078,12.491727462153442,10.484527248539507,15.169121075813978,14.952007174412454,10.7805595646183,15.139662233461424,13.061523439417918,11.524223783755918,11.820725740435346,13.355425506323046,12.202778527581085,14.57297617631029,11.991853163046118,10.900246597160871,12.89805139924296,11.035696612851291,13.17401146717174,11.56537530015044,12.043341131590752,11.940071361040898,10.27909465170905,13.640461970234302,13.615812960894358,13.096271282325267,13.049854718380027,15.110497284214759,14.047306776384632,14.517706133432963,13.36830430406436,12.072784603677329,13.143372666720506,13.320724565128577,11.07297281704021,15.517816157178327,13.468412789311746,11.174161488361536,13.789266750450174,13.471646529903722,10.883189196812806,10.941835161825697,12.793032279030077,13.805686201209252,9.491900833372297,13.732768187285872,14.366974079993021,10.262687945444004,11.832293241300954,13.812395957284616,12.50963626523451,14.400650986462882,10.818431196018489,11.272580053460898,14.726225158905216,13.582491396327145,14.126207351304386,12.291126346784777,13.248633782329984,13.136615073644593,10.602070912920048,11.931103838798952,12.841500311448808,11.598429178571973,15.444475061797418,15.316204428595345,11.098435263360924,14.443524348432447,13.736225892282299,14.384121562215276,13.022797077120034,12.513551508965895,12.738261521167734,12.036812703968863,14.769389495639912,12.995110650797308,14.154479812009797,13.7637388920312,14.774151674446903,15.026006054818719,12.94239740999974,11.816900858800057,12.222947593466646,14.611737819158725,12.821822997586807,12.522979535619305,14.575537709111162,13.838992882312272,10.77327497154296,14.053753011646183,12.707260988572742,13.710828137756629,12.280081867841103,13.93744837938416,13.786241643427246,11.36086023891659,13.787958692979927,10.93679102514107,13.721630379001626,13.2374823530825,12.176328133898268,13.88486581740426,12.4746462946993,14.959306869107849,12.373516563809027,13.106440541467238,14.587806401976987,13.689603857871354,10.300850391442465,12.759747434578294,14.918883810369332,13.911580673014281,13.284308765200974,11.671957726381114,12.910137964408527,11.157241770189717,11.423416207173641,14.72352048215058,12.041458861242813,13.506735262048524,13.740069996644037,12.686995692875447,12.500578100182036,14.237147648516464,11.131608975917073,13.280575086991455,14.207113050656385,12.52863673344252,12.78152855893857,12.107895338461184,13.520472547903463,14.549856375510801,14.327268230751034,14.272814935095914,13.11103836104541,10.802463935181452,12.822256222689507,14.678069091032501,11.18230927291179,12.618856756637497,13.690387031847292,13.538477465951294,13.0151323297218,11.73842075400209,12.482371522288243,13.100955702429522,14.929405060677482,11.61150288091646,12.014641907284545,13.902135754295541,14.713408486573867,11.798404680886144,12.426086297407235,11.481895826040843,12.306214231806724,14.342607060586706,12.584793661728293,8.927030224021847,12.950013380999696,12.982904781976671,9.83187493478652,12.68466065896753,14.231012408733259,11.451021653410631,11.971849752062056,13.739673322327727,12.870844177012392,12.31655491408116,12.612587253287384,13.158879724993579,14.51012120619453,13.10179959518826,14.68236659110076,13.629936108818956,14.292702096579013,11.528009865115639,12.497110426244282,12.364563963221883,12.670772679383461,12.845624343314363
12.970339609202364,13.272140603826855,13.58099861962833,10.600228604060941,14.032768643796066,11.623826645293208,14.084655221049065,12.57865864944826,9.641396027304701,12.518062659790157,14.328159395496607,12.655272256185635,12.092956908398282,11.22298661982095,12.570520980408098,12.80221667848349,13.718163553946566,12.498693011651248,11.728575495497704,14.23454156251441,11.331830374818594,14.581012009130347,12.414798474245694,10.553890387246618,15.258754764161395,14.933160459354667,10.871632926198208,15.154234848601604,13.073431464583278,11.57387939545923,11.876175579828116,13.358358601001155,12.228967597184116,14.624020936986236,12.054191085378045,10.883717409121852,12.877382616355188,11.17167487456435,13.177764453383773,11.53728735606487,11.923103929354323,11.875524223559644,10.2913013638204,13.618337600866957,13.615338753948858,13.163053983578882,13.076313469272197,15.091894718530629,14.225992058981996,14.55213011973804,13.275459197949347,12.083981165301132,13.243193193653736,13.31112752580735,11.103969386140244,15.45654642525472,13.443814566310445,11.275941048115234,13.800386085073361,13.455073197262601,10.93921196738272,11.061627266060949,12.739748119828874,13.66157694348079,9.48994641653793,13.686840511052432,14.409082277778122,10.273476974247664,11.960077200180832,13.827514316342084,12.523494719831099,14.416149849378206,10.891390929162712,11.310622114543747,14.73854414907076,13.702188975945967,14.143340361303371,12.358669310900646,13.223282128300756,13.045100631185317,10.540160660404414,11.958050884160095,13.009874701917886,11.513739220089901,15.406323364213941,15.41312168005253,11.154782762121197,14.45933047663825,13.847619422838628,14.277565483758584,12.967170553493778,12.433553440650543,12.80680454844796,12.08171524159029,14.889213605005736,12.895621004549279,14.206970745450924,13.853418548611298,14.689959334062287,15.150293946285847,13.02708952038758,11.747826354383172,12.303991483449641,14.561309933708037,12.825350394942301,12.6416360143443,14.614259677684752,13.783600291737782,10.911800598287611,14.058598816403146,12.851334023888906,13.69391615746223,12.270269085637509,14.105732456420471,13.83905555606541,11.386309341863978,13.851689466817898,11.049455950740114,13.602337729890738,13.239664461111287,12.227239014539286,13.939390216104638,12.409811338839846,15.036008814735519,12.250826757813316,13.076412271599835,14.643967591254077,13.733022719569934,10.39545077640219,12.68697661583293,14.982009664074079,13.871185638016586,13.324476814964605,11.571952994068909,12.879604139267112,11.13739195284425,11.32807464803429,14.609233959626371,12.188210338487075,13.459696524807619,13.862499054867127,12.732535821887124,12.672702813706538,14.290479791195917,11.09008810086447,13.121672436302518,14.084728278888676,12.561285669124148,12.793805595389706,12.055685258589229,13.503634179178306,14.513977992862399,14.450974045623466,14.429255187849538,13.07270374777835,10.874941686791828,12.948679627291973,14.601963639124524,11.027017144767118,12.527689964109108,13.63544899386472,13.58472332480969,12.924408046826988,11.589626681381157,12.601183135372054,13.081032458266934,14.9569713080425,11.595754153235394,11.968920176465321,14.054308111205312,14.787391158069633,11.774647405271063,12.409098111912577,11.57687628885125,12.336509117492401,14.389582502162925,12.49592866502807,9.015609988212441,13.079637081784862,12.934253598267585,9.912800512600445,12.757486853598015,14.269496385140098,11.48652932651052,12.234035583175373,13.679648403214822,12.91021951202536,12.49898906250568,12.59723401045186,13.169289180431392,14.524711953930742,13.104352547370908,14.663357364844725,13.599624720142923,14.392394648796987,11.549448294590476,12.534047022292333,12.254946803464405,12.636649735042463,12.738146200798337
13.08098549773648,13.2343379009802,13.624851559843192,10.593298468785134,14.038263757262893,11.54678678033607,14.141409681472556,12.646651835806663,9.638779306033843,12.594306590066058,14.380064383179663,12.697462729371402,12.189080057150806,11.300947653409764,12.538537184200008,12.826625146313352,13.629893238257342,12.529772030696202,11.696749380497966,14.202443842502618,11.326786073972828,14.675176426011724,12.575334746710002,10.62180715268299,15.34043046553493,14.865657506487398,10.721497397605958,15.036120691334869,13.129820780694569,11.746347904776735,11.969534180745647,13.36668065180716,12.325182703753663,14.614117877288141,12.035958678056511,10.966358882462568,12.821983035819716,11.147403296086742,13.253941252675753,11.452072142582056,11.930504669920973,11.853496744512972,10.386576967769223,13.571569294094292,13.772548743346796,13.176613072086168,13.11687609692783,15.148680720611768,14.214299698756271,14.522639455630985,13.20422542064033,12.033123807703356,13.333358834849207,13.276968523849147,11.014136690386946,15.425883611374987,13.454045437934274,11.193896078529033,13.91228125599818,13.559564635876086,11.035677853203804,10.967599386484814,12.84646258487134,13.704942317609323,9.414054553821856,13.728606975323132,14.347352565223149,10.375869386836003,12.0550735180995,13.876126971861728,12.481553636637377,14.429295465287767,10.662889649681665,11.350879838411654,14.73046881578207,13.715948147174428,14.078819508846854,12.469541195501828,13.170214602131463,13.06648695258982,10.531161472471156,11.926482406451537,12.997498250680575,11.567335281807301,15.378813713749475,15.506973431698654,11.044934428786094,14.421270108977383,13.831758304794176,14.320014802366348,12.986090999355605,12.400772675904205,12.871455367696264,12.12904663460815,14.88685407014144,13.082240311252333,14.293793307115566,13.73755168713156,14.581019030085313,15.21112298156989,13.09288528521602,11.786020224221739,12.096429730644703,14.51273843254403,12.96578120775837,12.643844782679448,14.738614535336122,13.861174608817894,10.870528684511509,14.079434752947279,12.849276762627047,13.792417706141736,12.354850094237841,14.118358153696022,13.772142573377776,11.480885971243545,13.957698905504323,11.089712969366186,13.630901737215563,13.225033842060192,12.169838803355285,13.907821038249143,12.442260831802132,15.017022700096396,12.190465455553158,13.09058340295044,14.629580683831916,13.623671830834976,10.392406390310478,12.727758200771811,14.98467553454797,13.91606744096711,13.321503592687097,11.652544839466145,12.98496323800303,11.214816180248475,11.2896154067562,14.495223125278674,12.208212632433773,13.418218637410346,13.791795162853214,12.788320396280618,12.843538806989297,14.340510226503335,11.047977089069143,13.185343641286174,14.0473276034889,12.459288549756671,12.796712944084812,12.038192874779844,13.476809214597294,14.559191552844466,14.534881522282001,14.455836947417982,13.08468556927497,10.82929789219312,13.164454344328949,14.703664670763635,11.098601373479179,12.665181857337632,13.731568614041642,13.799218756627972,12.781517216122227,11.624123302750085,12.483938520129893,13.08429433222272,14.932143100779209,11.49811842517475,11.922430515160384,14.034364259929006,14.872116635235491,11.725067410491167,12.382100830639997,11.570858512232723,12.111768236705652,14.5827590370492,12.532227289451008,9.013435899270549,13.001461804721842,13.033720442984208,9.978679382403723,12.825995252819204,14.328822496776208,11.406691136076613,12.257592660448802,13.629011174595945,12.911102312168197,12.482766892699063,12.712174528149282,13.234345109954003,14.576034031802765,13.046635655124925,14.579071974330695,13.521954935860679,14.343032790807928,11.714347286758608,12.584415832020873,12.302083902863659,12.690279405029282,12.8079638195154
12.999874277077044,13.260856609666448,13.555751906817585,10.570177191916235,14.033129967071083,11.536247423342218,14.333189443167281,12.685430604594695,9.680816444083122,12.584662885856934,14.417233840345022,12.665462970417812,12.1547698431076,11.392355227621048,12.551194588147473,12.78227711984245,13.512119154640786,12.410810421734206,11.605313171906971,14.173527200001773,11.297630160462367,14.791511270743387,12.5027808420442,10.619201354077513,15.40588723409052,14.993762864403452,10.655843783655664,14.967063598391228,13.161001694456557,11.712890443724502,11.948038946321835,13.399585543995881,12.409421447011129,14.426914126685265,12.153303047371281,10.974409887203906,12.920162764920937,11.10817649166718,13.27089612618688,11.460457446213395,11.857063372539026,11.935676463166638,10.461762428450493,13.430509692564845,13.785948127066934,13.196914919528142,13.140089379266529,15.185633941343946,14.224808959631828,14.470172717250065,13.219383781690238,12.13225198495905,13.333971989747555,13.174717400664676,11.010346108834177,15.372841275657743,13.561346350875358,11.24301168890328,13.910564622593505,13.558334705370942,11.044267046433344,10.937884126995163,12.942020809515535,13.707860993829735,9.417398671659733,13.64963951293276,14.373895214002568,10.587959777206574,11.990763006601695,13.97088064533538,12.481355371723133,14.507335578623753,10.657297187726995,11.274652201585287,14.798573853490538,13.728962662738303,13.982909051867889,12.428718179417118,13.302760738264029,13.035301727224262,10.535545888551946,12.010712567893647,13.068068481831867,11.59470103736123,15.488147898758065,15.483556258911293,11.03623800718891,14.485837155272101,13.846800848266898,14.27979566485813,13.003903729651821,12.34866863569251,13.015168895072176,12.13039741314154,14.827358192105969,13.198004954226056,14.302531317104599,13.712155957208461,14.58212548100823,15.145573947577521,13.170439504904065,11.776540865337013,12.018109747119052,14.475859212375747,12.93140468521755,12.594141238591147,14.765807669283692,13.888574493623915,10.801700906931782,14.090616489335343,12.882833880601384,13.642400878727065,12.267440554445601,14.149368104520054,13.87046744708276,11.50774793713774,13.828747983622264,11.108172320518076,13.672521229730634,13.281406191153366,12.307936193863329,13.917445343859505,12.465364419255375,14.972259817762032,12.086172399121995,13.218886930337883,14.637617561310178,13.61762722372686,10.434644054150644,12.668744474518105,14.89919881952425,13.841537482271326,13.2631931276284,11.721790742574228,13.027874667903468,11.226494411661552,11.317213360339045,14.653607452396281,12.226200698585357,13.553792666378278,13.917669327015666,12.826276791245173,12.92196762453385,14.299121948635456,11.112878108046083,13.14739363442769,13.92802251281022,12.587737541106366,13.019657157904508,12.067220570241473,13.462598887227102,14.544108369729585,14.598400787477301,14.353005516502574,13.150663938082126,10.772210830770048,13.231150751719218,14.64640870183129,11.000037532399249,12.759522468216714,13.839759810310031,13.728674276943055,12.697913642486876,11.62021130037046,12.329878099214726,13.078551441451118,14.874351419424489,11.61416987300396,11.92111255957064,13.988903128679675,14.78654900394006,11.91085046894301,12.478623229918426,11.665323782336474,12.069125442635775,14.6176272406477,12.481352017567449,9.132312312285272,13.138162455712184,13.114706538286475,10.009428185106508,12.753765107937687,14.363386096353302,11.540816543557591,12.195687909745265,13.735983946838903,12.708346938299712,12.607290751973647,12.74124176247751,13.230244857098917,14.564717905706459,13.07066574827406,14.604072955117491,13.46070699627829,14.289893910863908,11.831155827878657,12.613236858921526,12.313135513499683,12.600008391037191,12.836493192690941
13.032063086471656,13.27112846919861,13.625091875496162,10.56617949891668,13.922637300815945,11.665822644360084,14.34449000065021,12.823277536913274,9.785692135025403,12.67042203261431,14.553270432343732,12.771076189973293,12.064335664606485,11.312881516218493,12.581618729446442,12.86695173144849,13.364636579301168,12.376384429593326,11.692028914398383,14.275628025370224,11.323639711702398,14.880526367910226,12.490074110343691,10.799322345731799,15.400690836527781,14.95374218330651,10.54392317368691,14.984312274835483,13.187527315126685,11.762011193208334,11.921982313081635,13.524180782750879,12.236260442799239,14.479752631344363,12.306132411599672,10.945685148650675,12.881739491662616,11.179304545524401,13.210491013828577,11.496669437872098,11.97481373496202,11.764942768333915,10.518585945064626,13.38305745949665,13.783024030381476,13.141508191186984,13.258855860997786,15.059909946222572,14.33379074258941,14.524922890776287,13.083107926353676,12.108036298911436,13.390136128135781,13.070772260754076,11.103850662361905,15.420335854586098,13.514887702239177,11.242356025324566,13.881623058786982,13.604879356080517,10.973226383875083,10.841600357548264,12.944058081038678,13.725429931670778,9.501061605099737,13.562546466996238,14.442543011678808,10.664303887547996,12.018983313820303,14.147113561905124,12.39808769262493,14.669708945984278,10.593580986725515,11.262365201226919,14.901497348687856,13.79065434195995,13.923456416736453,12.413487699412043,13.317462611607342,13.01691801674599,10.62872633347127,12.018421344279067,13.00764643909279,11.63435588117159,15.368889833225172,15.437779773190117,11.011783982700258,14.503147925816165,13.972032197369122,14.357608996946464,13.113517534982119,12.34302764211728,13.115944095156417,12.194231423969523,14.907632899502188,13.164057436936382,14.284889425899191,13.684734433419328,14.638856921942192,15.230326591042767,13.330450050419792,11.729366578835778,12.080058923454597,14.436503403862085,13.01422801817374,12.622657033226156,14.825899040411846,13.805632163855869,10.792473401909193,14.241035064826518,12.907057227407027,13.65405215475836,12.346680459870319,14.165988986872186,13.793809273468447,11.603140574114056,13.7473871542131,11.162188721712587,13.692400847587658,13.3482157512436,12.307186266632131,13.83309923859504,12.405516558421372,15.023889200494128,12.094599428207124,13.149577885434647,14.626643059001644,13.60750519338638,10.390634918710877,12.640508249083,14.819237871420524,13.826046472097902,13.23524081137144,11.657539851744358,13.031794872166211,11.235287726325605,11.42483235494501,14.627182599086584,12.212263321444713,13.621263193772238,14.089123028868375,12.85337449257626,12.861809094212779,14.206474501462255,11.135942996886717,13.18904507539694,13.898932148909674,12.581261840366526,12.996308776595592,12.02880868486895,13.588469227643971,14.571823133049135,14.76141360898104,14.438464319430276,13.083553657298884,10.914132314886182,13.298601208131618,14.684160667296542,11.046776897323216,12.750122900640678,13.88104552469116,13.754477357376269,12.593454140480032,11.572718515345207,12.405002574216427,13.130128571678949,14.738215322040041,11.688158927148931,11.898003774145085,14.156852905479047,14.700010554393467,11.980402883623473,12.586555044760875,11.692361132850957,12.08035815274709,14.644379027270315,12.480866210500649,9.253204430011554,13.193124218713661,13.148551903583769,10.021562081036008,12.820472988287245,14.216713958449706,11.587584940448119,12.19459398333322,13.666566830327113,12.593980391411117,12.652739028472737,12.686794181254701,13.225360899651712,14.662681028689013,12.9792563538457,14.59396923665146,13.606089136049544,14.228538934181408,11.817235826176349,12.670921927659911,12.27274885627962,12.451927623643286,12.78829580877099
12.946507409318333,13.329144105865819,13.72552232954024,10.638940050131005,13.801288280845752,11.646315240550214,14.297063918519303,12.778500931717273,9.892103972286735,12.749181563652,14.51324232206572,12.6809549503232,12.064735501578483,11.34027471212643,12.572429713528035,12.829280079085699,13.374124472409934,12.421219216475258,11.619368626680604,14.345982166017551,11.292532777365771,15.059016076183804,12.60746178192856,10.87604883683036,15.467749683667014,14.975888217441334,10.610312212541,14.92423907648878,13.089931824459338,11.944768913910892,12.000670934054384,13.411757721603463,12.20005683364603,14.523933022424304,12.381403648698125,11.043754434120059,12.788003512367972,11.178102940338668,13.168331813901204,11.428725111673414,11.948495231631627,11.842624436873827,10.476231224820493,13.339699348223776,13.782068463637673,13.145496436575952,13.329580786883097,15.185713095080729,14.201878074921753,14.554028088368952,13.03749395551485,12.170660368289694,13.467868002444272,13.14697230188678,11.037513924062631,15.362301899147733,13.565782938689434,11.22332512227177,13.831004746422078,13.750287593224309,11.123626918593686,10.655867965017936,12.94873779270536,13.691309193267113,9.619946113666927,13.437364218332974,14.519860582819103,10.676109935534056,12.28958557947779,14.082722332470937,12.386739496406292,14.71270504954334,10.666713107088068,11.282232349971357,14.97571975752153,13.621215962543813,13.963829588911416,12.348860301699036,13.284066963081266,12.956210681888464,10.837456543375094,12.056990124173497,12.982175792589867,11.520794764071358,15.492517341140553,15.473681859245001,10.972096314960885,14.540376656442758,13.96009622361312,14.461170472778122,13.033422713920741,12.405884120247594,13.10754068013591,12.306587078260861,14.95819780991851,13.049439271265632,14.250960411148759,13.720352464695816,14.757654163237245,15.159185691997946,13.400169956608766,11.771150394645487,12.12868943023572,14.460618753559963,12.844753166231946,12.6039021266454,14.969161558772507,13.802512808608455,10.893438500669184,14.345652838997154,12.882791359687275,13.554824546903712,12.330485413144345,14.033741518621444,13.816275526368253,11.495489933592921,13.68511784882154,11.11042185775722,13.725002136986292,13.300333533792369,12.274819650191372,13.853261961161182,12.345524997427761,15.057164011908442,12.213330997163098,13.21026700500121,14.593226205731648,13.518523218176105,10.311676533797135,12.503938711775286,14.822795829512946,13.807068649399284,13.275170777946666,11.502853481321484,13.102659722724704,11.269059921309987,11.39334827540202,14.574238409484229,12.270392666118788,13.668173586431024,14.105193010830007,12.821182406007397,12.944783140709724,14.170343942713831,11.132581100447537,13.222797011394373,14.083061648709089,12.594414647325772,13.020640245075134,12.11680701820711,13.595732405906297,14.617819819303433,14.719111896211292,14.475499152320545,13.212523921704403,10.919052521554908,13.415425451101482,14.576115375233915,11.083212249106372,12.786493678790505,14.006075329804633,13.74785919064858,12.767296327494272,11.692651196377236,12.506719758688744,13.149518781709649,14.860884511696742,11.643303548790444,11.852706485062303,14.184972860650765,14.688775439200327,12.010884644914922,12.506095511038643,11.63069371020256,12.09204226116675,14.731897721407263,12.503602275301066,9.313150134010746,13.300157076427515,13.116085462313043,10.081461302600033,12.933730042644395,14.22781916445867,11.825607029845218,12.302868592433214,13.533162617083477,12.478837364304226,12.580843123555008,12.61843893945189,13.248689259996343,14.599825701810952,12.927887438032252,14.615606716079087,13.66614400592048,14.244815807699903,11.767824896615013,12.798230634187734,12.225644634056337,12.412391460395376,12.625739789308694
12.937272462525772,13.26228277467168,13.720390009804781,10.602356658976412,13.739620550685531,11.527948800644037,14.291067574687919,12.821577063087934,9.989656543164877,12.878441240992002,14.508880527643639,12.72665584734221,12.032260652101694,11.260823178802788,12.56902059997045,12.926157834877355,13.47512197757149,12.533629583662355,11.543258110781576,14.396555656814073,11.261247191020223,15.100545615501026,12.599656605409235,10.779657250584304,15.422472983504331,15.079758011788304,10.602630625066778,14.999645028251134,13.044118077092076,11.978375946383554,11.915322197969019,13.254148835866678,12.23701423092546,14.463469116566339,12.334881794451107,11.063759999442848,12.825043537658262,11.229052635912227,13.200793335367754,11.516168295983446,12.003443429889236,12.041917106235266,10.6555352596582,13.466579581314354,13.847565403907788,13.123916999093337,13.313540514434347,15.272766360486635,14.230533627370503,14.739724819428965,12.988913449612234,12.231155270667244,13.414103289533042,13.081767822150397,11.020609361508633,15.416396260499807,13.431047189288973,11.039026008851446,13.665031276905616,13.672464945350276,11.152829106486084,10.58420645731078,12.922265356222457,13.690132584572988,9.609056405627165,13.409209330426725,14.448012953883225,10.750533727418842,12.291727070463283,14.081903911493963,12.332191602185581,14.708734804613718,10.695048209010722,11.431551084884099,14.997999035938918,13.59918352716452,13.849571241804082,12.35420698798337,13.2808630394832,13.015843451951822,10.829105706437073,12.045471272162185,12.889689557928879,11.473505207574181,15.431853985587423,15.48701641074448,11.047488125669114,14.59443304292782,13.933164938913512,14.432635703140647,12.974603820971486,12.577920825254076,13.019728995554319,12.266913443136763,15.046233051138806,13.085035123024468,14.209239272774688,13.6706523542039,14.674889774351403,15.113393574523366,13.086354896177665,11.807316285573812,12.169285679077591,14.366313351792808,12.829753210029317,12.637412773899417,15.038063272297505,13.697484630443427,10.987907815667201,14.240866338357307,12.95062614048439,13.57566045133233,12.356748770570558,14.011254421580654,13.85795959374706,11.565149380951405,13.589102106536638,11.109941234323315,13.76509855441264,13.393068609669822,12.233555183170102,13.926990880612609,12.373661147807944,15.077838350001766,12.230476837772756,13.210517625971779,14.569388613431965,13.57707294041254,10.409313226302627,12.515162974156823,14.918470914086585,13.84154980055714,13.345157023394133,11.585534822778163,13.10116298150515,11.278688796174906,11.354088169701008,14.571417739205575,12.222352427117013,13.74338321509893,14.26587186111405,12.906423898949999,13.043108054271558,14.245105005257953,11.274127793531676,13.13019424595812,14.171054552874258,12.78235508286701,12.930092827180301,12.232150543105083,13.58232608876849,14.635063934283759,14.81684829013333,14.560915979304376,13.137991148619284,10.821665550536277,13.459263206170895,14.605569901736267,11.027517295792103,12.570342077083259,14.00202817423138,13.860059589579233,12.705474969961514,11.715320463364732,12.569804440395448,13.354285051578666,14.856085146316591,11.669163038041173,11.795189994310494,14.127304487392838,14.670230946664523,12.016134984392933,12.526177369669762,11.684618848445247,12.12847420802554,14.67238592773159,12.426938020526062,9.310994447812302,13.36021573538822,13.067312478944782,10.128837958589955,12.728470136862631,14.282124055141285,11.769384040708536,12.388629087948857,13.494609773419237,12.44164062220727,12.792079628463034,12.672290901543521,13.271220457740272,14.690491334603667,13.064909402029393,14.505858375363454,13.614353665954862,14.417834346381579,11.81185796278205,12.952501136303978,12.26564783372557,12.375969527451268,12.702703640407575
12.94429580126051,13.201357206070425,13.564321047593467,10.689814718243767,13.76166541848653,11.645241765506192,14.431290254663299,12.768103675403557,10.110333241569231,12.82344143523693,14.510220163881243,12.692055772365455,12.08289966202241,11.249635271492224,12.66487672791641,12.819726867849345,13.334904994941018,12.573163228277982,11.47947994802905,14.345813137642162,11.398200960739281,15.108006657806358,12.59604924068074,10.856388560729881,15.464788320342803,15.023727187304466,10.571954849355578,15.064944073276685,12.920402361917718,11.93829435869573,11.764387251998235,13.295975963183142,12.268241722536766,14.508063157966827,12.369046597030817,11.143731372430624,13.039881240267135,11.190579178742142,13.189505011029945,11.510364137229377,12.032418884678577,12.187005957975394,10.539622614957032,13.588632682774106,13.741396430844656,13.096591658132745,13.316757715647375,15.343681281952897,14.300801207921085,14.76634475480604,13.053995623798324,12.250237751855943,13.27348990318125,13.148784838395875,11.028062562029548,15.45941795661254,13.493288501151483,10.956336093621607,13.703713699982242,13.665739949666275,11.162906749540507,10.53071501124316,12.854603664436882,13.665822464759987,9.68962006534381,13.457137196637607,14.442575967970093,10.848304521816003,12.30399931493218,14.198534767091067,12.358301771482312,14.770734271238076,10.733351815518034,11.327924327891226,14.884186515991972,13.47719655224639,13.822380165245448,12.525545698730836,13.402667954924457,12.986406584555766,10.928734862449694,11.882662722572354,12.929274604296063,11.403553868029716,15.551871090128152,15.531788913418024,11.096355003575612,14.58519061032617,14.043277867116744,14.310244508379236,13.019898146203552,12.512175703252618,12.99832382988723,12.312722523623911,15.123482425175842,13.267721838466695,14.1266918775774,13.706016568257532,14.753186802678856,15.209337546607511,13.182712687730735,11.73540562787382,12.175721829718286,14.362891965562687,12.746064285873437,12.774559845496968,15.126800941128694,13.924636766081528,10.936210773464909,14.175033167892872,12.694897565192848,13.60809281799374,12.391658868578599,13.977745380541712,13.710644503750247,11.435548401262437,13.582785947133685,11.019003652659311,13.719487428096345,13.407135947931224,12.19194556812113,13.814491467285764,12.353400724903382,15.097302257771123,12.191884359544432,13.412231909383078,14.53054408752751,13.570920938728845,10.350231731227428,12.371817126449086,14.984358185499124,13.74379585534192,13.338606677877825,11.536806392043252,13.136434425502902,11.23989272580025,11.410479636634799,14.418625615093076,12.277860286230904,13.755949430067293,14.256397304849802,12.94093840013094,13.033472721493258,14.407348240751928,11.287118525763184,13.155570148202205,14.150460190877418,12.75522001939071,12.963405134986084,12.300602842776204,13.589204816683031,14.664450059490033,14.867321802985483,14.495844796992852,13.17552676641491,10.791148228872915,13.352380177527664,14.681891876239225,10.936989542338305,12.729904219847992,14.003231597002111,13.866057060462504,12.899247733120538,11.812680058711413,12.73610134552269,13.295300093600838,14.914222162607574,11.579808977395672,11.91429914958655,14.078346326333229,14.608118696596613,12.021969867795784,12.601321442450548,11.861144194094878,12.133523910556626,14.725330948063474,12.446141429720939,9.255991668713577,13.36089320996176,12.964476634386635,10.074794469587319,12.764472393117645,14.359380479771689,11.824626409364205,12.483235986215046,13.54582006122238,12.451025725667716,12.644775155742355,12.706120106569522,13.227415348383891,14.693424645208525,13.143261760051667,14.451170889949227,13.612573791262136,14.499622523354407,11.901315256623494,12.946133010143926,12.292591056745012,12.326040199412013,12.630948732362581
12.82392152934873,13.12244930582663,13.501366347866075,10.76510412641239,13.865400234267804,11.659062176712856,14.583388800742641,12.759178859127282,9.919558485945808,12.927999463321669,14.706028448741373,12.65341459639572,12.319869948466305,11.348788122773316,12.578320708161204,12.836965314745969,13.288563864802553,12.584079452940253,11.595404427151186,14.360937260497263,11.479361613993005,15.079391066410173,12.632351477202354,10.863891208968978,15.501036028392397,15.148678717103921,10.577461271332586,15.172816815741918,12.944975354152305,11.968042475205927,11.781602598360418,13.484198979373724,12.364094473119383,14.536131633065493,12.294292650177658,11.162493189730126,12.93308048770437,11.121347688622945,13.244593088008674,11.474734007783036,12.130720596066682,12.08777771436155,10.765427006309485,13.848217838289505,13.761834287795823,13.145358582641656,13.358919685376684,15.337331350661463,14.416085249243395,14.765812893015333,13.037343804403585,12.22183004750334,13.245836357308052,13.183070073787441,11.103556809344324,15.354998238202507,13.533344216417753,11.050594290765858,13.629684744968602,13.739555424458732,11.167038113106317,10.568475856222413,12.946247233109991,13.557170227101922,9.477997490209374,13.439070382338404,14.484311964025267,10.845693259806975,12.363537608514344,14.226381107360734,12.484308791320213,14.739900090046143,10.575765952642557,11.284155751880363,14.856054878243679,13.545406266155858,13.720590732963514,12.47426138026262,13.359431965291467,12.998017503176532,11.025878448302581,11.808840261087203,13.045739357754657,11.380379895425223,15.611270064308814,15.56692679039187,11.039160599192757,14.620433162113713,13.975179293839538,14.232739720029205,12.858758269670934,12.5241635974075,13.047003555978872,12.429327500128476,15.051815391057445,13.328887614373649,14.100872918156762,13.666888428105668,14.696022768580807,15.160235936428595,13.207626138323764,11.657903593802864,12.090458206821173,14.489466358857175,12.774982505813215,12.682659336038407,15.126291859217675,13.824947840227091,10.868423121487135,14.0974481760047,12.740453101871559,13.555647936339591,12.485928161517048,13.94400759388575,13.670295566370935,11.586837969056065,13.519700022685289,10.98378651563662,13.744936378042448,13.360980032616514,12.305704488583483,13.80041756787575,12.281730420518697,15.14839381477599,12.236491342957809,13.39123131883653,14.431326000263253,13.655090229731636,10.31262281887689,12.500825855253987,15.000386157583089,13.79103974949562,13.379265835670422,11.640676360318011,13.017209602062604,11.24494092542005,11.434707785766374,14.399819294950367,12.246270327401712,13.792446325098883,14.267510888020364,12.949546365590493,12.952591180143427,14.417363042884523,11.323399417225122,13.080516986079108,14.199385912029687,12.723295686968797,12.92094933177632,12.290509404891349,13.50316179229645,14.782398953017768,14.770034988640473,14.428432230302628,13.204466645841043,10.905767975370685,13.363250305775601,14.665537503770642,10.89894391834198,12.77118367396035,13.851642932581303,13.648393226690313,13.011679530119714,11.772916145055946,12.632812816157152,13.353904555284709,15.0179262097711,11.656703486339941,11.912582848191253,13.970865451851898,14.685941532503072,11.992916642169291,12.54101062741802,11.896325586839591,12.142426571732106,14.749130479197136,12.447020020645953,9.320652210382208,13.453477019797678,12.84864447768637,10.17068637864379,12.714501850937664,14.370179644101812,11.852337526053388,12.507178674094728,13.525986614889417,12.447341031001457,12.696385624103568,12.70676202982425,13.164756075146874,14.809154092800378,13.177693297454,14.46142051355318,13.496185351952633,14.451104924794159,11.867062231576998,13.037876741496305,12.414021107444814,12.272737303352642,12.601281987613783
12.924710599376551,13.139959455098378,13.514371164619032,10.633708994262044,13.956088226994154,11.700453753212607,14.704156731579188,12.904584890562832,10.034684474191597,12.904964048392031,14.702013075416357,12.6297079425101,12.313731245587547,11.301004116525151,12.663461309996972,12.819236852417392,13.16759604981851,12.589237423828905,11.597453661615546,14.4195070108652,11.496075873440962,15.023514974443952,12.607155224697712,10.94224902350914,15.510506337604678,15.053574677316224,10.615116036388448,15.307002863277182,13.015633723056231,12.029668608808182,11.682191811840456,13.467609709935399,12.459273880654933,14.523941694486208,12.322952837369996,11.13295826538668,13.04817592051042,11.104925314698631,13.262518898636948,11.568079383521235,11.996236895612192,12.119872882422634,10.922145318189532,13.796305657551247,13.790001143442337,13.044472645570611,13.36782668186232,15.297321497129206,14.51400911893575,14.806868009678965,13.075180284602274,12.363982362877149,13.202726552483023,13.246864044251033,11.051003356002905,15.224971745896234,13.605178280019844,10.998030513140273,13.485343761677079,13.800298318875045,11.205722237799247,10.711686166952573,12.936631355294187,13.494695197927433,9.534330623768357,13.47751884260951,14.439129977577952,10.8894831967438,12.305968984332916,14.270585333530498,12.531317557996477,14.725690348223981,10.568563354551118,11.422904172661658,14.85036751761902,13.551798632151266,13.682763613007461,12.479884922772808,13.361937522381522,13.017357945720248,11.165694530159453,11.755146553596424,13.08211224697487,11.461031216076622,15.533852352887154,15.452347884990377,11.10730985959603,14.75436352484495,14.017256766747678,14.330477866533164,13.00015835057539,12.666903223020842,13.097989862762233,12.401405405279977,15.00681613910708,13.209532854333393,14.056724163407752,13.737961616202185,14.59825202408396,15.065826588241414,13.130559675239668,11.524600038968938,12.043778009013419,14.396653681701554,12.79597343985433,12.743269685520874,15.267442649077609,13.864562678713883,10.89423124256297,14.193249713090713,12.822839275945356,13.644419052358487,12.413219246900626,13.952408369698425,13.707928822983938,11.509520948284127,13.57029881130141,11.020316454918564,13.653224396134767,13.326763674470424,12.241626528875743,13.8990450531709,12.266180748672943,15.094550217643985,12.379987416744722,13.351051798484063,14.366415246715714,13.481640654092555,10.248181012810354,12.557593119658856,14.965126006102146,13.713884806894727,13.432918336251477,11.62584890353927,13.022512832542843,11.24149811454499,11.371640362194972,14.451788040712241,12.227795848147865,13.751894497023537,14.265880097523063,12.922153497333227,13.03844308293187,14.39568936680732,11.34692662758758,13.023173959703836,14.127859262637367,12.77736888347529,12.94829389354974,12.335170842460162,13.689145039048224,14.750203049779747,14.787525853646454,14.321351045963212,13.342487800009641,11.091577613588102,13.397985436967916,14.655898760023286,11.026987016530168,12.885835789395466,13.74770533869408,13.54583991340005,13.01775654793777,11.748358833820022,12.63363625184836,13.324532380232446,14.975314301521994,11.717892164200844,11.974623163781075,14.086104897543839,14.659578153578211,11.922588780421089,12.487861080879336,12.044611937133713,12.087450544463707,14.816916150384882,12.509508789978245,9.248335410184414,13.310150951612833,12.907898389321563,10.273335698679809,12.663461415530756,14.334829115129065,11.868926672201301,12.536219168074336,13.517579913324427,12.440070397490116,12.608209262245516,12.543754083895477,13.24662959992662,14.940836109032553,13.124527926353405,14.585297438627716,13.351952462892028,14.578349381234954,11.911361115980943,12.943956670228197,12.30734738377994,12.24627447458356,12.510642038948783
12.920006644854926,13.208678288390145,13.580192507844945,10.643963593462981,13.798726462567384,11.612950351999437,14.798510538727568,12.825834546117157,9.90868974520686,12.962331515951831,14.742033333919622,12.681071949545379,12.313334591152183,11.420892152025615,12.633106218299844,12.977809039328605,13.235516891464226,12.631776198098526,11.718374974487519,14.438589041339533,11.488273870914218,15.047397108363228,12.656241836128041,10.91446022416286,15.448215413425077,15.171696306820941,10.562141657844,15.292420697557217,13.20745426317111,12.0755083998534,11.731753045259527,13.592253513096173,12.296915600530866,14.631497044282149,12.305195477329253,11.103364787016023,13.155715636291191,11.142848814355167,13.120289868851833,11.608302869143268,12.120701373994882,12.274561002028424,10.958134854168287,13.96032122767005,13.865519984030614,13.040394300942097,13.404067797355683,15.39236845486209,14.448404586906944,14.658349941445474,12.995045949436047,12.260778377669208,13.266945094283043,13.258021235493267,11.00975092226153,15.171979884453513,13.5992491910111,11.110383653461007,13.547377033377503,13.853658886541304,11.300487055889139,10.670396103742583,12.906468734468037,13.428196410897787,9.52563148512418,13.496862477830204,14.526549170954105,10.784068036701573,12.252395604453,14.309438934821081,12.527915139161246,14.755812379040393,10.603178272579703,11.509294189894904,14.783792769660112,13.613971467472732,13.744461818072704,12.416935946547126,13.29551324961042,13.026943876462107,11.243933316374285,11.781890367385444,13.13117562911744,11.379449226735495,15.508405580734127,15.541075100556986,11.238759597329812,14.731012535746464,14.037318744271241,14.405749708497485,12.968038092277165,12.718316437220164,13.029513251130034,12.402911476864297,14.941747674189337,13.252808406670614,14.030496742130012,13.74487955885992,14.465540733859577,14.929101032810655,13.016490428352238,11.566091250694466,11.954049419738197,14.351510094432749,12.83802767494711,12.718329424252572,15.189309147993859,13.850093999964598,10.75579754074242,14.130475219494368,12.89144925987439,13.643461987482867,12.524822775104777,14.152067870770898,13.750566367277871,11.596478928901732,13.529136177151518,11.064790798921722,13.51456598114402,13.258766608645603,12.381810167414514,13.924891901933403,12.221666679239954,15.066682911545763,12.43504365208143,13.205462886905407,14.406739638081376,13.40215343438023,10.249712135965018,12.575326772580883,14.992247451599534,13.58711141400899,13.370025372542617,11.68676368041572,13.011255465671754,11.204101974509689,11.386544937669482,14.556491647438463,12.271012985127024,13.782474335585796,14.121451081311804,12.915030907071115,13.075516129042448,14.431261288531582,11.291344087831611,13.006461512278381,14.283992911302466,12.748012716628606,12.95264781781699,12.350233410575333,13.704862630963317,14.748846861175343,14.875758498462881,14.264516520106616,13.573189972839335,11.168735705079479,13.488158939959087,14.761120588315764,11.045657052586613,12.76794005091836,13.745364465789365,13.489350712582146,12.959798002372272,11.719801125412078,12.620066633421734,13.303081630347904,14.969773439744813,11.72145705990872,12.052172517296956,14.050322202058911,14.65681096408776,11.872065650850393,12.49068126330957,11.949222119479474,12.219757872950389,14.790394770819393,12.432040777817337,9.268436979418519,13.325377540485734,12.851451318219924,10.254885190682094,12.707086657425801,14.155340369907915,11.933906627309057,12.4176869029152,13.707565377991488,12.548456241027031,12.592003955026254,12.591953656979907,13.258998749837417,14.834050114745711,13.02536084416569,14.501306978106003,13.399548220116328,14.81258464789924,12.048823431533451,12.924391449042316,12.356271028098737,12.181347488895232,12.549729432290054
13.027185663127257,13.311415486588729,13.549656534409385,10.61578492654187,13.800007038263981,11.734238895673114,14.873955642197199,12.86003219132085,9.944033894125527,13.005959319729284,14.715639251179072,12.678965186342618,12.194340062782114,11.51699450092752,12.657146555443823,12.917814289437294,13.204146362462058,12.58708654838077,11.638979477594386,14.531270678758872,11.501132076873533,14.890648417138214,12.675402113531248,10.847405179578208,15.447026851751762,15.196243212038224,10.571567963064581,15.259465842200786,13.126813654812247,12.216274297486295,11.639567929982121,13.508539624114071,12.175884899882131,14.56456815175668,12.362160445834006,11.147578022123774,13.181026765294119,11.11833163716222,13.214573907184072,11.610394185563644,12.094467124298397,12.358557227879864,10.924172905559207,14.1226000066713,13.885755302025096,12.986679467525805,13.36538417051014,15.259709722703317,14.51638774168091,14.53696043647792,13.09573263083843,12.1885418505011,13.253552156027215,13.286189274527851,11.015506180368718,15.169887318175496,13.49856680636903,11.02272108458395,13.647691193259968,13.931419347381986,11.295558135856727,10.767264615603398,12.876098411825277,13.450361002376479,9.550485437248689,13.372060417382892,14.448678617254947,10.797500805860743,12.247563933041977,14.292959809471313,12.518023162500423,14.756956647394563,10.633259250332612,11.55217944928641,14.893326922738165,13.649630433093993,13.71561794178335,12.425552833895566,13.21670294729312,13.023044837643496,11.336461342246897,11.925232681733966,13.163625218886343,11.398560366386642,15.532518819489768,15.582818164155574,11.250660879683874,14.841724246043448,13.972318390793628,14.450081383553776,13.02254223750575,12.608388561054666,13.059787748202503,12.460425669497813,14.969607316876349,13.236150356024506,13.974434633066782,13.797178445229019,14.481304187228266,15.055175410361295,12.991205577269874,11.752028626817344,11.88434761389044,14.357970468721444,12.942230972774892,12.61735294645109,15.096560791380224,13.856281823245617,10.641521670556926,14.197929882283999,12.947803104196911,13.560177371609408,12.496012000782162,14.109122853671803,13.780551100995092,11.514493733532381,13.419554469636415,11.204830390726766,13.499124289502396,13.168851544831012,12.330751357041189,14.019656992284691,12.257475562421181,15.029492975703288,12.321116312414668,13.350171230795514,14.469915071290293,13.55293346448406,10.23159537419431,12.435000429511218,14.977060732697387,13.54950365139825,13.522785280197741,11.703441013309824,13.035987602039258,11.253554356659778,11.469112357395808,14.529478357879109,12.298500467779238,13.759957058532677,14.249267430993067,12.92063897191063,13.133004852578638,14.536183553804356,11.286683516570411,12.969547029649872,14.3016677553824,12.71208614133186,13.029615902515243,12.248677226469253,13.688365125752236,14.834631115891684,15.054050583014225,14.402296183850282,13.659547530707759,11.120510345017845,13.486755816716322,14.803584606450992,11.077444988821686,12.699563420426006,13.888209111695828,13.390917235082153,13.012003166885185,11.791541968233608,12.507874919743308,13.129644733812434,14.975793843089335,11.799033239670955,12.248868322099277,13.998215963593898,14.680728239895984,11.924588922514515,12.546508251284338,12.008739011174566,12.234921889707893,14.755149573632139,12.461301152952997,9.304505347393942,13.28649573919679,12.877662518921733,10.32111630961629,12.772157737227179,14.150217768649641,11.940308804258311,12.426200615186005,13.68823128071313,12.516564118791164,12.512502088734355,12.506249975114388,13.285204740934178,14.746266805568029,13.004270688598979,14.445411089864592,13.406646812731543,14.928504703012804,11.977455324002731,12.879220529662657,12.401706559585174,12.132805120072561,12.43725234564863
12.962443375528025,13.335084169476637,13.64020972415859,10.623585896887032,13.853887712101624,11.641673743867939,14.989170626819712,12.937032527918511,9.866492933643556,12.858187948931329,14.75310898155938,12.772523953390454,12.232697309853195,11.495381526001216,12.573073413583018,12.967368407414249,13.15531607376348,12.379968189983284,11.599294335523458,14.48203565824386,11.450260585014016,15.034192486697334,12.617321582906698,10.90546649678037,15.545200229140054,15.243016695835143,10.6067325939902,15.269611529080484,13.140797340745225,12.312337900286973,11.645550899866572,13.716244867078371,12.254525354458048,14.572609907242999,12.273499935350516,11.160853308556767,13.146832057560763,11.16668181894611,13.268419338994908,11.661366700845665,12.018204293174003,12.342787310169994,10.964736885073288,14.04810267227316,13.831342523308411,13.11274885644778,13.382549634532,15.255201815344023,14.48900710190994,14.628091955681906,13.10488845607972,12.19844378651829,13.184512521478824,13.439706005399502,11.112102252504885,15.209982808272361,13.433280632961122,10.96229819859772,13.59940387188762,13.99346553843663,11.167135186594743,10.878578448981655,12.758595920857621,13.464779974058686,9.497298731577139,13.550068859335276,14.343680458865672,10.685170219455111,12.324565758179059,14.342961443011177,12.540905668163743,14.63174410176377,10.73244462986584,11.570507755258726,14.934523548508679,13.791487868985113,13.891615342073631,12.506647996938877,13.179159287427364,12.817622312569018,11.285253932001453,11.946847005787042,13.181847665140866,11.436422389253094,15.537619219561552,15.669552383388158,11.267941257678304,14.914668007909173,13.990629036494616,14.453031958302407,13.022594704834814,12.658880282424137,12.950796449186443,12.472452349034421,14.777524619060799,13.168766014654233,14.035715579067807,13.787312783611535,14.514742194752584,14.944246039370592,12.958020056022809,11.73942780604556,11.837761010826458,14.332001075170256,13.089675437377792,12.644924981968815,15.016466540103545,13.89241309219963,10.609182439487238,14.168471401540947,12.955486457322781,13.513806903545017,12.576265643937807,14.184082666442894,13.726243993226722,11.66530234836147,13.44254816502707,11.152004953347054,13.528032847262814,13.222442765866608,12.357175313944941,14.0993302045417,12.362843767729638,15.039752617445053,12.370641273753568,13.403298344609603,14.416451581159254,13.401996360038561,10.222097563183592,12.410573129415814,14.992497343482274,13.55747905747707,13.547676441858785,11.607799474750447,12.881326561077772,11.191836481379251,11.40818245720085,14.55916186232226,12.420381149897885,13.679002384433952,14.384689354420649,12.847721449443526,13.056800816157956,14.587953950606893,11.272411635826959,12.976677972186831,14.352544198709158,12.585026514733988,13.122418069326304,12.123551259858727,13.677608522241933,14.969533876289104,15.170696521874998,14.605872207806943,13.546015434589746,11.13518848623343,13.481280382758191,14.831272275418446,11.137625340707851,12.721919839573006,13.715005712398652,13.33139467874703,13.071762900541119,11.721532426527075,12.56547544887032,13.179527796669829,14.864160332297939,11.809297798750341,12.255025376974752,13.980008150073418,14.794005383879789,11.899490430374687,12.469240355707,11.953867992424776,12.237334788906765,14.749096455103507,12.416363320304008,9.205177184548742,13.377505649440621,12.976379940866792,10.389839650052108,12.800948122048633,14.22697906647236,11.924250132979102,12.35675896920409,13.601656958900408,12.57403127482108,12.645828350675474,12.529136847151625,13.267503517521643,14.784364522754132,13.055257058634728,14.45435143915326,13.332912274182306,15.041015700421333,11.95509485296316,12.77180632561353,12.448722237286493,12.068260427223612,12.59469433440809
13.045392368568264,13.334239969446585,13.609121467660358,10.566757718925842,13.785207380835999,11.563015046127852,14.964441652026881,13.047630095585703,9.894406817322686,12.930671078366753,14.75536683681912,12.860235768560068,12.266193923749201,11.621895865942964,12.536619422181808,12.993662852462194,13.190220710568743,12.339397484862527,11.572983319232465,14.483073514711078,11.444470403851104,15.062763644007058,12.629300381106948,10.907347435716211,15.55818346346712,15.347048905564758,10.594542695800637,15.275541316242611,12.984150294357677,12.366885118559958,11.641755235133324,13.743457030681984,12.325627700039258,14.712405735157747,12.361552709082284,11.21489020900416,13.121168876321738,11.213766335995297,13.359040643077732,11.566125395093465,11.951510437681028,12.359172907157168,11.034279427640746,14.040500145028945,13.868579388640715,13.01955951146973,13.291863778768242,15.410635034109378,14.448346172656766,14.739991193997596,13.158166717209895,12.297940611943583,13.239789740480866,13.430913547799024,11.16935570768162,15.173241484705159,13.324892287315619,10.956874076718712,13.661425584476682,13.887525580260586,11.249841794184885,10.847095180072692,12.749583732129409,13.665260428304169,9.472957567977165,13.522226216792495,14.312458893861955,10.549342251622404,12.274110350535498,14.256370581651833,12.489186624908685,14.734233467462165,10.816703869524488,11.58758272932606,14.896310688911955,13.855621193541129,13.929996604098873,12.503206592876202,13.10506164377565,12.871447541125915,11.26540336850357,11.856879783742402,13.269967092208097,11.339286715162256,15.596357571442327,15.737842202842414,11.353515989839858,14.930040104608976,14.151103997018945,14.534991530568352,12.989001206582065,12.725609976853397,13.028745355844594,12.609880993760473,14.850498838107022,13.189503340242574,14.141736262370529,13.685276797738192,14.45940294061516,14.891769409009173,12.923828000983185,11.71594607761385,11.897993820594408,14.30699115799167,12.929207952254961,12.664569597836824,15.01760092394379,13.96652330230451,10.547453298078326,14.231655725520845,12.923855498059151,13.482840859642486,12.656322034694472,14.233380396223795,13.71384779381944,11.578936138217202,13.41577296106285,11.126483849557557,13.616263121330684,13.262739905668557,12.44685174190773,14.039983768144817,12.407115299505064,14.996202214722294,12.36762572317048,13.469726077617063,14.466094490439733,13.425968582838419,10.19788505048166,12.424972832365139,14.983637388469695,13.60058627407037,13.583746700088852,11.624014671595404,12.785617774491222,11.1695573926831,11.437151535331802,14.641150143913249,12.520720672116429,13.855458232790587,14.42895218126199,12.867243002736561,13.043044876395097,14.601563749987438,11.364835098938057,13.040066898570121,14.258152767529957,12.617742871723912,13.067031201667145,12.186449772389329,13.632718808739757,14.92892153299968,15.081736407412587,14.587251982345151,13.589571783356181,11.17376221859612,13.36457469822722,14.841561931787425,11.10925047850479,12.57626353692896,13.634357749985117,13.331130271316493,13.070674592719945,11.704295605155288,12.38390184476188,13.180518870649374,14.973889079305422,11.842222513674054,12.322945192478686,13.973375479025856,14.655432168929035,11.924671281389028,12.340076055577274,11.948504793428954,12.201857330816496,14.71380559396052,12.387084287737363,9.299878848621985,13.46285717394861,13.082112479779259,10.416904611480515,12.853742457869034,14.349343135264316,11.790987291329206,12.429256133105362,13.649576089762592,12.532828910564383,12.649383668286347,12.543904465953393,13.225384363893436,14.760286112984332,13.17169397513162,14.417914674689008,13.444679690609894,14.961115948042227,12.134476634250074,12.789739925503921,12.589167882521041,11.977389570832536,12.626953296289742
13.242131576176257,13.403821526152463,13.510255061312591,10.5640970836679,13.844987922084648,11.664152417665154,15.012181364087022,13.120237349758153,9.87932602301432,12.9893608817305,14.714818257216372,12.928944574213936,12.397620505395818,11.575122863043658,12.599437733431328,13.03554938497422,13.289555257333518,12.39955279127658,11.564827198478232,14.58004766752235,11.357588613251679,15.207761220907463,12.678759062106884,10.790527645522683,15.569492138576328,15.355856935180135,10.685177818291887,15.334072352100964,13.005953166369757,12.362219156606248,11.693195293594487,13.681542419297134,12.392204872046625,14.715651715705153,12.29112096644722,11.232235625081653,13.241523350548599,11.246424968959683,13.42445911598241,11.562920385369045,11.854361668676564,12.439976121406835,11.05472146095016,14.176005345626217,13.889131405492556,13.088680454753204,13.38156027641753,15.291179441373133,14.495226413478875,14.772714679212626,13.22492890862845,12.311795167064483,13.336168018054646,13.600682426991144,11.162205288702362,15.189725684467959,13.261103350509538,10.97052095560599,13.69127131574183,13.809169911723336,11.136419585201608,10.764988904439804,12.777452891518468,13.654779374789006,9.44297954414422,13.621931990768285,14.28036479930257,10.534489845248823,12.182145111870145,14.33264910934819,12.583478360446794,14.78093579862785,10.830419969580657,11.453379691253714,14.88353435188142,13.699968604239078,13.944471354050634,12.387880603844367,13.09277169392671,12.923526265706341,11.23381945746,11.925031747719784,13.258808746259424,11.389069365290272,15.64021015109708,15.708267536531455,11.347215080018632,14.939347392655863,14.109285242577954,14.682312458652424,13.062453188398495,12.756377491720533,13.24905738635941,12.456552659536172,14.904037650968098,13.143998474212982,14.29154403337429,13.879316552795913,14.397661388054614,14.866771392939908,13.0766481678195,11.819131289162684,11.847941255313897,14.442659017328912,12.9843996419392,12.675878558024195,15.159531805781828,14.061627482870483,10.561952779501283,14.260267185917376,12.822204559173757,13.557693471994344,12.839982314354302,14.33836565185168,13.59036218371772,11.527452377156289,13.20053320174685,11.210015404774214,13.493418530573662,13.274541416659318,12.534004732259762,14.14495573187982,12.447993514591696,14.932344979134134,12.50887773105575,13.478794357193793,14.418959282436163,13.404519880456892,10.208787465372783,12.353808794838926,14.960999142462027,13.491669290152627,13.682501536194835,11.611854125719121,12.753787315303345,11.195458395604176,11.36478588565675,14.676355179785984,12.55356529208021,13.842216145598314,14.423688344357627,12.968179184484747,12.984101126742779,14.538093943924231,11.3436849707797,13.130492070002072,14.318380661920695,12.630295775947438,13.169775066321751,12.2664163619039,13.581128505717544,14.981003023564792,15.02348150074478,14.655918769622748,13.640162491873344,11.194340955460685,13.485773104447942,14.721404309949367,11.179627174500585,12.531156798192344,13.679850221749426,13.252233364750916,13.189443067689458,11.70834330697991,12.383717681063612,13.070537378201164,14.9840171451556,11.959728012539717,12.217201903791626,13.907025628157529,14.638138682079102,11.983894923913603,12.352330076871073,11.946040104736875,12.28029651391782,14.679232412081632,12.381565142814683,9.327272886924929,13.428534204144867,13.205167581462362,10.463691798390295,12.722563743616032,14.23081086124428,11.731795978590528,12.39750183643941,13.716982559140044,12.595973500474333,12.498501838218374,12.597643935369309,13.255074254112207,14.77116055378241,13.271795643101383,14.438711411753047,13.487507446801658,14.996533615107195,11.984556187966204,12.880705265922233,12.572498723391286,11.993190371471183,12.71112796829712
13.269454132630283,13.410127408945872,13.555335868809138,10.678048346625658,13.71550333425003,11.585184442086973,15.027786006073551,13.079709787616597,9.870947130074473,12.967295711679547,14.716410024614712,12.965449592257634,12.485223857279522,11.621469421000036,12.572141392981731,13.051216543521614,13.335984698824342,12.434063012765062,11.465650504125684,14.678343541641782,11.33158914158381,15.293536766628788,12.87646624790032,10.705180265919322,15.57313467751355,15.246179485099786,10.718556428724947,15.39978182490961,13.032707007583804,12.270530424581548,11.525898492518767,13.725427481999525,12.331725399770088,14.724602006666851,12.30831365025132,11.265696954240894,13.299633863506354,11.224395704516533,13.427517876474317,11.602472338249166,11.920968410569222,12.42055237520449,11.010287240272438,14.147240231957552,13.8513043033458,13.090922979143354,13.363269005161664,15.304914247660884,14.51031185365583,14.608352948852264,13.312574377212696,12.326421655311021,13.347036425931032,13.584116683112818,11.199817485120825,15.156965877254128,13.28997513127147,10.994303495559336,13.626367194757373,13.79312453595483,11.030520062210991,10.684740021964204,12.814355793376441,13.636629104500788,9.42814234587669,13.799158617694157,14.16194028889122,10.733612708552624,12.09826805375693,14.36198557854512,12.589969081209075,14.728173947655144,10.765250226357026,11.445436615718453,14.918253662713859,13.83473715331819,13.933741929545281,12.536487765386411,13.089251261766995,12.921919281479852,11.177603513362769,12.009272489614823,13.348296081974187,11.268164644321763,15.751052106807187,15.788453078862982,11.33338744967397,14.876944968340771,14.135306045661226,14.760327886747117,13.149729201098785,13.072754379507892,13.431878334422471,12.365966047421328,14.86507343852617,13.048264655128891,14.426534048507675,13.822158222422416,14.412377708790451,14.805093546737883,13.123223101991428,11.863920411728827,11.713856427509906,14.457059430028501,13.062529465019622,12.67132082228137,15.179426670681567,14.173448754016254,10.504801735745781,14.139082463761547,12.786193729591876,13.55561046996786,12.793194338585447,14.355934874872714,13.640323622598675,11.543236526866473,13.18048040407845,11.294786023760777,13.469449825180925,13.211757407797206,12.427836093032475,14.193476898814751,12.438632046582361,14.930143130399857,12.687194268804056,13.331959547662477,14.366928732595818,13.458937836163239,10.27229611394365,12.459451271440917,14.928927667571418,13.420465286038402,13.74794391422392,11.641524855726674,12.710976639263794,11.241796230643951,11.326631747310064,14.778621323838413,12.704142626860751,13.791283081467398,14.394888116611119,12.94665825383325,13.10271598975888,14.677650194351969,11.554700227922629,13.182572850382613,14.439978701089284,12.592084949088896,13.037572487015986,12.369700592255786,13.638949980894816,14.992577636438048,15.072897684546833,14.626417101806174,13.710384657394947,11.228202373405392,13.460648097417408,14.7034531200908,10.976516681747698,12.642445495178709,13.676458608837716,13.276185477811142,13.215579895170187,11.614932929451275,12.194361804546139,13.15496537668867,15.016362792392286,12.030280164440375,12.268681238966877,13.924545049322585,14.732822749422922,11.959304902374683,12.446178280831763,11.828166931510106,12.285623496374983,14.735287336285893,12.450236096369634,9.330257108765553,13.478594009075225,13.166812675109208,10.494310977946851,12.628280747848939,14.193902782768495,11.71684409840431,12.309425067993432,13.646605677665168,12.697033557661493,12.518526669718993,12.391912457654655,13.194424097353464,14.826527458203843,13.264966218326796,14.395845910970108,13.309693858647998,14.97169095426809,12.068370833340524,12.827845122164215,12.626226791718842,12.026816131372177,12.623722985316867
13.227688654441957,13.340240824827973,13.511299474056273,10.693484669080071,13.665367908302478,11.50823678447706,15.133092100773165,13.102346876764551,9.839544643390468,13.132418104894754,14.768610186807281,12.913373199323594,12.46852662808664,11.795100906874936,12.538455765217778,13.094163177468346,13.396418767048914,12.428860523569039,11.43858461092664,14.682785454668805,11.266756809098705,15.281855162104126,12.870117830143998,10.760517010429078,15.54759078179608,15.194751649751087,10.666597046185132,15.319593685851949,13.00215686659994,12.271472465147593,11.450318104025007,13.692477326751161,12.40449043102784,14.64908023807966,12.28794231706373,11.433440455485055,13.156901240937747,11.201977352303027,13.367165786365556,11.607274456202257,11.969671246049915,12.348978007470667,11.129906293906586,14.200290681078641,13.906544885293211,13.10306760333767,13.369084972609949,15.335050201162154,14.485965931679198,14.587291897726006,13.32563077989581,12.277279034168878,13.438621439742393,13.549727309259971,11.316890881442795,14.99822795957735,13.255723514836271,11.008964680228802,13.70260675694648,13.769768308526807,10.890016833109343,10.664640847372473,12.837264261997781,13.506553595533456,9.408533820422283,13.81560847641212,14.16258003139471,10.657258342602548,11.951698838730213,14.58994025884568,12.525792739574845,14.74714198784473,10.733457683532603,11.42070271678284,15.016112702989295,13.751902320471956,13.993327148339745,12.56223869998698,12.951973731462209,12.936343596026205,11.172572194974538,12.002219793317254,13.414599631875108,11.220991773687114,15.808149753142274,15.905261732900867,11.35892040629861,14.93394655190788,14.041100079689366,14.775791170350853,13.292261642946551,12.944023641653365,13.498171592215014,12.488420932898036,14.771208350018911,13.053971615001725,14.490972775760095,13.82893143306387,14.34315749604891,14.936638312719122,12.98725262731538,11.777187543144246,11.829197365438315,14.387701524282148,13.004077915571036,12.6038992990838,15.189643212523809,14.188100937344096,10.51101533103981,14.23311215208772,12.651103151386339,13.563556715132899,12.704875370574827,14.350030961654461,13.679719254320021,11.585178042185921,13.276109337881588,11.204824112282845,13.494809576958273,13.132153943434385,12.524635800982553,14.17031645006468,12.430241560694146,14.939389446800268,12.671643622151045,13.387733461998508,14.358501652094324,13.36500122578263,10.331477017804671,12.667551120968888,14.879829317349005,13.389124953880986,13.794183247778061,11.703139833025759,12.673371587059968,11.27528001857222,11.313140446328202,14.701022543908193,12.541108481542958,13.947542141924298,14.59105910377029,12.987772372804878,13.008486467658644,14.70070490679433,11.605027370005903,13.118173444740988,14.390587697290131,12.56876135170479,13.104374391366898,12.363049796723343,13.714870732029429,15.046693601534532,15.053013101769379,14.765175736215484,13.748083795063645,11.279329681324194,13.474233646719574,14.821089834245221,10.972711412242761,12.689235234007684,13.620921887508096,13.218661937241224,13.258780003671422,11.769707095792134,12.272925970963495,12.954532029995683,14.849014546887961,11.901098790104557,12.249733796817528,13.965701614791943,14.794683999955875,12.066308368442208,12.420611176881472,11.780481783232437,12.317865811946522,14.76661924612259,12.427907212870444,9.448424257712446,13.372960634775826,13.228980183133906,10.402825106800764,12.453055638599302,14.152162562123639,11.547195863720807,12.242649445593319,13.6151657379384,12.628524331148538,12.46789894003459,12.528238243285626,13.188825404816788,14.837016211566247,13.323856864046306,14.48733932788918,13.385567825536642,14.884217853818777,12.14448734669837,12.81052246959074,12.679123260003411,12.081722247450298,12.55106436217376
13.27598513882733,13.410014039669006,13.626167180547258,10.605107410708113,13.601426413069376,11.568522545239297,15.289215909170956,13.298511216598131,9.86844622639365,13.104016320076704,14.746378133557476,12.92036510410107,12.381396138991697,11.775039820808038,12.518959865773367,13.132541492174365,13.26440404453577,12.485444715824515,11.442486665049284,14.747529715489625,11.421730697205515,15.335816217142632,12.903195610800111,10.8058899592854,15.576798881144448,15.132685745688882,10.645541842104448,15.438266249722489,13.007619892520548,12.364644288615853,11.32465945905024,13.773631522056037,12.36820039398867,14.51346740040601,12.11283625028365,11.444857434911095,13.246614268771943,11.154624111373197,13.38737907069369,11.56186668457008,11.993735964744554,12.215744626197408,11.081494452730453,14.181668921388995,13.823082730082982,13.052994510598028,13.448673806818059,15.365744214694082,14.477966817539022,14.642463601920081,13.202837372616667,12.364841740300395,13.455013644308146,13.578217899138256,11.42263570974539,15.15830005299139,13.212241368092743,11.04583172902691,13.599960327921435,13.8213109492375,10.956177936189532,10.762636075259268,12.869666414772162,13.497728309860115,9.512540484725484,13.824824884371889,13.980519660900622,10.64363344806166,11.891420671695949,14.60496379195024,12.494740975110144,14.754486583458867,10.780994867148493,11.463401771707376,15.056140530439334,13.705207365205847,14.066507763445149,12.582591015307464,12.996030437322144,12.81118811123517,11.374603650374263,11.884826498039812,13.483862758772537,11.313441134820172,15.794186879720128,15.95172394956868,11.454307062532896,15.009268193948255,14.024598295930026,14.85769619288492,13.402759726588794,12.90742497625802,13.475814402268442,12.428473150676393,14.830676762459206,13.1173167373666,14.553880443905713,13.78529630202204,14.455886770011741,14.967687525398858,13.025237118863451,11.8772096464426,11.758277283047743,14.446933034651929,13.051004470465212,12.687899854378884,15.010049323765438,14.133303324328145,10.293224847924765,14.201272000546151,12.624528106761769,13.493388641083033,12.653461176851797,14.27924899947236,13.570136605570292,11.724786194605166,13.27989150298784,11.12962091456894,13.424020553646223,13.18123028188931,12.627193865090723,14.35967375936109,12.438473406292992,14.986444330701039,12.614718940920833,13.454933935812065,14.441454602162935,13.326697507444644,10.319432617385168,12.79968494899895,14.730483056991927,13.517008145392138,13.793490446073411,11.557224426274747,12.68560247188387,11.255947778835834,11.187115830697088,14.675692441391211,12.59430737839862,13.82852948644294,14.701168776703941,12.95689292942148,13.113275067998083,14.67151755699929,11.834211456980501,13.104874374457744,14.344766534266375,12.571063935449786,13.18639925255526,12.372168389189731,13.749123660775165,15.051712032702127,15.080226172161284,14.815481398339703,13.779961514688711,11.228673617647912,13.349422022384516,14.748557411070507,11.045771172122882,12.666290344324691,13.515966204384185,13.441487987496268,13.27524134640802,11.770763389669659,12.441400997286335,12.982352422549809,14.965355866741115,12.053073159373753,12.423251790692484,13.822450721711542,14.700083770556947,12.152709356539518,12.344889347274803,11.73363844410715,12.309476879346663,14.884835777159124,12.554303942082939,9.374833877283272,13.300392908297432,13.333289252259659,10.378991213576809,12.461742209538734,14.20236831502395,11.479976819258866,12.246896971318193,13.752421370848502,12.532693182540383,12.49567822890208,12.620515687900896,13.302189969236748,14.693853639989632,13.301939723970126,14.390839273935041,13.367344266657208,14.916120438258526,11.977175426643754,12.922543294730085,12.736029835881654,12.040770738190892,12.633367391109712
13.297251311045057,13.386569645730443,13.723328712189828,10.622640997437353,13.651498312033633,11.471676872071775,15.28815118590929,13.315355005741816,9.927160784122965,13.153004855387778,14.65358820089359,12.933186132945568,12.319365221296938,11.735438332245648,12.538182226080588,13.044687946598303,13.267620788725209,12.611850633791143,11.36743117461106,14.868737344282248,11.431109963839303,15.268099395405816,12.850215270528697,10.805979365151968,15.657627090815156,15.067027751445414,10.737272604447163,15.288039856674342,12.92821899236786,12.411150567705285,11.315863408108862,13.854360454569663,12.524213730652496,14.431269094541745,12.155295136221884,11.231035495759567,13.276112649254951,11.148189094967883,13.421981483361138,11.581939206293132,11.953018227075217,12.219216348040527,11.182223044847538,14.227796403290297,13.964494746732825,13.173356174672422,13.475814952291662,15.298330321360792,14.522092566795019,14.554545982042145,13.111704317427387,12.310694145471642,13.466795745105204,13.685975488610989,11.35410676935791,15.090252647407896,13.280610325872487,10.940319033485194,13.710218856457331,13.815250101180352,11.072877900401592,10.750488891556925,12.986381354929755,13.50101102616388,9.47595488840538,13.810258222833541,14.091312346093686,10.682076946146697,11.854494124980631,14.548387298820954,12.617357299051134,14.855103646771461,10.760122345358887,11.388808161045974,14.950580287434072,13.719993723945615,14.161905173908595,12.560854033349795,13.005996441127557,12.862741227553322,11.502635777682356,11.888568305624924,13.49134990994171,11.317555607220411,15.766523869485153,15.889016253505721,11.423417541385325,15.04753366109422,14.075684565590247,14.713875965812452,13.357390921471366,12.87990025533093,13.46080108637917,12.50655579463001,14.777399147156093,13.089670389892344,14.446526363413996,13.658866800293609,14.450109596272686,15.007737419442108,13.078497985992618,11.688354481021348,11.670627844228633,14.551064241006145,13.03217225820915,12.661697787004623,15.207883437048604,14.151608430642678,10.363257138890647,14.09586785372218,12.800176514419732,13.519614766968978,12.674940620422111,14.340762283411394,13.618376179475531,11.848108949309465,13.258339935494051,11.15852440257269,13.407862830053775,13.213705759995555,12.678128609842883,14.481340948976388,12.543111214010997,15.15763177826729,12.64415671393169,13.387739955742536,14.417481105383919,13.140589647002377,10.271032588077144,12.903201076455545,14.797257183562442,13.503570500971925,13.901999764895786,11.615061152295109,12.653320500642351,11.27911302014106,11.21907350691948,14.747680613947486,12.442324116858629,13.704085388637974,14.644794554325847,12.807342154972922,13.17410870004691,14.790914977613339,11.8500028177653,13.12083779563919,14.270648919568576,12.806658492936613,13.006616476314948,12.26390467604265,13.643263436257666,15.097219436744107,15.110130265563054,14.782338738261386,13.898271041709753,11.366440683596133,13.276187117116235,14.734367083010175,11.11103208459197,12.626367738066495,13.47096269375196,13.368544985423691,13.215753616629586,11.868944353302743,12.601602455853433,13.058606952619199,14.873747897873328,12.145385754560978,12.383102514460104,13.729733722046003,14.712751569460412,12.13924833150158,12.342528452804327,11.81714060430475,12.143834439357638,14.744710899489107,12.532516112533791,9.36914937674772,13.310428063691461,13.290905517126488,10.268206603156862,12.488330177334733,14.207643597915329,11.512510932359808,12.284462053073614,13.742452092695808,12.536149170196623,12.552478206678078,12.70784821769853,13.381872146749332,14.729771426135354,13.305901562783072,14.330636919033774,13.306261614563772,14.827862448814217,11.947383087001988,12.855278024456316,12.681026384735391,11.998964097656915,12.836157639094278
13.290451422963317,13.27829976669422,13.701282369028876,10.681238994324683,13.715814037802907,11.52814472813322,15.06472306576105,13.193671416613137,9.942311413525573,13.078656525427627,14.852202924119862,12.848884640533802,12.38423906171057,11.755769051191395,12.46174572872273,12.966388151038368,13.266728679393871,12.574547290785869,11.343468225970767,14.920941045396033,11.462261008419407,15.37512643084175,12.713062377826013,10.808772211128309,15.671598249244418,15.140574585326377,10.795733299001766,15.224930914396719,12.913185111841848,12.339583944695732,11.374722188226292,13.757936427800267,12.56057281393666,14.354712376954907,12.128515606973643,11.245632394654876,13.163992287385355,11.23531586991054,13.380261503746672,11.598630626526571,12.008041126812442,12.251906065407866,11.15580070354412,14.113765794886161,13.980946147845282,13.14760694398318,13.40811131277637,15.391181921657202,14.532498120079808,14.474771132547637,12.994762813412946,12.162306735391866,13.400348241194163,13.69919348757595,11.474324577979885,15.18468141247474,13.304891868923411,10.845092572497949,13.6353803893834,13.850875295761183,10.981975231132179,10.74092601657484,12.921840031934412,13.520702997323534,9.574656102449284,13.779721334937099,14.093958767431383,10.614162067328788,11.79379623724388,14.623834223813061,12.619646302612203,14.844764345505121,10.757058247070962,11.555737564077923,14.852956046665776,13.676567105359842,14.210041630780536,12.792038951344354,13.102490673492213,12.921066732901231,11.469082645963786,11.873634150195986,13.548877880258498,11.292580492493874,15.796114370769555,15.89596993278549,11.425082491158113,15.13006506732738,14.080460779653187,14.783094159028085,13.449024744961658,12.947334137192957,13.590153311735786,12.477496077386412,14.81035207024963,13.119068510476428,14.375306685306853,13.661650799505635,14.44225093449961,14.995270279955262,13.090825551478408,11.675373927663736,11.570772620343837,14.55389577719464,13.024995465256719,12.764808056539263,15.15546090789326,14.068303306282662,10.421450165586739,14.071992901610109,12.799966259747404,13.512625483447044,12.661836555310709,14.310994397063975,13.673880228177314,11.818612743528215,13.149437991550304,11.220696989778249,13.461987823598427,13.19353596773408,12.741540571893784,14.303446763019858,12.562417165785579,15.174072823153436,12.683691622004156,13.484168704856327,14.320879437109532,13.164112647966453,10.271092184832767,12.859452935343915,14.775033107214142,13.379998831263576,13.875790243066206,11.576787951616659,12.622557146944347,11.251554449657247,11.334324873091282,14.710930015856695,12.514408197460805,13.64078836240675,14.74511521599054,12.784307297444732,13.18730880187748,14.715087957163142,11.899921188075323,13.277822702553904,14.407338919077233,12.847902615447063,12.912426067487168,12.30378785836512,13.477791587958835,15.129528649430371,15.090115023321427,14.692472645652153,14.009870767562685,11.387054600164213,13.335814491799779,14.722982386681673,11.114681899119207,12.645080338618065,13.449454057489637,13.248401092438513,13.15497713349401,11.806822841046625,12.693422423666519,13.01575853796058,14.936486786307546,12.005972392243295,12.36005845812071,13.83805722189773,14.852253663197216,12.051800087706734,12.380802552515044,11.820683892743215,12.124414691801471,14.841936034737367,12.433916655141463,9.285701736839743,13.28784813540108,13.442644319704668,10.287536156620932,12.351974518256311,14.11761199653888,11.487024755075701,12.375068834828236,13.729776445003294,12.5683767759422,12.666332128566287,12.621742404378997,13.359930879351362,14.672780756464496,13.279532843728784,14.348538733398442,13.319499093467481,14.946483128959576,11.96651866628692,12.89692951699333,12.535454635695467,12.091840828131179,12.854790115514827
13.290810891442073,13.273567820743594,13.661560364613802,10.561018484451607,13.620200790263716,11.673834172827736,15.045957064162046,13.180905454822573,9.86990889547195,13.067822644267634,14.687669039017349,12.791628077746703,12.442563865592987,11.905715285257731,12.593875830106125,13.015457349624095,13.237191017598516,12.529491635666245,11.343596990030013,14.938479540865345,11.474107142739122,15.410157637145213,12.63482676217157,10.697847490877995,15.601210050457961,15.082171729282878,10.80353457664803,15.317570662060595,12.945581620870623,12.298402584030793,11.45446839693199,13.65590401340254,12.63592564570997,14.318593056135875,12.125859324108449,11.322514777243516,13.22265175723582,11.222572048769285,13.379257672990606,11.46978332136436,11.969792447686835,12.169427832389507,11.26630033665478,14.140455042018237,14.044817069010051,13.185692854346915,13.360802126739852,15.455385148867869,14.353050239093866,14.441751273592331,13.01595423258614,12.2883816188044,13.401190889933977,13.665522412208775,11.403433435996153,15.135183839897637,13.455788071746165,11.128598473024736,13.662635506780447,13.861622134752432,11.148218084541794,10.788125428902024,12.762080987060077,13.565091487903986,9.514236244240127,13.867779977799911,14.197865276796547,10.653150080424382,11.834340978411323,14.726564842508482,12.683182412744372,15.010561528288891,10.667403444311141,11.627945106180166,14.762882045933194,13.601289189959983,14.337833232424297,12.858508697406206,13.021301632058076,13.01277967686791,11.461389895390834,11.87564087055155,13.501004717375194,11.30244891310304,15.794919668940869,15.813026258330419,11.579104015890033,15.256046196906428,14.011814702529538,14.772627063950095,13.497702861594941,12.87692438262776,13.467008603276202,12.52817635479197,14.76617096656701,13.06881728288549,14.361562889799018,13.62571298469893,14.382520874867573,14.82055352047382,13.071162137392157,11.722113072296215,11.543111723488176,14.619042565888284,13.11240906653334,12.650958821216221,15.179301459641573,14.136800556140805,10.493644308580519,14.081668239962825,12.776386897275689,13.529121942650274,12.531037699054604,14.303930142023477,13.62883266285965,11.81706721911387,13.184165891695748,11.316360018805286,13.548667027014119,13.131791829527337,12.756605458924346,14.318679823377673,12.77447188065076,15.204419427221419,12.73475535204209,13.305689149862621,14.259017398738996,13.136047684578589,10.328979257495568,12.815529310009307,14.832560843005282,13.317464794035093,13.915230700404436,11.566949691914006,12.637585075319743,11.387061859980475,11.403156205675812,14.873612629786818,12.503964632896611,13.629666904376002,14.797391279188899,12.717033010900492,13.208132213199619,14.726271185923716,11.838978571433017,13.190981792106863,14.505473631638928,12.857655640035103,12.989059538819221,12.328672693996698,13.489440221464749,15.133081002028511,15.116301883771781,14.74931159552321,13.904979773634949,11.498428713771387,13.195585788263559,14.765309168389306,11.14820140567476,12.762640953143267,13.429648017324949,13.1746922656971,13.097959661977956,11.757129453725492,12.72074951635625,12.919311622348655,14.953570650334159,11.828472743639145,12.385168363049337,13.90274332386044,14.845487655116273,12.107877831417575,12.47192961173579,11.810959373646153,12.103990772791938,14.933492042473416,12.479271841285158,9.211656291876448,13.363262299907815,13.425260283573671,10.372402569865539,12.319989007307791,14.145755518898508,11.427962944003692,12.57838882750064,13.644410052207375,12.533246845213293,12.652199677181816,12.58475793432386,13.321575440709635,14.69260013830086,13.231085023321842,14.280014637308124,13.357099138831884,14.928636944668607,12.095545976542322,12.818915428066289,12.619348436024547,12.121270512001631,13.027481861907493
13.254504828840329,13.217386142906193,13.688977096306841,10.526417322010861,13.654224156228853,11.71918796183865,14.969055712330436,13.263490010034412,9.982845910018474,13.081204239668848,14.688385088617624,12.823226370509541,12.401985760716203,11.783859267200386,12.558632044011803,12.96365030665854,13.07895749864526,12.525813995405253,11.26487521419261,15.043801091171066,11.602021055590097,15.443235509668922,12.5342179347997,10.795372839066,15.609628318319075,15.003364406003556,10.789082672940163,15.423974420818011,12.825568734573498,12.33559568643741,11.371703154320656,13.694311231779666,12.758730690380993,14.308169402457688,12.16504429035286,11.31412940778094,13.19103287672918,11.236501159729755,13.452054762216868,11.528570509469954,12.072709248499645,12.371140265261952,11.357209503241725,14.1584252562233,13.862943520621657,13.050107332405217,13.404209395581084,15.557370557337023,14.32700242824231,14.428850472602548,12.990657348959926,12.22469687567647,13.289146557242937,13.671536743199715,11.30333202877476,15.12985993792415,13.546078461568356,11.344379208760259,13.632552053447103,13.900396904510046,11.236300850927853,10.795208939257073,12.827731041554198,13.617472677825495,9.515349132030199,13.915274922228784,14.209133223961553,10.591627949225085,11.757747805046066,14.766368835973442,12.510124660625218,14.826050078073235,10.834995323727004,11.62369341100985,14.828468211752428,13.648910660246454,14.232775421194539,12.834763271733797,13.031220141708923,12.973799687555301,11.372591016138758,11.920297069230266,13.524625750910907,11.255037568044658,15.865974904779444,15.752976054601524,11.478928698540944,15.194991965002014,14.16761373288524,14.665282395131877,13.515847807050072,13.061494135552952,13.532718072144462,12.490632120319223,14.81201466776258,12.954189042611358,14.407488160756392,13.537735824641043,14.383550189000847,14.983187952775967,13.08888653824689,11.673909741234118,11.465479450113587,14.613951769364041,13.08051500125607,12.592090706930328,15.014338822381857,14.157756414069947,10.498200755843296,14.026438263917019,12.754285761708651,13.682534666592755,12.551904764168295,14.371864294706109,13.60428234814547,11.99409309018289,13.17590518014255,11.32951264840914,13.563448624547263,13.09310922747377,12.616726775111896,14.295482018086231,12.737736497019014,15.174241035774463,12.658268191229409,13.323847300125033,14.250068545192311,13.040417625072104,10.338052103993595,12.822202552195634,14.767885171474644,13.299360976651233,13.810696584796109,11.561899569425616,12.682996970855973,11.369755330550172,11.46644597989909,14.878490312870976,12.396389147433368,13.754569546344742,14.711163239552482,12.795827826093126,13.282699134640175,14.702730505853784,11.853414600793956,13.224317936680439,14.485406781147285,12.949237184329089,12.867958936201942,12.224837309377765,13.581193263812384,15.182615136119587,15.147470343427733,14.851384367560602,13.882747522695485,11.443968768908283,13.260468145168034,14.692197795521956,11.11858473337963,12.870802752788117,13.448962202721178,13.238441598096275,13.127904601448018,11.692564385994059,12.735028262526862,12.899031569093127,15.101675823480653,11.91482262439888,12.274828262132623,13.704876067241276,15.006030796330808,12.094132280244551,12.534108953825639,11.844794987503361,12.0341716649955,14.83212990657706,12.430267496856459,9.231028047295375,13.518337217210693,13.409544139791832,10.389581045001302,12.264928356467514,14.097293740219657,11.583451118615967,12.569858333403705,13.767345873574866,12.59743258183847,12.74482593567773,12.519234211706745,13.323037345712168,14.68129390191673,13.260368854955164,14.439362929357415,13.324577818171573,14.894924716082064,12.025262410617904,12.75521599183116,12.509642512810402,12.075602018936934,13.06267026843334
13.298414236303662,13.224311286313005,13.789658006825722,10.494296580512442,13.720106099407017,11.808339350972764,14.939710728462929,13.212682579581275,10.056314999457582,13.025246929872628,14.598880673021439,12.866164548032103,12.40190785890722,11.646704693889683,12.62051080798573,12.938929974432893,13.038768910755833,12.702780107389996,11.393065395460367,15.095156888372406,11.569758087096647,15.481941709869693,12.507326529367878,10.80579589068507,15.615311263437864,14.998941347579445,10.82085509268941,15.527656454723536,12.83236648994738,12.414113385502542,11.45139518012455,13.663523072713495,12.63871072461258,14.191478385378803,12.15177321700964,11.29954071410782,13.162532385135798,11.331790905958679,13.445822971063084,11.516672257871662,12.066851288588833,12.54050711546443,11.41149736560177,14.19479736425489,13.80055433282373,13.157078465521465,13.489462957018388,15.436466861440133,14.213308395320604,14.559310058149345,13.031020248050414,12.2752697017031,13.332841027313139,13.668399821264746,11.385133409378133,15.100960659592673,13.439953064639585,11.467924940828823,13.613523122210882,13.995988514330165,11.312255067302958,10.710101715793892,12.891593311941804,13.623399721494156,9.610016957824003,13.965477975344827,14.112145183028987,10.588859369604288,11.728117451159765,14.675200072297809,12.568713586623835,14.811344977545861,10.816414685530331,11.546052069718097,14.79674117394285,13.575358110077307,14.10742130007278,12.766069942954646,13.099230695282992,12.974942570868045,11.257968950946237,11.93667619774369,13.513566810674812,11.345976916811603,15.87584555517596,15.848186663446949,11.389919382569799,15.125083807085215,14.034461968866156,14.58985946842084,13.686671389471156,13.049597572723439,13.403505098325898,12.54818240627059,14.788497993556085,13.049715714780872,14.50439074084368,13.626761147598577,14.355696908418158,14.895335860494558,13.014751363242315,11.832281907645166,11.481478626957196,14.633226098790354,12.990998283623577,12.618141058697589,14.965628404501985,14.052739877489064,10.536353831019442,14.203953010324366,12.812644118847954,13.598213949431004,12.494138067096193,14.344948131361948,13.728140428381007,11.86199895595133,13.0973662052998,11.328751706162024,13.49742870424334,12.974259069881263,12.744292696315608,14.246482628316308,12.657508027814934,15.235073099200457,12.671270178325255,13.336647946312183,14.17683076605718,13.003636278480798,10.401134420244881,12.853598857558584,14.745937483829834,13.384469876923355,13.953884155522042,11.507994890833183,12.70867365596824,11.299185738245598,11.61268526101481,14.959113259570639,12.294812489144013,13.704503844592047,14.584041181196122,12.688710201678616,13.3848182807973,14.863083789687073,11.90855856144875,13.289927015899275,14.467913453665803,12.737529843755361,12.905415191003637,12.251591385721602,13.517693486183772,15.047475504437802,15.164520316282301,14.83092963971608,13.904171058504529,11.540448059052908,13.182951517814121,14.499897297464527,11.159507955606234,12.921729165366257,13.56804984971718,13.308279781501732,13.202392633949325,11.712715815864108,12.759103796366489,12.817147100732328,15.164960057051493,12.03752583258837,12.393887064150208,13.64093262949183,14.898153492116153,12.073786933354961,12.578435806764945,11.751080087453166,11.92342970441146,14.99873201677207,12.366155596434492,9.223760889431512,13.564221651566582,13.239767860124662,10.411896954930048,12.194623972986026,14.046547989424734,11.676485575803396,12.527932258323712,13.811703634433321,12.682533903547577,12.742417617411924,12.382823137982855,13.290988282750988,14.837777885857847,13.228002640158191,14.428051735242633,13.269476588446205,14.88665021104902,11.946900657339446,12.839645517372226,12.505608279296176,12.124923091037115,12.993463527069574
13.277427727235663,13.176748043566262,13.810198526796716,10.562616326073059,13.729645043383558,11.802889603294775,15.039071834604648,13.16634297165536,10.159443692979918,13.0025032343037,14.51351579833728,12.866908174444065,12.337666572512434,11.731355014955362,12.680206775786438,12.953808082180219,12.961927262294893,12.806409913850546,11.306923274285053,15.139354306133988,11.547808125445526,15.4501807298233,12.539692837208733,10.775801562146667,15.612488247335483,15.248755896678865,10.918564443602172,15.584464152060189,12.874599435690373,12.44050684894984,11.409709895052188,13.690427569464251,12.529518291288367,14.206916548172687,12.173437353444573,11.205503663882924,13.38641594979066,11.34239963339255,13.364328448822873,11.444912982774328,12.029816098914573,12.580595859683445,11.320436757868634,14.235577439376245,13.842750680697032,13.241878802444207,13.343721501288103,15.47858817055301,14.178193099812633,14.555437775555406,12.94630460372909,12.264774967010071,13.251426787874943,13.69566863654359,11.454837231552197,15.194666610714034,13.420289547944549,11.49052187020527,13.499079095099209,13.931082575737506,11.272972213239761,10.62229286497161,12.81498119754721,13.530517055593737,9.547411405848987,13.957343454362219,14.064310320399688,10.60274067676899,11.918854646805373,14.64366766992458,12.727303701087385,14.861569158762604,10.884123600262555,11.588416872873534,14.723640229569753,13.404900980323825,14.125709676712427,12.81256503413093,13.254728861308571,13.057323287715048,11.199633333208114,11.959448056013624,13.511727051424772,11.331399313923988,15.78150872463766,15.848254917369427,11.519301623306603,15.108932697763938,13.950984776250102,14.590769426234553,13.518541770185324,13.20244983544043,13.329804871762192,12.486126387566546,14.748921234469064,13.205169288627742,14.454553718332134,13.578756306236581,14.309915031026867,14.79361696524824,13.025500148259244,11.89025999397241,11.537199472835798,14.675036734770792,12.936366497316095,12.638754146003405,15.071182533826532,13.981928257130107,10.640414328196968,14.201014922539713,12.943469147817293,13.651821748259033,12.65021297219246,14.400701982902989,13.658882839830643,11.773910901074268,13.244406738663645,11.45284679448102,13.357050438787448,13.175855176698498,12.900035149786824,14.27025141969062,12.710854295644431,15.35096762684567,12.726415584009576,13.443720491523216,14.1743244493376,13.034649502347976,10.379100428352887,12.842133099625105,14.888215147728822,13.452243131555278,13.977000996504698,11.541149162048027,12.722992559561957,11.393177539179804,11.567410540722092,15.006115805535869,12.221018111558422,13.661344039557866,14.642674232386403,12.630958297752915,13.340544547334215,14.904158135260039,11.86867699494839,13.271367998547285,14.580504280682753,12.722299572726294,12.949295536333382,12.12760015293549,13.51708963185975,15.061298672864911,15.14204816614681,14.789974125772675,13.90130168045161,11.693343805807848,13.082289546611415,14.399195718342334,11.155275059794317,13.063064216752524,13.630917133283251,13.267718150736185,13.059493104230544,11.661860509846125,12.952780846751956,12.849593652496983,15.05681690621446,12.149130104450373,12.365607174424827,13.568419175853403,14.9783651391955,12.163503277977025,12.685102913827205,11.799482151833608,11.94274412519665,15.120514615561257,12.351418826142087,9.181506826881842,13.515531701958658,13.25091621887217,10.43346651275245,12.285801663787232,13.885744327175814,11.602010298356138,12.558140446707554,13.888942181164435,12.709478471154464,12.812295445940995,12.384885466807704,13.196784549552817,14.827562217113565,13.263147196546443,14.407649310116938,13.194094686059339,14.947067323723736,11.954985762615696,12.857263889399313,12.589789864462192,12.159481578483337,13.005495906379307
13.218878275370061,13.160778441573607,13.809958163047318,10.54398912809795,13.702464974842588,11.939733425957666,14.99642578111892,13.211840176989758,10.013670367704012,12.925551000512474,14.564245314340535,12.757110268676705,12.288659091529798,11.78672114327741,12.691766478909107,12.928966411631878,12.965301078392155,12.840555319425016,11.367100383479247,15.250580382664715,11.579370746297029,15.480444547363645,12.550021322633148,10.732623621494701,15.646588067080572,15.402228755619538,10.962252576622571,15.636056696299727,12.884611408299401,12.411800126255132,11.535947680632557,13.622851065610156,12.594101691051248,14.255992568404094,12.206030756858079,11.162641980794021,13.469480323244577,11.291858303550233,13.409728360574896,11.586959207186935,12.108673566911165,12.621705128294991,11.310002581643746,14.286489655203704,13.820635859118099,13.321544482104532,13.513933457576716,15.368436262336937,14.208249239614428,14.590313959469341,12.96768172145169,12.21516074908223,13.271994113233742,13.664814009756567,11.507997028472142,15.268713133095144,13.214027974775117,11.612456846420757,13.461942575460188,13.892517211844057,11.163952496541556,10.759339153037581,12.701447993651378,13.411130330963891,9.648039595922366,13.915098288401698,14.019269731965542,10.72630034398998,11.992514819916572,14.765626089308178,12.783107679382534,14.832320056932714,10.813305607213104,11.654473424933231,14.676639658670657,13.507051715877106,14.147734437554014,12.764566836406745,13.23525515449745,13.11179715758037,11.234205572059924,12.019389037120336,13.514696801180254,11.367336122045437,15.8058556935743,15.941377863733193,11.374335600381018,15.019414619671199,14.00136081531728,14.476072823548016,13.475120983904795,13.252761379736949,13.282505905270748,12.487746131123918,14.743315295689,13.209813447444493,14.497108638593472,13.601949200285617,14.256451590033826,14.954450434904206,13.053182730740419,11.99817128902238,11.62322192167264,14.60335840216621,12.874344923947866,12.616503453290637,15.124339642299997,13.95588723147069,10.571832736180014,14.253981964544195,13.012746693865619,13.442316188959495,12.517526872536582,14.490659273680238,13.715453140284604,11.91131474223416,13.452370156139125,11.490685959228063,13.394794181855486,13.274929755656444,13.019641758312252,14.226989055350654,12.698688180842428,15.303564068013202,12.742425933288835,13.41856969612782,14.153383236972719,12.982079011322758,10.324136843976792,12.889023567837883,14.756564564418913,13.394841718634769,13.960455778241354,11.508509364796483,12.609851563971532,11.35764879953014,11.569241956949247,14.952454911672652,12.253897497908795,13.643646517488763,14.724164968186011,12.581478769049822,13.240257776599153,15.017886654817659,11.798976892583818,13.291091543522457,14.72451780869047,12.781138990179139,12.908629789970448,12.043564610586893,13.600506636417737,14.898846436198504,15.234239817666712,14.70649763874113,14.050236382550567,11.749685285813523,13.044324310559581,14.403658271425684,11.11187762838901,13.100292400297807,13.674205457828908,13.237617283004166,13.168609712809822,11.59230684961486,12.874327994991779,12.92674471136328,15.058197418659816,11.948576584875473,12.45427103636206,13.688444474083608,14.99735164762991,12.048048200189875,12.592650946643278,11.65401928728442,11.97548636110533,15.084543375432675,12.436923456709163,9.1652746682697,13.677212022609734,13.22256040333025,10.422710592533402,12.355118192379328,13.887414660161811,11.553679470932144,12.58012655926936,13.868430110963727,12.683064236712896,12.81858938639994,12.551396104482027,13.196718814822137,14.819075501391367,13.278218071672926,14.335024126785703,13.272968479820651,15.041215653219188,11.856173785552743,12.76481459801001,12.619964487780253,12.150689148533921,13.005623428252335
13.294103386815907,13.122159859473701,13.905982714136183,10.53598794758353,13.590918896081067,11.968111292493951,14.857311359326054,13.200354633298375,10.128280156624955,12.757415786559752,14.48163481874729,12.763050906272925,12.442211203866991,11.87073035728703,12.676061539835372,12.916614089255507,12.952260559172617,12.84917865434448,11.358626027301375,15.24686531552724,11.587359320254992,15.595378110037563,12.532917824753987,10.615343632883617,15.708913411552986,15.354990921187426,11.048481632505943,15.621733206706585,12.921266751089007,12.358350518539423,11.569335728423045,13.596503000733438,12.591573426306367,14.243227662012993,12.193307758303813,11.257947432358732,13.56261589836085,11.382786127862556,13.410241315504335,11.494950942768943,12.068355649947744,12.611528114957279,11.205139912098259,14.265241185063749,13.734582467944591,13.341630407818464,13.53662782825206,15.38243969434608,14.135761720563,14.484368839867521,12.922224964359183,12.162841722641295,13.369663253553489,13.649194798499371,11.63740172440776,15.310335894019003,13.166405386810176,11.530064240583837,13.531698904074233,13.93656823743559,11.12907278984808,10.828040137370992,12.66003951305484,13.385246123388464,9.833906106870339,13.890523521934467,13.98574175435583,10.738262759205448,11.941720245561372,14.792267792700002,12.899438360599463,14.7306524040321,10.907950804752812,11.711150934471014,14.728590305089222,13.51253233970115,14.11382582149158,12.789527481937919,13.237044918547864,13.188946401811299,11.262592065160666,11.861271750931225,13.471850799409168,11.435425619189662,15.831481084000623,15.976330223833244,11.237165432814193,15.044188498372206,13.959133240359433,14.496120864573044,13.534136500069781,13.274386268787037,13.115147786238383,12.418791724760805,14.660140487405924,13.06983621698446,14.527482810005441,13.715679375952709,14.238025056873388,15.044671653221343,13.082487073234745,11.953444271502331,11.606632620669105,14.623347436132832,13.021126770905434,12.571726734354263,15.158086232073153,13.961747975527894,10.587596132493287,14.252550997119453,13.016758065314264,13.579996750183545,12.586031777884152,14.41999335474534,13.747716977308949,11.947104078075565,13.48833532416914,11.353582730094207,13.461738691844298,13.259874535834555,12.93197638738412,14.228457847994532,12.739384190957459,15.24715326114181,12.873312337176532,13.469975729370384,14.12953745136378,13.018589657304405,10.292377727364954,12.823066289043805,14.652964344481642,13.492039188194775,13.991862690296395,11.517877223613842,12.717079624262718,11.420921611949044,11.645893708686733,14.99230936353491,12.323548421780368,13.557177772510215,14.725400647333874,12.440188816803172,13.303050198541879,15.032318303391806,11.702065981210632,13.324418475672784,14.844542704093262,12.872258566320625,12.946585708539633,11.999417251044585,13.604961776528672,14.833908737431761,15.272627620950582,14.678038270543185,14.101411633659163,11.794688056424798,12.967940316344048,14.458160451013686,11.131371690972848,13.036595379743272,13.788267383371013,13.258498943626792,13.177783691498917,11.624758746972756,12.839612358396355,12.76461051014701,15.016399241435678,11.909586346027742,12.473861716630541,13.714671994544771,15.052035728866862,12.065293828150814,12.638124753456044,11.743331619709245,11.910774657050045,15.140661245144546,12.685000223431652,9.193526551695578,13.649478381908512,13.182200673363168,10.435086819602164,12.261403511268387,13.856779788532466,11.548787580838246,12.804149234555794,13.915228174462268,12.69074916213579,12.864821999865212,12.442535023250349,13.03197030119652,14.708788010133151,13.341270315916889,14.244652881761414,13.103047795894522,14.927760774548686,11.911277842060276,12.748830005260972,12.458082878399678,12.215034192399727,13.132145364022435
13.290838105366399,13.122371497233923,13.96922723825262,10.581233442615556,13.577551992718789,11.874079098274834,14.941292176537988,13.172345500561631,10.074842062904919,12.800055884249714,14.518023109159474,12.9414159587423,12.415285396073811,11.762821026495905,12.765821636086127,12.864161527257824,12.98725129095614,12.81874435857558,11.406396880694283,15.137882087451194,11.59194329357093,15.610511467659908,12.507227167709841,10.742822295966185,15.786251557101755,15.264579729969311,11.025956734698516,15.687189335969423,12.913873157978426,12.286586310320594,11.497046085679562,13.785214637506202,12.64987670899264,14.252248381760486,12.08442081111208,11.259618315782124,13.49931652941414,11.562062743115836,13.31319410802957,11.524595022203366,12.145067068625925,12.581457331963659,11.280719620707828,14.292983754062789,13.629652791438275,13.421662619773183,13.530388516420736,15.323941221992387,14.191800881884301,14.52559077101712,12.85307131362187,12.291739614094762,13.354434101659317,13.63294523814916,11.594780723687046,15.356165863106826,13.191711149286808,11.458623283250686,13.430266672367354,13.879190601954704,11.156246941460635,10.935113151709235,12.592380457433396,13.341073847798445,9.844260286343316,13.887907170601565,13.95370665672998,10.704866295265715,11.883708920600279,14.872100525816888,12.867159907564103,14.682269014547888,10.969168716913678,11.812788136177668,14.715846656457298,13.628698893294247,14.115338103059287,12.780745787791304,13.184869702509527,13.08061500966422,11.146184848593682,11.87239483030385,13.541273920440979,11.485138398888148,15.93507831236729,15.944025515319167,11.199847751565988,14.943685357464883,13.879990881149553,14.578975337714532,13.479789412607822,13.28902181006306,13.300195169734133,12.573018735155319,14.59376005305405,13.131757606575132,14.493966540468465,13.619581004429062,14.306026568331946,15.108514648686093,12.934566771195202,11.872077732195374,11.505455492738603,14.627968524494248,12.97203811798964,12.53281803584928,15.195535893632737,13.844956992840093,10.484223053374086,14.327031042258147,13.129837516608578,13.593533881609803,12.548172475995496,14.331220910521495,13.567744592545257,11.969153418712501,13.60101448444645,11.413711472592514,13.550961819645154,13.287603663271618,12.976421071953073,14.242790444580528,12.821693014757532,15.241687414501705,12.756931375541944,13.399308167671752,14.099286428818152,13.034674499523243,10.289578910825167,12.774738262686474,14.488001442398222,13.586814230056085,13.831255308538925,11.585775983964353,12.756511516308093,11.384573675247966,11.609090856020234,15.094819505598517,12.2740443623857,13.529629296445943,14.633177866799732,12.401821350228387,13.361746448510823,14.988680144992122,11.602352809251947,13.309951356069734,14.91592055014577,12.963512051627687,12.929177393844332,11.991514676649844,13.632142123492182,14.806325555797256,15.222623288967965,14.598084905873263,14.178860060128912,11.888672611045095,12.939319260265332,14.42981278583464,11.071151307951965,13.059839724668207,13.741495438393823,13.368932692414257,13.154937717860777,11.580222931445785,12.848974180385499,12.810525746426316,15.018771570517249,11.924628313266885,12.657075759110757,13.662891227731505,15.06245302092982,11.96335177584119,12.615058656603006,11.778338756349745,12.041130253149044,15.079678131529942,12.706878958620559,9.110507386460462,13.624315109947565,13.243048725561932,10.36476199270572,12.401114077346248,13.822924950440171,11.569822322971888,12.813956897891066,13.763150653233687,12.687064752562017,12.781566945747844,12.611274193820085,13.049667549406129,14.67738099363461,13.236876931623783,14.047420581784953,13.147529327068995,14.83147305984984,11.905941055412436,12.784460976988063,12.525265537192421,12.13695567095997,13.075664095597263
13.512466380997916,13.17837177224891,13.925904752520424,10.641132139759753,13.543221760554795,12.005706641757774,15.008168420687486,13.111503290900425,10.124429048573484,12.84959575957744,14.636297424181643,12.95355735679735,12.536039508683784,11.74074046005641,12.83459370931851,12.909368340424354,13.03858529356442,12.849124597368636,11.356960254768117,15.135648323542139,11.569574949055015,15.575808536404873,12.576820612626399,10.730064420009144,15.889655719607445,15.27691749249923,11.001827442739401,15.7150625450544,13.006925757381527,12.248379232468036,11.333527321720943,13.68583953558134,12.62599239008781,14.138705425728917,12.12308779377307,11.271276379393063,13.602396339214977,11.433539712469797,13.261046239360484,11.641172733782039,12.051664860491902,12.548921975802655,11.125888270455876,14.400144965833846,13.761197205169816,13.466346507994585,13.421491120978736,15.418758034924464,14.223009179227029,14.615274814795567,12.831152248499363,12.359812572815429,13.312700011628335,13.541598640998819,11.578910140486265,15.179208254209838,13.324828819928104,11.375524640936659,13.448750067845017,13.88227302940499,11.222005597415057,11.123254226177716,12.623572518500161,13.223355577463028,9.86257446691157,13.933716260735055,13.97831154437008,10.670538407077549,11.789388048532322,14.862347975186333,12.8115033551254,14.723208262374056,11.030519730260565,11.895468964550938,14.766671752853249,13.547397735645108,14.187699160305039,12.731439811977356,13.206485075444784,13.179894923635272,11.101473654606666,11.954034373898871,13.58803814552606,11.35608505497857,16.00817198310796,15.899039584959933,11.1254679482652,14.81993465556217,13.843269526363398,14.459366828157178,13.50576071124651,13.403148672322807,13.364346193906174,12.712358929232723,14.658476818969742,13.199845676522507,14.459219920010348,13.68510403160974,14.315453386314092,14.971240208819902,12.723342480503208,11.903851901864352,11.528350823671074,14.570392227298825,12.936917638828325,12.514906263553074,15.18130520887053,13.780010806289356,10.420877787534836,14.433779069607668,13.096664173469419,13.789211371166672,12.629870487739291,14.400167161093153,13.784674068503483,11.932997210219956,13.483258499014893,11.326568465593374,13.585561506107075,13.256844100903082,12.865066286887902,14.329785277657246,12.890299429296764,15.219625457579228,12.782741449289206,13.376971742398911,14.122384040771717,13.106548773731255,10.43245149242276,12.722658003419314,14.547055017011292,13.655075889171174,13.900741585916736,11.550199795965474,12.835033795477266,11.40956930738679,11.732479191994639,15.156623245671891,12.20830324958315,13.514356427137296,14.596030742450177,12.329759426526895,13.353254571480509,14.952864066975232,11.570365656420611,13.339178164203242,15.013622767938523,12.87573294210813,12.96132810509964,12.038193771843087,13.717033845736163,14.800710517112933,15.246541336207283,14.598714452941227,14.303142721481166,11.918235505281293,13.046963985198888,14.486428277127787,10.997956753091188,12.97866054031921,13.744165952519223,13.358337608823792,13.15588135808173,11.552323242989331,12.89708606507145,12.594472668104242,15.147532157026294,11.877310054302356,12.73636608344334,13.732501007151045,14.925286021746608,11.934318884787933,12.567495648291025,11.81478728187324,12.078690356411329,15.081862439978579,12.709668973606055,9.138200176349,13.655698562501515,13.179813351474703,10.394655607155801,12.438287130811945,13.817310700397668,11.604177072697176,12.972667573772751,13.749651082735582,12.85810408852699,12.76387638603738,12.509150703314413,13.02015107159644,14.627940824479595,13.234324022566616,14.026813491448394,13.194249538940207,14.839288080261818,11.915560312754817,12.628335982363055,12.59857273428692,12.095728367486162,13.153085979805903
13.502508790872742,13.20784853259538,13.883828434303,10.620271869010386,13.679270801680863,12.067787571794565,15.186792535073897,13.144213920547223,10.11637311718493,13.000161378419207,14.629590928640248,13.114216450003383,12.504013453298823,11.732620216534958,12.810510173706467,13.0163618268967,13.026467919668946,12.861700492315446,11.274868440523253,15.096837297286294,11.492950859771184,15.559206341604234,12.402638600759488,10.67939101407861,15.904742207933733,15.225868057076951,10.976259518739415,15.753542509642825,12.950190058758741,12.261757813262417,11.414973151536891,13.590878726544956,12.683849259786484,14.17564466950084,12.025695570444247,11.32214859497976,13.690687472569712,11.571560668588067,13.247412997419946,11.581447057791559,12.09595357258891,12.449534490386675,11.055891831249284,14.394485723885952,13.801793743445645,13.46642759445613,13.452288191040703,15.237718264057678,14.196595633466165,14.81664670650619,12.903821183871216,12.237372962813966,13.320136076694904,13.436951450875648,11.58790857103371,15.22278547706753,13.239539729437315,11.332626914642104,13.520958663471763,13.900915033675883,11.3127410098579,11.243208960272801,12.61616407379253,13.207441204317686,9.769526585985563,13.922383901812388,13.90441690598419,10.622832684067326,11.816994631089974,14.959421752078867,12.824901409170357,14.77519730549487,11.018538088213603,12.10955310521622,14.7959481703735,13.51607123779944,14.26066888144768,12.778610812446857,13.233729843814642,13.195440215349034,11.071322171763045,12.066536892490747,13.3505929849099,11.486482907995262,16.074833243928147,15.908899699890114,11.177801647794787,14.873526805880717,13.85918056261858,14.31282524865599,13.560921655964455,13.379479333400823,13.442770531088208,12.733641485944682,14.57956945613034,13.223246178862794,14.557536989425312,13.61350962761924,14.283099604310452,14.979064818989626,12.80867306285164,12.029060764153453,11.642556943078409,14.484040344638265,13.26788753327158,12.650624687287223,15.215236675716364,13.822862743716243,10.425110564023141,14.333328368596925,13.167408715812588,13.856091774209528,12.681359030703371,14.468113437108673,13.862064640304142,11.952663336768813,13.649871931194738,11.280849657071775,13.558333904585302,13.319017885946746,12.815482631652722,14.322295426076709,12.8994884796403,15.136949496669516,12.744113813849271,13.392080911751952,14.104197906198397,13.070814552802885,10.420553039561973,12.853660479987893,14.566448291988545,13.758204908699785,13.882203296614586,11.560199990648501,12.959106042193541,11.357422463300821,11.73082584883044,15.07972842419037,12.162926549782762,13.524515372319817,14.63937099404408,12.242942935390388,13.486298958172346,14.889635943429429,11.417548161784696,13.369722077479302,15.113441685937936,13.018279428979945,12.875289964936162,11.972701383234753,13.773696253165824,14.781845895491108,15.222193836972336,14.619043744693512,14.212455051088051,11.966248401620383,13.12196740255802,14.4676204683437,11.10190703057377,12.974270731936926,13.592394492274607,13.329104961177963,13.17906261495418,11.509918506415017,12.914699913379993,12.65677995638991,15.149899117329992,11.895585709225037,12.619802183045358,13.737351102706096,14.932906348585364,11.81230094657169,12.647320778620884,11.735424554941561,12.092283445110864,15.054011514274814,12.701948212160394,9.107628003734073,13.792212933788807,13.227220514752359,10.395054383672834,12.40605060360575,13.87609851938974,11.604400716662154,12.989100718633091,13.800660625045385,12.868013781983548,12.702904851906462,12.547156110854496,12.998810958086095,14.70128344145016,13.124210326165349,14.047064912515149,13.183948973320051,14.94014390096955,11.900874106264823,12.831664814855031,12.676571838740058,11.996172830755553,13.107781273486149
13.455121759277773,13.217775164136514,13.719248441169945,10.795098583152562,13.651185001280142,12.191009631642025,15.223175599266089,13.179999427627243,10.178992082079393,12.999221345616565,14.681928429235406,13.160537112543805,12.503286185461715,11.910787283494011,12.759988512663288,13.151269157067741,13.20813478894836,12.86724494401724,11.255008407486239,15.198573573514944,11.52027160158387,15.698923601021098,12.341406965940678,10.64410985631575,15.953209830122566,15.3290863617892,10.867321742036587,15.807118708647407,12.761373122266257,12.178895703959839,11.592626855251826,13.643740563561352,12.743413325393472,14.265473289614244,12.125995379098883,11.361359110828024,13.62522774586969,11.519620596179005,13.106050135733748,11.546863884509335,12.10434867829663,12.52241458773164,11.081768055439838,14.43904094179641,13.872834498110533,13.40067153400523,13.515297248009754,15.201031589532201,14.248876503696339,14.853707731299817,12.894430118699406,12.203280055133908,13.27564608432335,13.476779603263475,11.420486480342383,15.367126842568776,13.280444856113322,11.242653738314546,13.510342236886329,13.885646780468914,11.274411912237873,11.090495174725458,12.519188954099855,13.225493140447055,9.901378282708535,13.859186378647495,13.890401200760039,10.628639292226627,11.762743879875924,15.023951846471853,12.926976272650599,14.716514804440386,10.960074819038319,12.016445034859698,14.701829051965499,13.551889793294603,14.350476823426767,12.810865553814049,13.14875016352779,13.009271076517999,11.118676635790473,12.059991931812062,13.409778267900293,11.50362738115169,16.292709723001362,15.999807911369194,11.163317068006563,14.93300776098081,13.96631470519096,14.407071132887273,13.556944041548945,13.39964706502223,13.623657217298366,12.76500396757867,14.613400311147398,13.179393032733087,14.64266043289352,13.674316600191728,14.367725646723446,14.88318686593558,12.8939471222884,12.020886783739355,11.804728787163919,14.684122389556345,13.329096293457374,12.690713820106215,15.222959279673601,13.857191324499706,10.446309776246425,14.366663174329327,13.187249527503923,13.797721946544614,12.558597308867547,14.544057548781334,13.7902907397371,12.015240476258791,13.626012683884127,11.448776729118574,13.523396599025853,13.277913322190638,12.848509925442018,14.35162713287902,12.848595739035325,15.24267067376567,12.770411563248317,13.30752045416605,14.088244336289558,13.05074918407387,10.470749489498182,13.025790130446378,14.570233154045521,13.658129132912803,13.809335154973525,11.440914623848737,12.944777197908417,11.305633614072516,11.665422779497938,14.993741606380093,12.085687104126423,13.590726565793355,14.623139044122869,12.205798754282421,13.498287982224294,15.038898941023417,11.396822550007487,13.50950501299973,15.01092824933962,12.917094142049903,13.026497311488937,12.056924751566395,13.818136307407858,14.696822468557992,15.113853656769567,14.64282888384322,14.343831793326475,11.900169097710117,13.161111508559896,14.448934729560698,11.05594747556216,12.865931177116332,13.556834695843971,13.45867645337415,13.364158077457787,11.484682013300986,12.886944518558703,12.74376789346163,15.119136870113069,11.839565899049818,12.742610021653588,13.658721578638076,14.984986488842548,11.751484324169441,12.590310562387968,11.72311231495053,12.145786436580925,15.023657047534199,12.635101828686016,9.17587920270763,13.700739227622687,13.26470387706952,10.346144746349328,12.417164667288375,13.791533810328993,11.626167406723763,12.974855963257745,13.756973774823008,12.664015159891129,12.677930653526204,12.566606645231237,13.052588949686806,14.875731798585962,13.114107167026503,13.95368606427438,13.241280206843118,14.947970410146864,11.898164555680225,12.70952341561606,12.793776906698326,12.01834243965263,13.121961012880224
13.4211619726887,13.309570102225463,13.709475826445845,10.847955577474817,13.6413275903793,12.036768003521427,15.193252359617507,13.314690819721484,10.286913816690289,12.948491019412225,14.781469212060632,13.126037765365872,12.558870442237556,11.82947217860129,12.830690922155965,13.173782410280111,13.239874284281314,12.917099401367398,11.118629099292944,15.147738328555901,11.50853013897585,15.696815114510816,12.325035813272184,10.542689760695596,15.976765152108966,15.437681087838786,10.913313268573047,15.65544220322109,12.761942787060171,12.186941995092669,11.501240576608915,13.685812468708408,12.765514379816114,14.296663478023786,12.009531371659314,11.35299251145973,13.558794288535571,11.48093942622747,12.986313788922132,11.760054058180321,12.18599397811966,12.486526965968626,11.10525216927349,14.5495382062579,13.89942185942852,13.380748029751656,13.545601571845518,15.262132425316178,14.212271210286003,14.804185906492409,12.914015463197767,12.299668237112657,13.256231211973533,13.67205116550786,11.48613681888469,15.350864506059336,13.27979215667859,11.438782216162917,13.530296311458631,13.927192774321936,11.359774779082024,11.012436581389338,12.474821413659114,13.219162158406496,9.96668094774546,13.998501531100484,13.83027159263813,10.635157008555083,11.706672283155878,15.023696079025216,12.862288567713763,14.63992959110921,11.103953754497045,12.08584438328041,14.787831778598383,13.460265069367724,14.32849873276923,12.758690675979945,13.03723243447151,13.062858660980908,11.24470715739101,11.965054724225993,13.293581837312752,11.668894445426746,16.091597128787026,16.02355073371818,11.27897526480075,15.050183816780189,13.77877585204782,14.224355281054013,13.685155697761763,13.349988265145793,13.540836476334752,12.764470103729225,14.785596963309056,13.332036306446382,14.567381379756386,13.710442771404368,14.42009443122205,14.891074984156436,12.804266914634088,12.037033911122293,11.878759468314055,14.434975729562252,13.386333667927628,12.646438923198899,15.153163851637606,13.701037645081543,10.431605002072363,14.339533834075986,13.153319030626747,13.71838336285425,12.607327783702843,14.509109751209625,13.762711322158953,12.028804270538918,13.732737726034454,11.474733024156752,13.465644190706335,13.277319939462965,12.85338906456088,14.24627531110155,12.971937806988276,15.316715406331074,12.757816493953245,13.301014448144842,14.098907352257465,13.015144515581124,10.46582113772141,12.97728757357749,14.603061775567735,13.705298192947664,13.86715271362581,11.513793347246978,12.892223141470135,11.351251433211367,11.663079923863203,14.975355766743577,12.151599434406078,13.618109981879508,14.682124437125108,12.16826474611682,13.460137459791634,15.092267895683912,11.315272634818665,13.637091919097411,14.912295035563812,13.00604482257931,12.988217466161565,12.052139065448037,13.903808269506348,14.686759682271532,15.208008337055848,14.73656339212537,14.412761872567945,11.837503940545357,13.148886106415127,14.612127894962125,11.023593863200373,12.859012401943254,13.477624953964622,13.47416451752673,13.204425027341854,11.449695988526296,12.858613392803736,12.81153965831189,15.184145863517209,11.753813938822862,12.654823594524174,13.663904597264123,15.007571053687805,11.758726147257013,12.516762016877049,11.860899183666932,12.143801391608324,15.028290367826372,12.742999007900577,9.14862954745551,13.715133725984439,13.247398884164197,10.392016751377767,12.527747221972257,13.738166626232358,11.715480035953123,13.022097223529192,13.71005360415512,12.640825952977213,12.652977947362565,12.561710103775273,13.07246992567893,14.849915456438511,13.230271681826657,13.984161830657426,13.389729236599148,15.08646319471051,11.96936750928317,12.828642233235046,12.718083978070167,12.000879127597964,13.157300234067847
13.460848928735489,13.210624828603793,13.688750137033411,10.931238387913659,13.472128047951335,11.994987164390468,15.320624285967876,13.340135510082769,10.227503777931066,12.948078638103905,14.783319477490036,13.131942657586219,12.4334720452023,12.072772692211956,12.733219705190368,13.138752816631554,13.237754899028234,13.040158360377763,11.03577227808336,15.052257363142166,11.448494188007992,15.573278972070947,12.46571049300873,10.439489062809393,16.01601590117359,15.459004132584061,10.923769007037672,15.626614946344953,12.723851274987474,12.194943011360333,11.506562619898364,13.75411745325823,12.866626471258957,14.344704287507806,12.008596789943317,11.323904797574968,13.606704245971894,11.525670739657231,12.946610236400153,11.822076754293153,12.24402503639747,12.498670652335692,11.122399537183249,14.515375403893657,13.902370408932752,13.327496880597135,13.481409125594304,15.32549036823585,14.24423833632294,14.834779913025944,12.866326260974791,12.392039969504147,13.260562281749506,13.784052589948507,11.453923946445938,15.391460790414433,13.311064491117792,11.47067349063761,13.488241033729727,14.000812611369772,11.36343990423377,11.009785156627684,12.49888825954485,13.237335180609303,10.011627955580588,14.025643572306958,13.78759144746622,10.701861917391247,11.699704726255142,15.105007746363167,12.778805323399753,14.620415759580622,10.968628506869411,11.979973950060705,14.781715723761735,13.527839051247081,14.399237603571892,12.60486256598595,12.959735506603712,13.071443872484275,11.456609361648605,11.931154193389503,13.205484640408361,11.613251664700305,16.1133645713204,15.929297651463589,11.29253385009853,14.937854081223737,13.813731058345605,14.082273167410973,13.76515141649655,13.398201825341888,13.450824487499878,12.903758399285987,14.854987952465773,13.31384195918213,14.591884314739115,13.635946390900548,14.389863394594169,14.838258049462768,12.697515651736182,12.020908463167407,11.909523386693714,14.318440252768532,13.425194987496024,12.658033706629247,15.237305106312736,13.773647748402713,10.459386996149036,14.29129179050332,13.073357486090464,13.752484444667207,12.571894944005432,14.530606821687636,13.73789048049099,12.07929950788828,13.853523694938763,11.475776448738925,13.523704369236214,13.318131994378328,12.844770709465406,14.160066037284771,12.815067668366622,15.302379978447263,12.759071775548996,13.361811506920528,14.033144200837963,12.833208256032675,10.489932992203311,12.9132781053647,14.565056864617459,13.734034011657636,13.845772366809856,11.499083416799655,12.915348115816345,11.289276757901098,11.758105262024232,14.883273811724935,12.199089355243956,13.494152030372613,14.610724611930515,12.198656563992138,13.421231913424375,14.985173798806901,11.383436573295194,13.679994054594543,14.949096069550253,13.01135498450879,12.892025190908136,12.162293553752091,13.898712842189903,14.677499182842983,15.169611690822558,14.884113770359495,14.405707476912188,11.86269040905745,13.068944330011014,14.59832695817517,11.03347886008701,12.795771887798544,13.621000325395284,13.486452193293767,13.13608981246987,11.483092937973016,12.96573559754187,12.679577071390865,15.286276581736988,11.63953138682075,12.733727416060121,13.719863002132033,15.062140074177286,11.805136298940393,12.4361568606867,11.869981072344158,12.164734586590576,15.183018759660175,12.763074346261131,9.186600585389062,13.62042204135667,13.315082952759264,10.588516696154581,12.371718602652047,13.784612335907358,11.639521193217357,13.087096282656209,13.613579417935224,12.798818549241684,12.6242598298539,12.478208291345233,13.16085363521017,14.7939985312199,13.217249489033989,14.06012150437859,13.348680350032037,15.103011804331908,12.03097578146742,12.760377117062376,12.759887217515713,11.982048927670954,13.174257105755796
13.415061264272252,13.233947010981918,13.735992217944506,10.9236110563302,13.547923569141238,12.09981879821675,15.282213910484964,13.222493494376916,10.278508659043167,12.9023776908721,14.62144165032209,13.155758890185105,12.598448125310874,12.053703089337953,12.643278685162803,13.045251316737623,13.206099281307894,13.014701907046552,11.053353615719434,15.116244287280685,11.423802027875004,15.64025825653392,12.449152161646772,10.320103882023327,16.111931808140014,15.424986893885258,10.741345410305744,15.677753938310186,12.764522029577245,12.166215487704564,11.707148574594182,13.725514607080488,12.865614478381001,14.518511620376643,12.179666630757302,11.40241032738077,13.70054617855959,11.627012911088253,12.913763036500015,11.737858455802787,12.300877522182466,12.570576827936433,11.123203858403754,14.668927154504907,13.995360098700854,13.292945834284719,13.562132139741129,15.495066785068962,14.30368465646278,14.847686599640983,12.900906537176875,12.375224037941651,13.28447649618947,13.682613583560963,11.538329207595208,15.381012937356154,13.330005792646203,11.527590402317424,13.634556783071634,14.03491658213444,11.395038062423554,11.042146236462969,12.51692988563515,13.245025379642264,10.057060676088398,14.048150277370521,13.849657267050093,10.814767871080129,11.808754296311035,15.180184726483747,12.831786311382878,14.629571053978317,10.868898412473298,11.996766926444069,14.824206588225586,13.550272603826219,14.418740863671564,12.664917977359124,12.967037676296064,13.019186504346447,11.542073325897032,11.867237938180736,13.212543513322563,11.61273765585036,16.186203229317492,15.854469898172821,11.278775168127458,14.925792120280303,13.760587555145591,14.15289750937657,13.715303459032786,13.458126893467156,13.392620159781293,12.880936506874667,14.952142710230277,13.199828435459509,14.533096910499173,13.75267983388532,14.388168392848238,14.794762531903022,12.731565570722179,12.02076069894773,12.018814773026145,14.37763568213842,13.37826873468621,12.711402051659213,15.40849346854479,13.90568833762352,10.391271454024306,14.154930018578057,13.198788393163477,13.791079082078378,12.659340421463739,14.516001262730834,13.721366899835717,12.062302912602526,13.918981114079251,11.378502446218796,13.597582263578763,13.30228733355005,12.804200167697704,14.140970976755254,12.90180334576125,15.259219304711365,12.71649201474031,13.363077495977015,14.022669889456495,12.88865589272288,10.507956341253463,12.911925682912178,14.71341689484443,13.84092710160066,13.928142404532537,11.418207473493194,12.900914847969455,11.257880168169994,11.726456670794484,14.94216789672463,12.194690058434093,13.663714701454396,14.657499037657908,12.247243162994025,13.385074097764395,14.929383397641985,11.41806831808769,13.75932834748517,14.938086885854448,13.003179003886084,12.944961293059016,12.090043829253085,13.940044802578882,14.702271205215553,15.216961343988219,14.925747909383224,14.319208925985173,11.835021052136751,13.179036937608169,14.69375806039081,11.04299009443649,12.781218094424188,13.592685429065845,13.493651626501974,12.975776026722826,11.495241327738562,13.028723266993204,12.685458958342192,15.231977884235114,11.675268004725003,12.82496026743949,13.693166579770086,14.923229868232289,11.77173156969271,12.456832366910739,11.870357314777822,12.336287015639916,15.220888225097948,12.83537407958565,9.14745777560669,13.517096718227368,13.267800481820474,10.584289282675815,12.393389423121812,13.847740701514407,11.468592382553867,13.097041216073402,13.68007596498987,12.954655399494781,12.626786497461083,12.530545015821376,13.279387869324994,14.888852460471657,13.249004914717762,14.081295209802487,13.301011484202155,15.160342695373119,11.987031173669433,12.773708480022757,12.724384198163378,11.945712809634074,13.164837817040006
13.323997171218961,13.337527133800565,13.690769516884226,10.907441557263224,13.483513721896834,12.02179189844333,15.279336577729461,13.181864020879038,10.361076847642853,13.027827776170296,14.668706144687787,13.173622173395458,12.60874094150219,12.035806617905287,12.51754658027764,12.958671946666277,13.064253469798231,13.191348787697786,11.100501019951265,14.94287144172381,11.348737591344014,15.860548026731642,12.468878945700542,10.26698743562132,16.11493214827285,15.334208989421182,10.768600464505003,15.767944652690494,12.804420390136483,12.093295189267142,11.63498657363614,13.77014248705605,12.847922138630915,14.429595316360148,12.142372482358935,11.472113129310225,13.787382005415793,11.823297053824735,13.021199562517447,11.631162635974,12.23952868132504,12.649168641889435,11.089216779864596,14.459542329087451,14.129312300062674,13.272678189311724,13.501072059860158,15.566328302468921,14.287020057563936,14.81225931036464,12.934514958672267,12.425887697394359,13.079124362885224,13.708136891474354,11.454676604484233,15.436397560379511,13.378172000318266,11.592047379444267,13.516931293695613,14.04239631044042,11.388089447106804,11.042152621379978,12.44510838113487,13.134954153284223,9.961042233995636,14.166080689763467,13.821516112065911,10.81983711138876,11.898687663977034,15.430080653106433,12.863855292379071,14.741184459353304,10.948038445301535,11.977224636577175,14.744227126757604,13.467411789900757,14.33997531458075,12.667884799127092,12.949228859500861,13.156972875486485,11.589148920947233,11.78384132454336,13.318648526162125,11.5362369616086,16.167840811151855,15.871491965171554,11.228991127472726,14.897326998582258,13.700731197255633,14.261425087700419,13.746086712196627,13.454771477199934,13.358256051574356,12.929754356298028,14.959574928083528,13.204199759512,14.515903416418404,13.792183019428084,14.512983373130412,14.747805271443605,12.677570363111268,11.907394019320765,11.960233701125485,14.482343715295125,13.578601623989101,12.68192252011105,15.377379070436001,13.88215463740667,10.49235544907503,14.074498996905469,13.098641034942357,13.916222915651511,12.663363603450362,14.582159588977321,13.643000600518981,11.99622486369655,14.052638600836417,11.47574102753886,13.56393072893186,13.138290389505167,12.934823559671877,14.0748626925057,12.945975992610563,15.134693685806333,12.963466261285403,13.42197325709367,14.109582153722831,12.880617350078657,10.756007685158266,12.827098588124258,14.613411954315717,13.891142676509823,13.934171168767898,11.33984718485269,12.827802319730933,11.270898202580792,11.658080262928822,15.004156676412626,12.095565567405144,13.674013677215628,14.603959945348157,12.363202579356644,13.417225548761683,14.89893352337979,11.364344562268071,13.782247528534986,14.985365304587836,12.982604126451701,13.0208571661099,12.251278314854453,13.957103583374694,14.848131642929689,15.227184161289191,15.105473414818423,14.364504990209236,11.868477053250851,13.254191280698066,14.646441751787677,11.043206795284764,12.912964440009464,13.61938523934533,13.529706625774889,12.962460115442214,11.375237495804322,13.067091628243988,12.774632515871627,15.193458159858487,11.569326884453487,12.861431271855748,13.907710621962375,15.028526070804258,11.909114967196778,12.496898430070566,11.848734234458233,12.35575825854565,15.126854135745619,12.922615642909781,9.193336186571058,13.526215772226312,13.244402762886839,10.716079445728553,12.490028861033606,13.959638935481001,11.363350325856235,13.091212046293657,13.785338035072654,12.881552688656054,12.701728357408586,12.428396921734809,13.334096619181775,14.734396425264448,13.301282303901466,13.95719380649373,13.135452808115748,15.13314140269375,12.020867052335792,12.705910879712661,12.821048393589944,11.944119627725701,13.152298797445006
13.46513415800248,13.39228554982207,13.666013756157326,10.82585983076993,13.627265589705218,11.93020591962767,15.304412578923763,13.296939625076753,10.314820828296709,13.096267341939708,14.616310265893631,13.166482958232484,12.583285738526024,11.995861279712347,12.573533176909024,12.936487862413799,13.001384369432273,13.394523762801937,11.146725696155325,14.932437548420182,11.416268821956638,15.862850893948183,12.310129701987947,10.337769645102721,16.195018876660782,15.270772398635367,10.807781264877464,15.728657237347479,12.852461437405175,12.088873493795143,11.606076697667175,13.775027566455542,12.680014770776777,14.457989102371814,12.169985125077796,11.422074553191656,13.801533841155779,11.831085460455693,13.022937777663072,11.626167594156211,12.22019407836677,12.765676480095472,11.087251263178311,14.390192641347168,14.13630402455502,13.17876327975494,13.54008542301855,15.646354624652554,14.313523031492126,14.695190238688642,13.013384676273194,12.387801807200635,13.193742953995883,13.793472204733083,11.440283139476353,15.537928445173392,13.336915351072344,11.66169323347934,13.465464869219202,14.014673341720306,11.320227101115126,11.013114910274892,12.295405527008333,13.264376546437129,9.905259269632912,14.223891319335337,13.871467631358392,10.883431575310881,11.927271569794843,15.368102506853662,12.802364642148072,14.80218995070781,10.957145895880627,12.059697053253712,14.715810697291454,13.443075043198734,14.414997776077952,12.608016121940143,12.807807273234092,13.14362039699967,11.656954484773806,11.902545056628977,13.35963709551946,11.586656001081785,16.259493238615374,15.87406487917816,11.194958853996049,14.941183134255978,13.778104501254468,14.239106961081298,13.864414260851593,13.409542962957609,13.394522784067954,13.026943100525676,14.929002117500753,13.220278434377821,14.485078212806856,13.935826506015411,14.614909061807284,14.729205584303495,12.61097215371305,11.965625807746056,12.000268584989856,14.551749645447872,13.59038536922256,12.702294634068295,15.368652674329683,13.7984830673425,10.463422073606525,14.007322240058057,13.095093519362457,13.908612560248127,12.799339584444162,14.512860194439119,13.639510635848705,12.002101504011023,13.974351360747148,11.387505095713962,13.606169402121727,13.15657576349024,12.768110473956689,14.11440321437783,13.041543126681445,15.291806407526545,12.915079035419234,13.38932986698197,14.098841871907034,12.850712905265334,10.735151389934137,12.913074410607427,14.508046823830478,13.936411438998972,13.973463342186605,11.495251390322005,12.863800548314483,11.287433578370674,11.646554803612757,15.104927307164248,12.141610883526942,13.643811917902402,14.512755801431956,12.335994750112349,13.37360290110195,14.874031615091525,11.315704389090127,13.809521596425798,15.056705787616773,12.998823061295456,12.964342489691802,12.172764512770081,13.961315910487972,14.781932114362819,15.119310643750993,15.021182039335539,14.438305980141708,11.799415096643353,13.303739338984803,14.701368840989263,10.955654515669323,12.980171415873894,13.682333456141343,13.541854455706934,12.943755018912258,11.387448549179421,12.976541654802514,12.839760358921746,15.210130733247968,11.679314769599234,12.87466039970765,13.737557943290719,14.97976575794619,11.929420099881646,12.443319508630763,11.844061861458435,12.351240101243194,15.129001074151152,12.848751987891756,9.233017623684184,13.640553989212579,13.156175249591287,10.671441461009623,12.430255924172764,14.002320311000297,11.290133210889062,13.126926133701241,13.718263440429741,12.999022929332305,12.730672768328464,12.501064933205479,13.356211337946085,14.731311720132686,13.349875669226561,13.9875387869975,13.185263892057073,15.186963679925832,12.030622769968408,12.650923699885876,12.798215923428623,11.839113535169735,13.172990043121903
13.375922587129685,13.492261309317929,13.64369435858615,10.659904028902023,13.606382642733465,11.864071172557118,15.223437129934995,13.319318176241337,10.495884962248713,13.135710405930347,14.499191266122638,13.013613346587716,12.539258524018024,12.05965516081741,12.632925474754634,12.904617056949697,12.979005083023315,13.394694584023823,11.087153284847657,14.891489690570538,11.287494356957067,15.88497547013192,12.422064927034194,10.344655705864271,16.24720110302543,15.232608995307414,10.86555821157366,15.696526015970436,12.921453797661503,12.038920704267028,11.5470493599633,13.809414922308513,12.787820533807755,14.531292650022898,12.230483833143676,11.406495649788349,13.980018865329097,11.836128350712357,12.91809160623198,11.880193646901217,12.218046667205002,12.905963288224584,11.068870760040305,14.504138289461784,14.283148894356618,13.139334058237623,13.527768824476887,15.638342573329275,14.313945966150246,14.597543922499986,12.971209821408458,12.329549501911822,13.272966036678039,13.68981712018366,11.556181605938173,15.530465109845386,13.24052816136139,11.771652613888815,13.539965943749154,13.999313426612495,11.464368719288412,10.97914295801246,12.29336751050397,13.438257804200688,9.887994869648534,14.242875814914077,13.963064461551708,10.930282413685958,12.071932302043685,15.374853232901625,12.784611454581707,14.860693245624557,10.977974442554864,12.146274190351328,14.689644447324795,13.441244049531367,14.51104247067879,12.592173016910955,12.965017067974902,13.176027668393203,11.713577135722046,11.844219450170888,13.439766988560509,11.680441490827977,16.333753386234772,15.937423504474282,11.267467861419817,15.089563204033306,13.841862223573203,14.290114899137821,13.909443601345815,13.48288455638742,13.324308954727291,13.058001526900258,14.827975144108521,13.104763152895565,14.533736638879068,14.04636175939848,14.546100474481687,14.657028293868505,12.618852601725973,11.860787647163216,11.937644092692826,14.541023868591761,13.702756787618695,12.498237427602286,15.376992742751304,13.73555308644757,10.507986118178016,14.037546123040089,13.135776858537978,13.974236615579816,12.832113987717747,14.472846184484856,13.536742776548003,11.9647605520355,14.067507667332855,11.356166803232641,13.531865272540971,13.249630214629093,12.716872518016581,14.133384637382374,13.08525482981043,15.217124861428585,12.807250722270371,13.413571215126073,14.062486455794852,12.84055720811342,10.761523180651945,12.860805042273846,14.544087155148352,13.995840434807414,13.946405903045813,11.563734795818837,12.853942396499855,11.297981430744631,11.795957590895462,15.04756237006768,12.181447476488843,13.628655013581277,14.541512791611286,12.327957793136445,13.274726678485015,15.032586151397474,11.379488624064665,13.840755338161832,14.972509245964357,12.913192624636668,13.025653618421988,12.228282500205221,13.958565738812243,14.603808450809092,15.151738867870538,15.006712453999764,14.367716567935283,11.842011691165649,13.218215078987885,14.62917926664256,11.014675201584831,12.874027371548094,13.724815494047165,13.476664506763548,12.899553909785979,11.397201586569228,13.038155198527555,12.858202283898896,15.19179669028199,11.834316929301336,12.879318805980661,13.67516540323942,14.991758738329287,11.927343425425248,12.487416893731808,12.000028863817658,12.41654998891093,15.077336168385209,12.667220635229027,9.009242520233805,13.644692046823936,13.192237907692002,10.640475936427903,12.542553366171392,14.102017039922695,11.235802192393285,13.035707928215244,13.790641339934883,12.934984263436991,12.737841111205288,12.386738886153264,13.456796648787769,14.829278856216714,13.352055657121467,14.031669871517522,13.137688372439898,15.143392578851174,11.934427675227571,12.564234337691218,12.816727931089579,11.964337754440233,13.14466890316723
13.507014248569499,13.428160152591468,13.610645350388529,10.768380152637228,13.696518622761692,11.92588533936892,15.484294608509442,13.30491256600934,10.47176897535067,13.252489360955318,14.66773862187301,13.091301780957986,12.631796327585075,12.033131662192616,12.66322374200102,12.837662448975989,13.07032945935326,13.425989355158869,11.234890727266125,14.944015735812764,11.328147947540206,15.951947971363579,12.372578701278055,10.30432831114563,16.2971915496353,15.36141916525047,10.789905369485197,15.783788472782632,12.712496562964429,12.079615299057867,11.517958728420252,13.806081235439454,12.884116033988304,14.534260333383243,12.376120223312476,11.417985452377211,13.9052219817699,11.833448974317939,12.836535537508844,11.883297675743098,12.232828856713342,12.8163877863947,11.144002670423163,14.406968701749275,14.347039068042992,13.276112005365563,13.56981824146578,15.78675762752968,14.516932049120305,14.649518914446737,12.877272328017437,12.337132966203402,13.23471888926507,13.624168275563193,11.543430393903108,15.609904652079376,13.231160765264343,11.741889207725562,13.587858814983054,14.11948309517989,11.469607997700432,11.000334006672245,12.352022018241637,13.29403072417728,9.875075221952248,14.420959645073289,13.934674419909504,10.887332034317572,12.19276559562022,15.431884927613996,12.813548004651862,14.86079002771236,10.965572778513756,12.040545821705518,14.823839240511562,13.378601328617858,14.774708458663198,12.506815873307476,13.090516886275651,13.180224861539681,11.650604659125607,11.814667242781235,13.51427591043283,11.64037497692446,16.431524684936228,15.963525292423427,11.361052738754239,15.114986956052322,13.794936479521965,14.292842128508289,13.88652045257528,13.502308877899331,13.25111378117269,13.102346296236663,14.697454342939924,13.004383941266843,14.552269566567452,14.120495205788098,14.559276892648281,14.636698374086398,12.605501557547623,11.911333348357878,11.937355417374318,14.553049363831603,13.718073530810408,12.45836988230429,15.345797201142146,13.877820368351413,10.537162056819314,14.151485831252842,13.054750289491846,14.016211173150955,12.796255197855542,14.470372243909136,13.502226748386283,11.883822532461675,14.098938455895913,11.540527955732076,13.471076522150991,13.166120308020902,12.667247575346842,14.065099598809944,13.042822373705112,15.25107637696442,12.914566865561742,13.331708952694337,14.054512917592698,12.880453445375622,10.75435595154685,12.887157499545797,14.64893136350228,14.135527897139209,14.002206586035742,11.523531693601104,12.949365987982889,11.2907375582045,11.78901613290935,14.910167995195433,12.287076480755333,13.829522908169467,14.583262762424996,12.33154186659429,13.208244385909127,15.056426153932549,11.386603975228905,13.838370463824878,14.96358647050474,12.94872095032022,13.135634366970091,12.25192695408157,13.989291436034422,14.511543653625536,15.156949287804311,14.999027453575422,14.416714639809245,11.908133230291744,13.184040490647217,14.69554919984817,11.100860674561781,12.894736630041418,13.65653007607567,13.491959950381082,12.871360927388638,11.405820180660154,12.976172148934348,12.778974387523533,15.229725160774258,11.566509340079914,12.916418581613877,13.595505410552201,14.932395018309375,11.874483092059156,12.535393724997547,11.973807704518455,12.461062245647046,15.177274845964908,12.72157867382381,8.951846922836095,13.730399648136657,13.14391282262044,10.498690126473212,12.431942618074599,14.15128810861178,11.256396837348722,13.062923858803668,13.769861388284554,12.894082510882168,12.725158296166764,12.471851237459227,13.616843536845025,14.718704608640515,13.414207491081168,14.12591368955401,13.306806419855008,15.23611578806218,11.92097159461958,12.588901616714388,12.79878404398168,11.899000007976563,13.197362297077124
13.528298773895099,13.52983790970201,13.595232894631966,10.773706197849728,13.802402752074325,11.938533747058107,15.364117839299796,13.337229157115146,10.52041500445475,13.198946107151789,14.584430605179914,13.094219595153493,12.787802111819303,12.134969649930813,12.679694118240446,12.843582895059853,13.162212354527512,13.527756653310965,11.238745936615892,15.040672897909284,11.362492910117666,15.971611084121443,12.501371390065117,10.290481737432792,16.525431092452905,15.293789733992664,10.805788739756453,15.812309651702115,12.785177230251032,12.050862579320192,11.481018409990382,13.837211280329985,12.949864207507042,14.429775750870014,12.210383367726992,11.44038270458377,14.032353301071216,11.784174988896744,12.70582490535058,11.956037249354466,12.262598184655891,12.974192938922192,11.161112982443468,14.570126898841647,14.31797166604202,13.225769011654423,13.495593063788776,15.88174911742071,14.355677742753997,14.79458556516221,13.016409387652963,12.281958829488406,13.204037696040169,13.667198681252026,11.458723801101913,15.608677215379968,13.352366426598035,11.776442391826054,13.606071440089572,14.10680254262928,11.285866126901647,10.935170448885527,12.354967750910488,13.280362480474714,9.879726385737422,14.426301440989933,13.863972087381578,10.965149060459726,12.19129458107482,15.41650174865121,12.783824155795147,14.904415110185417,10.904190056355718,11.975149255122314,14.73975764652586,13.39137770817321,14.837876981723664,12.474041752934353,12.961982935268649,13.398016568175317,11.70205398501961,11.939536177650186,13.476714909742087,11.66167421423796,16.42318949611687,16.08296674541166,11.365657270429354,15.10382135164462,13.61344206987047,14.229542590149372,13.970716732758751,13.531050190768307,13.460170072964429,13.24059708198017,14.843523192308542,13.00162231631115,14.471509087575493,14.118229010792444,14.555652549164156,14.573267294574645,12.617486257490377,11.885250366775848,11.85748654342853,14.654736918854969,13.701632348373469,12.481936832082198,15.489358261582463,13.95910551019813,10.531185898327566,14.048360556492696,13.186300181784317,14.098116528761752,12.777750046702527,14.327822768695281,13.505697203108074,11.828268965125682,14.142253962253704,11.441282790370646,13.514360793515195,13.118814518075974,12.782163449409087,14.08117482056972,13.09531728589414,15.192099589799211,12.860739817820024,13.365729822978535,13.967764300303273,12.697146269714416,10.741706748178135,12.961119107641464,14.6339780677298,14.101586975667903,13.919526944426439,11.503849756119216,12.88153129525569,11.244052934376164,11.808071405261503,14.923952299714308,12.293218108091882,13.935738441140032,14.648287870440365,12.336762030075466,13.163245083872127,15.02344026689928,11.436184414730043,14.049796084194488,14.978613848469008,13.036580097120769,13.169995399461863,12.30565955570123,14.020166131623757,14.666403159351303,15.135148028804151,14.984771872105794,14.45146033132197,11.97237184239574,13.21915997379116,14.622366256263698,11.056198262954855,12.95235906002583,13.603186011989125,13.499767619719123,12.933011068351842,11.534054987617166,13.087616619709769,12.771119600212055,15.26423847488853,11.613578539791428,12.966742812594589,13.552737507008755,14.893951342226124,11.967111640995954,12.598691224334498,12.04281017585863,12.351929492377494,15.274795935420872,12.657123011899692,8.84777220996961,13.866349647910999,13.145439429223957,10.484275976189844,12.386389977345502,14.108396038769289,11.274491074821002,13.165185746091478,13.805328943023696,12.875300039449428,12.828193747090697,12.571707858606935,13.558424537135977,14.813876676662362,13.522866632936108,14.201035382950344,13.421777837146525,15.247092142700382,11.935973725690014,12.482975280861812,12.837976835396816,11.84239652683551,13.18772834330415
13.453330937184033,13.483747938783267,13.556813975467167,10.699516541404867,13.899313594140406,11.954667412999957,15.252589894136639,13.336102552720682,10.4854408406294,13.164540727993572,14.555762673258553,13.10012270302463,12.820504274847494,12.128692424150138,12.70987057542845,12.876030300382194,13.179269882568382,13.649929587152888,11.147521357007424,15.11100782193476,11.261357731549143,15.870831698637618,12.62373734090138,10.281223124637707,16.50159510286384,15.222482410748372,10.894635339645012,15.690275601610495,12.894481170406905,12.136647669232357,11.681903759037793,13.745245957191486,12.955628678436577,14.32038887922674,12.154106780406634,11.330675543687121,14.116133464844136,11.841854937087218,12.666224513377552,12.03085064963369,12.219116482488749,12.916321553500731,11.135465897290764,14.664796505750518,14.349884940646541,13.238652790024098,13.563510073440264,15.899998809806197,14.526184083215295,14.876189209942973,13.004988928991974,12.34129831434328,13.117469759386903,13.61823613644046,11.447385840235643,15.507385092103261,13.350174356429566,11.754754086032307,13.695588515018787,14.052712903605542,11.362883458884163,10.8821672187925,12.26471273127379,13.321724560789358,10.000544681769398,14.352526074455817,14.057639983658756,11.086444148608331,12.22032411963512,15.414642074508972,12.714293408028798,14.80185345501843,10.75174136567473,11.995194762180335,14.788274538365517,13.329895964899986,15.036436992109406,12.428357947271728,13.026680771384344,13.49727025471533,11.70417817389015,11.93505473621243,13.528072478687166,11.664315582127047,16.277437864766902,16.0562256793371,11.352806054750118,14.970899027975038,13.61657778366301,14.360243347389499,14.05009104874666,13.386772362865294,13.480940021537071,13.185335410091756,14.97226018166618,12.990096062817527,14.458722765561166,14.08594038207104,14.63572387646796,14.458315291664398,12.65205704008835,11.86268867027966,11.981558248886298,14.560504769088265,13.793226629179165,12.567590784668992,15.44684886172378,13.90551556652729,10.489547612054245,14.092841701534933,13.373275413966361,14.128518182157581,12.66601441925479,14.22550281202281,13.461411413994666,11.790468227545736,14.040301708682724,11.53691916408242,13.650191334264104,13.119078895154784,12.953965946212943,14.161946516326463,13.154601383010485,15.265938975527767,12.999890854700467,13.371608103644869,13.924911970416726,12.666174318233807,10.881248291261764,13.096857554108059,14.522278954656064,14.088095669317507,13.941514646598492,11.516741716108667,12.921813944665853,11.1596996263095,11.80970056438788,15.010673431465891,12.233843867650169,13.982413262682856,14.678283948858535,12.314764592127373,13.170622497308857,15.084820048055514,11.479105011028476,13.96342983631792,15.030062252773677,13.00819870778227,13.214892809833065,12.169907435847456,13.924563331182316,14.64284011887447,15.128867281334712,15.013348589658218,14.363974453644845,11.93565139546922,13.022200695911904,14.564707945624637,11.072141875434717,12.987986303156115,13.62467232588026,13.65183287201998,13.014065577150328,11.577809579261029,13.165179415854258,12.84159175171732,15.331963747161344,11.572122952783658,12.987437771796097,13.52513079361357,14.95290822917151,11.998163693449621,12.602706653381246,11.944059822479838,12.400887216477898,15.081000502757593,12.694580000695446,8.798558824199901,13.985727562739122,13.248259680787681,10.355074417553329,12.32072814591711,14.188920772807704,11.308301869617535,13.171016218388392,13.66891877523981,12.870960018663062,12.867574615488433,12.666928698441282,13.535420593100577,14.790795620815542,13.54617799271695,14.285554468470643,13.489968091587418,15.299103891556449,11.91715963720011,12.556196933471428,12.882231988892556,11.837857304113358,13.189484727991866
13.596641369309557,13.584161645911857,13.658827352678713,10.686564413463177,13.887140302140896,11.739747603714887,15.345662023080816,13.353137844266113,10.352841566337146,13.189966471045695,14.510042216790977,13.036410901632042,12.827077290114685,12.17473525946328,12.798979170446515,12.870521393188177,13.211188030645314,13.51956160468416,11.217442953968215,15.090982599928099,11.282837134651828,15.741237428170326,12.70771071120098,10.38953289621745,16.519357031354915,15.220877615410638,10.970658869910732,15.697871202249909,12.909880993112347,12.220418822956738,11.738411582858394,13.718799136341305,12.804600858591563,14.47286585932565,12.090479350347056,11.2479195413846,14.229696248666544,11.904445536384872,12.74390481690933,12.046761550825448,12.203261479788141,12.827527522327719,11.274821179287766,14.597623680088748,14.340180294091656,13.088696311955882,13.502709983218077,15.914330371818203,14.646741532538728,14.879084112224332,13.017891000512215,12.228501694560023,13.156611181018338,13.553736006962671,11.387068310213024,15.546343151157265,13.396187595723273,11.826817228449416,13.7690341352525,14.00905037187005,11.373038056009804,10.95743295926884,12.292590191629778,13.352924106033973,10.034920129601014,14.282605145582462,14.172715026259068,11.17224261330254,12.062857325565565,15.379712659348252,12.745343386655746,14.754545352321516,10.63330797765665,11.95316157802071,14.76818671911477,13.484143792070004,14.991296350706886,12.337760376009177,13.07154163008039,13.575939031377523,11.851977373444893,11.96143795986791,13.429598721125698,11.761620438109222,16.062476515907246,16.08658668315687,11.280210065811747,14.940575572692696,13.623414121305057,14.434759656551408,13.991136192430103,13.288426024725942,13.464763870631362,13.161979190356544,14.93173066284718,13.006086828407259,14.451225368516765,14.317555557458244,14.691358131449855,14.507167613431386,12.60090394951454,11.893870812598328,11.976532751628657,14.437397131365097,13.80875317233083,12.457622037191422,15.31933948573871,13.961788854975955,10.48683641237503,13.998111910643525,13.392430110328844,14.05410553049711,12.816992128919537,14.156216916846233,13.484104017877172,11.74575780013922,14.077136319206321,11.563739659792637,13.752142278274324,13.226706303150934,12.875526692642076,14.29739754526649,13.079930167999562,15.348310345402847,12.909919942126281,13.37217683703625,13.90348196061495,12.624388971400656,10.933222079165537,13.262479258956386,14.634816708260992,14.086486106180425,13.844551912337216,11.483196617174812,12.783471898431264,11.30751693095759,11.833546944891395,15.093512798167772,12.2470753133625,14.179200169700604,14.608705489632255,12.312451139882732,13.259791326640853,14.905994593892787,11.401399938556196,13.88870183237466,14.946291849244437,12.993244835221633,13.228483366066815,12.191488704960594,14.029390546160549,14.709896062986958,15.048167851690929,14.97527659753266,14.472884714198328,11.972114891363693,12.955753418786173,14.606574208991857,11.015041801271192,12.983136581226658,13.580477652052972,13.660726522914276,12.968276181875405,11.487634907622846,13.083149404163876,12.915006107334069,15.331150409308194,11.582232169360918,13.046501489110726,13.567087239507664,14.99398308110961,11.941192520709855,12.668509054691148,11.666279775038957,12.543933126812647,15.140126158686785,12.756375704790555,8.596632832812613,13.951894372142473,13.409626861453562,10.370565883803541,12.428033907377111,14.095666965213884,11.35723350971693,13.131923673602902,13.723787936145888,12.937266216314088,12.989320370253298,12.825002424903653,13.504055672051065,14.706046410218027,13.567040011603721,14.270461827852778,13.491025809702593,15.243258803917364,11.8615003715148,12.55609467653851,12.880701993275329,11.93728756974719,13.179694593205856
13.590365080987906,13.61450271910077,13.654552547071267,10.759310716878414,13.931464237522757,11.731051242791578,15.447262781897994,13.414609341120679,10.39193774165269,13.180635872022092,14.500284021333506,13.018768735054419,12.808317321328005,12.040312856575687,12.944422711041215,12.885071447219,13.209174146644811,13.549566348114926,11.261307884136908,15.072346731614648,11.290547895910715,15.854468945384333,12.726294826748731,10.321059910104477,16.585898940854218,15.28001251874109,11.073492310493046,15.583689077341148,12.857604155777372,12.214912635514416,11.716087205310766,13.994249360778284,12.951184947791612,14.594011128547429,12.093676428292795,11.174936014168091,14.275205046217447,11.865823591943784,12.725058291706606,12.060799676387838,12.22204295037056,12.90662288327699,11.142720741804602,14.694258864249957,14.214677477443832,13.136737090866367,13.475190216873198,15.737200060077372,14.493984755989976,14.919668843366887,12.99308890255408,12.213589377108473,13.194286735270872,13.550220361874375,11.308763612660618,15.480274872746584,13.384999684939125,11.679977734553233,13.908308078096328,14.040102819464092,11.485933532440608,11.005694923673735,12.282625971663908,13.326297061986104,10.064722812061353,14.356865629141547,14.17381404590276,11.205215695194157,12.047583701954178,15.338231481528075,12.69360376838698,14.788007341869665,10.451223149627845,11.912989173831813,14.757007679223078,13.649629231227108,14.967129825925367,12.452811289198838,13.040934948315888,13.631691271115567,11.95621820786412,12.077480591200285,13.42430337835519,11.739909186737744,16.03149082245004,16.064476291859155,11.317109507566723,14.995683270414538,13.702301471533204,14.545147986707128,13.979330189486362,13.348077488661795,13.456195920549064,13.36058659019304,14.912791473224381,13.006237971544737,14.470533063293773,14.442462243878888,14.58140047917774,14.579331694731234,12.567283808524055,11.905486101209366,11.903931637444519,14.480350446407696,13.773595218196368,12.327497874862113,15.206297628265116,14.033883033620777,10.578021666591304,14.215842437310062,13.271928338886118,14.07366481350455,12.839554905240295,14.299654614339065,13.529008436626928,11.712035933338964,14.16730286972932,11.585653427132831,13.720806641865261,13.175385857740064,12.819813002110399,14.365496161397399,13.06888071942366,15.511822138887828,12.88061207794333,13.439188851460997,13.88966925233775,12.65277745623585,10.902879624819798,13.245510903238083,14.632351855065393,14.241312504254765,13.851927880562702,11.489739205100971,12.767570391762078,11.436256274540625,11.785480805654865,15.120731099888058,12.278408556752643,14.12345648679507,14.656548089704582,12.394239956422576,13.283113034178243,14.937349340318415,11.373371542019886,13.87280365740059,14.89892257936782,13.044144832297366,13.298745253551854,12.308978640630059,14.134617805395605,14.849605395852326,15.157457973580673,14.95449158254071,14.36601690717107,11.97160612918631,13.09541508740789,14.639006849793542,11.068168408302645,13.138051961116929,13.59638649582138,13.756746018954235,13.020920618178145,11.631651812105947,13.155900979575296,13.018493625823933,15.278946836363499,11.486010452176197,13.083565483770064,13.635111071905927,15.113678946755718,11.901250879523815,12.650540562568942,11.663639601586173,12.47873676639834,15.126816487461866,12.794232151268691,8.745987322263103,13.968469309816305,13.461132067889062,10.445719509275817,12.443633979600872,14.0085865824815,11.411269582485824,13.184580694935427,13.742205259197371,13.103117988195773,13.019105419070883,12.801959415283228,13.484479771041796,14.660678571401343,13.594794416263154,14.273258788263885,13.482967231476731,15.241120063498279,11.863107973368301,12.435168355207905,12.93769535091541,11.937869277124756,13.2655163828893
13.519761278741642,13.693284297766159,13.693708718649475,10.779134648951974,13.955454646109652,11.785117325153681,15.514347859655942,13.287560175210476,10.419746492881213,13.273993822243119,14.442212865298528,13.043658374261263,12.796017274227463,12.056777947415176,12.863931175378115,12.857451320616542,13.115253630343735,13.587460325335103,11.324751087994947,14.891789426530218,11.404812233845693,15.973671011692208,12.743858624705517,10.243322800095891,16.5074286371774,15.355797172069524,11.02334362424958,15.62720600755204,12.797195150803992,12.106645047235489,11.810390231779124,13.895963898149635,13.071653260854692,14.42334977184813,11.956492540791595,11.166957809499898,14.246763245963923,11.94339215414866,12.796741238792105,11.959503278027322,12.184750639266895,12.954475898839656,11.088021351809154,14.771529212495231,14.128254973852552,12.972842714849481,13.493551512832394,15.858815406872043,14.603838902756111,15.039351244545948,12.933723002887453,12.120864325314885,13.143269895793308,13.555692198204015,11.399522180267125,15.538275901749977,13.343886571570092,11.741457941791088,13.976256033162299,13.883862817343445,11.426471687383659,11.051080494141493,12.328932562910103,13.235811277157335,10.140450295741452,14.340118843578786,14.32631806954972,11.331489956060562,12.077291112809167,15.429312634299581,12.718844201688496,14.810543620215075,10.394638772420768,11.801420404177355,14.971845445073829,13.660478249675403,14.879689247470438,12.37392491286904,13.15408684884683,13.753407920475691,12.104489999667068,12.033979855122222,13.365910110514067,11.893693114206702,15.886243467397405,16.097476616283192,11.212062865227516,15.040829310310293,13.551519594883278,14.591266622611613,13.883851542194451,13.36193361179992,13.433567954885893,13.402739245811844,14.974733704057458,13.059851001420276,14.454081710467563,14.575188095173408,14.566720913589855,14.569744896876148,12.495768148767413,11.821841450039852,11.83876161345011,14.416587428963634,13.815253866555622,12.358258015399878,15.180357055831308,14.088332244678602,10.5381405997204,14.255136445237161,13.32849629063621,14.223828718914422,12.819358112140668,14.259740428885378,13.384760561387816,11.758684076735525,14.10551353003319,11.70590495278909,13.814198085407105,13.229560518155836,12.776190246642416,14.192528594142427,13.196552251903514,15.55761557728131,12.791123883466906,13.480964321068043,13.915029762554278,12.765513868361158,10.80634814872793,13.268042776530784,14.75372777530397,14.2929113995815,13.882919636392186,11.608943892536276,12.933607894548365,11.422274168925425,11.948084174372736,14.995104738874167,12.37793647187356,14.272092069940244,14.67348338142613,12.306438701714919,13.339553013785135,14.998730121277378,11.227579915041275,13.918627086268057,14.84222032395982,12.968276483835568,13.30858662610637,12.425586091347741,14.131245425077857,14.80771837314836,15.060864235456668,14.880857338797641,14.285459694372241,12.183851784451313,13.057214730597408,14.647779940222891,10.928054142716249,13.164051215953517,13.581786407495612,13.84974326871984,13.073111779364345,11.561440901410021,13.339567622078205,13.052480169488746,15.323459672401823,11.380365994819325,12.97396867823544,13.611126546229357,15.272636422532477,12.029510521775451,12.685857694730887,11.814844190988799,12.533209807079059,15.256070838790743,12.903880534794254,8.733540577055336,13.98437374966164,13.590966252032572,10.520477144916093,12.48355054353765,13.982952836587323,11.353370370919066,13.222427236043426,13.76220562580119,13.108422279765227,13.153082280154896,12.713530797189403,13.673879654231689,14.579270514679022,13.755599653556725,14.398218064026429,13.404614280350323,15.258603432753096,11.905546425281509,12.54430733212993,12.897951749352723,12.009478375081644,13.20333617648287
13.534994043484055,13.640824121864744,13.72993203823035,10.880303345119607,13.90708393921782,11.772430259988996,15.54530059524077,13.41689742722016,10.298476115578893,13.338546423832648,14.43601937615512,12.971186954203443,12.865971375834262,12.141939001201257,12.896494057907736,12.85668439644513,13.093930878017558,13.536400711876269,11.261491104046991,14.870490701502467,11.299458670484437,15.990165317215782,12.748205760076988,10.134959587667147,16.53587392803366,15.389132794249306,10.94562854382864,15.607180150427522,12.712711944919276,12.192034994270221,11.820383234190663,13.900301462547048,13.117760963880299,14.452669013099865,12.031858871166769,11.273961001087363,14.163563859437577,11.960877596877943,12.815958929033801,12.024753283248788,12.277920106535854,13.024541977704509,10.989035620453599,14.875075275466715,14.129761540027122,12.859230806832716,13.578321887010432,15.885069502293456,14.469514636166412,15.058828540699343,12.986905799124544,12.2300423398274,13.016744172598266,13.486648972286318,11.365534214690895,15.535042040884637,13.3281401081997,11.8807133708438,14.02036287786507,14.030945662712371,11.416737759876103,11.038062559110791,12.375987031918392,13.231329652409888,10.187855488925708,14.258309084602832,14.482146449332273,11.317388766806975,12.121082170451071,15.38411596214277,12.668736721299092,14.72648180824276,10.439900535229794,11.85694244815006,14.939535772337686,13.563169396545463,14.887128963294087,12.276972679734966,13.110824579359194,13.702308647553876,12.095495979362184,12.181860852417037,13.315707644995769,11.962791526197673,15.839637749719667,16.108599652430158,11.274485356069698,14.962597502976367,13.577931933296966,14.7085718430468,13.893377850860466,13.282808246108278,13.37888912065052,13.382953594547226,14.889944975443543,13.088980344959326,14.48941959520241,14.719552217518451,14.55271394235573,14.702428242507326,12.608876467011834,11.887018291469422,11.78792739437359,14.41179291839373,13.921092001862574,12.257198417250253,15.048505644208909,14.194903903998203,10.608320098313396,14.194543669258756,13.330245549841717,14.340393455394668,12.878413949815961,14.170548861370515,13.34068056294005,11.79741443535127,14.21704340423359,11.756850596591587,13.881777681591895,13.151666139425194,12.8232875945554,14.11164090107363,13.054235485862774,15.522901717411214,12.679419181403052,13.593166514607947,13.757447618488463,12.750063126870796,10.82818012690507,13.240695273298023,14.87082331763456,14.314603024446042,13.786034632594538,11.633989604314037,12.91747519462938,11.493419924231686,11.82568084272323,15.124362113524029,12.363069720923091,14.328977870746849,14.711269705582781,12.36924416974026,13.384693880755918,14.823928046782324,11.237815145659058,13.846205167835445,14.852583857433897,12.892116289819459,13.29246380603657,12.488862809887166,14.024316794254732,14.912083182803023,15.11551136743502,14.980978534764807,14.427624535069997,12.166526596059946,13.148019342814086,14.676788384518142,10.972870264973231,13.12704791825114,13.540435327279035,13.992986937074031,13.033292467521028,11.692924259842142,13.3506875457592,13.0939151968711,15.421163245571211,11.299217053526275,12.951105555991743,13.758474054546333,15.229397128963207,12.06441578140232,12.704155709514803,11.85406218193972,12.581691072135904,15.282257229438814,12.98820902348732,8.837617600002254,14.11314607793238,13.69937289854852,10.45491575838707,12.476500698719335,13.933516232324592,11.510482090945551,13.276769586490596,13.62940126143084,13.211935752952536,13.1318023168086,12.588203933459164,13.67885605959007,14.608894987987338,13.799114282051741,14.482428380278849,13.427253228247757,15.185777024636907,12.108650936801794,12.475190209825612,12.961924167092333,11.935592674222384,13.230260225204104
13.647909702547418,13.633617189471764,13.654363484115372,10.767410206999624,13.789339251038703,11.810529317094488,15.711120283377861,13.500341496642196,10.395930288780676,13.420895203681889,14.430673371761804,12.873199261040536,12.941545144661111,12.20061604173893,12.863448255192793,12.70774631976663,13.006723862935617,13.470034111899869,11.21604460190136,14.81600292051213,11.377129154613515,15.972862055215124,12.703250547892592,10.14547382512581,16.50060760136559,15.413563522740475,10.802758151094032,15.447730560069953,12.75004318544819,12.195874704268757,11.701283720972063,13.780532813968263,13.159641584559006,14.611413419642854,12.019357764817485,11.281652355515103,14.064596745042726,12.002308193768265,12.741668119768484,12.02612029225729,12.367084632071126,13.02524043471509,10.979599543025286,14.955606493851981,13.997632354566337,12.837047192841657,13.603713073984219,15.878371208317102,14.479678612883538,15.12487834314721,13.043482205947978,12.185578480245384,13.060103785131897,13.468820038855835,11.452410522572121,15.594479885588937,13.339594508213333,11.986749563181974,14.012454185720312,13.98163345392096,11.4628570938111,11.132168895411526,12.395027510329593,13.213160130236073,10.137534536903212,14.153751929795735,14.454923820777267,11.360810172074615,12.206959125779903,15.560587236995017,12.713179496654602,14.882219066451853,10.41798893388388,11.69388619080849,14.791447869828662,13.626871396028573,14.890811660865143,12.338724295328744,13.166074753684953,13.818595247370547,12.215835505848911,12.238970681278701,13.235059314077718,12.091054040540753,15.871760861062977,16.024207900525283,11.30761851681055,15.03231993375834,13.680648664800195,14.716926973067403,13.991468574629787,13.373913161796532,13.419456971028717,13.469512974108296,15.028381588486043,12.922911476666554,14.590479853801481,14.743925157006284,14.495641693756758,14.639236784878218,12.681418853754723,11.950792785213855,11.72939642079381,14.312176482438682,13.981322107689538,12.14493064886783,15.07756091953933,14.172688843667805,10.674973016333732,14.254121940251276,13.487945869962381,14.202217807869019,12.856768331765368,14.08827398601714,13.418506911498532,11.75837726074887,14.24622356958867,11.742460121516972,13.827791396823855,13.189667066165022,12.825121570529124,14.083502732242765,13.126454798797013,15.517128927459796,12.756365993096896,13.578792801690936,13.7283327510474,12.835174859300663,10.944643601105929,13.194466094362554,14.873785887229676,14.325324115531098,13.858033739052713,11.685428402447004,12.928458658074577,11.558723306611885,11.821993884002966,15.15557997505778,12.431532306569903,14.438283588532363,14.76531574101307,12.33848330639986,13.419483656585538,14.808810955492406,11.195845074961486,13.844289158236098,15.022323003676085,12.8735742385778,13.217627498275322,12.528683654337438,13.876489900020115,14.916686915834289,15.19340357026752,15.130594629650298,14.379457331706174,12.145948993509256,13.162770181074501,14.59591544114928,10.956829791430735,13.18396616476618,13.420545585251173,14.181519254661797,13.218105234185069,11.715317243423089,13.375298034863581,13.130216651147684,15.483244213327975,11.270211711125755,12.81739803611963,13.820129783769909,15.301787755018493,12.030640872406144,12.723763132854343,11.735764472784494,12.603272105479462,15.399159955188646,12.784032557726047,8.878688452395519,14.101823085095383,13.699260780317342,10.350247560854612,12.524344063218079,13.929225279999612,11.534744649531,13.292022434226666,13.498977715365745,13.042337824260347,13.076765886686283,12.52152112796515,13.634710036457909,14.712630788265084,13.949506166733391,14.556335581208874,13.455631218970094,15.253780845136628,12.129526497730687,12.509468459185968,12.98686521226804,12.189737546531008,13.193121938412666
13.712609167924946,13.496516513676077,13.50221688433385,10.775627216750758,13.691580773290557,11.841889129242501,15.66183067078806,13.396585243432455,10.456710656696751,13.47273594305886,14.409253356569733,12.815986310546862,12.846917361006318,12.157215758788192,12.91962731738869,12.77867448467853,13.043653624685513,13.430745349591605,11.194256795692104,14.954945814591236,11.512680510052663,15.872739373274568,12.67153689678252,10.270878462087772,16.565800556586606,15.414778014103902,10.737507083944983,15.449239179142149,12.833829922825373,12.110051251019398,11.657041238874678,13.863453954817109,13.155128861424876,14.703228598262035,11.858295018141657,11.224765594239747,14.07982876833323,12.078072728629726,12.883740565636444,11.931384358264308,12.461750564608193,13.114684532990116,10.910570982484815,14.920962980578492,13.89423356586102,12.833322986244186,13.73269632921814,15.741257294556462,14.437173223475504,15.197703458195626,12.995428483032903,12.216029864286662,13.067202927079776,13.465610735993602,11.617193329812038,15.630694731477377,13.19930944577798,12.144016063416203,13.998440106877243,13.986425954137422,11.482153152524264,11.058311611066161,12.451842138446299,13.303673987783446,10.203767727698766,14.122530120459416,14.527250053512926,11.28444017003981,12.145198221227515,15.802787351954084,12.68569092636287,14.995108711802132,10.37689803416518,11.655962922572497,14.803307187826043,13.570135157307625,15.005730548465001,12.433971420660976,13.235732371134546,13.842133303958851,12.189200787375961,12.146825720256212,13.206814085759708,12.314120329394378,15.849956940552358,16.04664531062294,11.258791356771814,15.061647709508172,13.767232777697323,14.824969445365012,14.021952701695227,13.356917094629535,13.56025918124695,13.642269683446532,14.965513469598179,12.95763064879515,14.619258132805934,14.81360717334448,14.495491087125604,14.57263089315262,12.548064473438883,12.00376131999807,11.749969839329115,14.450443800009653,13.890307328513986,12.103151869135866,15.100598749367927,14.277599382198373,10.666491967883273,14.305367739296807,13.378248299152698,14.190216934381674,12.983819507488477,14.065628429214701,13.475228649883656,11.727482683041831,14.269229998264215,11.707141406425386,13.800170217072806,13.1853359506181,12.863300158013777,14.134719609777376,13.12083211940301,15.472152733210116,12.800207845016951,13.479577977403048,13.76089645978949,12.857932041861568,10.956873049939704,13.306881010936184,14.988269465726718,14.281209864924625,13.790957700797582,11.747365364393048,12.923611847871005,11.619081244820725,11.864523741521255,15.185009838038932,12.311526409260109,14.459272215049195,14.65838521422702,12.397149868662174,13.31052915031371,14.701542218882123,11.260096568787702,13.910297817191521,15.082413017605422,12.883647959177692,13.105569679085763,12.606827984028008,13.76704228081483,14.814565442977685,15.203480687650842,15.072437376753072,14.343033997537177,12.219501765244093,13.2558610945777,14.476495221939409,10.872007630984376,13.18144295354791,13.3665813202856,14.316095720042412,13.27198052047847,11.680946454428817,13.462194703615863,13.204586508819766,15.636182342228711,11.156758832332507,12.98126854636041,13.896350425234756,15.374924649336462,11.974494793556532,12.713349865892043,11.62540754602757,12.435937961851629,15.467637537205364,12.926310755436571,8.837072169872997,14.115800706343537,13.687870368611854,10.28022378141727,12.536823364075232,13.97387275485414,11.46308174899656,13.094749829139232,13.490540929004146,13.095043265947561,12.947042464786461,12.460191355368908,13.56476321400537,14.85883224188849,14.003777570102608,14.506609268190436,13.338482399883867,15.202463289723573,12.1054236710942,12.380259944497888,12.994114793247487,12.352183765062865,13.195713126424835
13.788708751599794,13.535709196923829,13.417200158077945,10.765849964748732,13.638203269285071,11.815700774534331,15.77828690348592,13.414549019295126,10.561016311522396,13.477259615765757,14.603823576830989,12.795242314285428,12.730310518582682,12.135516396193207,12.99915994964737,12.985318895845271,13.090170807924677,13.406032703212333,11.234008672409473,14.831038865863366,11.482650105147492,15.815240709311809,12.756316409871637,10.304724487223213,16.56329901022111,15.45177565484202,10.70178961929984,15.525058185060193,13.029767984688563,12.11988177166738,11.79537076282584,13.839299712935448,13.143409779790733,14.738603104398578,11.876592884884381,11.195029811265275,14.110726077608193,12.022212781371195,12.840912209385559,11.802468950753132,12.468984206355119,13.237989747154653,10.958038753612401,14.82072542237045,14.03922385297443,12.872521357307557,13.81615584353445,15.688449487056369,14.475755210256663,15.335529945743058,12.813117230835799,12.151861908639045,13.039087898970667,13.524842569527703,11.678207235617837,15.690293853458163,13.253669460859259,12.15124034140123,13.804204897048983,14.001038638726174,11.558004143820886,11.04384709471378,12.472966625001124,13.181884391394403,10.197564093242034,14.260904691034934,14.58193285023856,11.303963529476421,12.311138898459962,15.751955079444492,12.84271896268341,14.988443583807376,10.417012079010137,11.607334225101892,14.841461646188433,13.606092923151694,15.075287256345977,12.393479183890928,13.20770914003878,13.716177576354456,12.372425962206837,12.214827270050993,13.210123477746679,12.400067026555652,15.917424461927341,16.03491389971082,11.350052641717927,15.042508201723326,13.703007085302888,14.813186900622354,14.117522383046845,13.394432949223694,13.565685064927282,13.670781072558704,14.970945917994051,12.967430587974071,14.6649740883483,14.765045157892073,14.500080094464648,14.548680031958181,12.476247061666399,11.948150884154979,11.724103408077754,14.443827250427171,13.815142083041904,12.014446792757258,15.01539801965243,14.27264455231965,10.656043033059845,14.330025118196293,13.296146911345978,14.296127282120763,12.947210313531219,14.054346285434068,13.587616487047258,11.752424203822175,14.362089250820159,11.711474662287666,13.885468218465489,13.208727410284215,12.948945723376205,13.938843708157957,13.096897025772408,15.346641137029978,12.743511719746165,13.44576800707236,13.811522678416356,12.841361920881297,11.008329532934482,13.407578330455712,14.826723865660703,14.257720717797207,13.82664935838094,11.787107667917367,12.835434537402586,11.601869465397817,11.82372836180653,15.122752005665445,12.32831655730444,14.482875332364717,14.551114714152277,12.312414974690437,13.310791935752022,14.859451833054225,11.312269747628351,13.983604018779062,15.11234756605179,12.97202236847733,13.037539371234773,12.611755925483312,13.781141498779217,14.92331203030937,15.349894122809662,15.03361412519202,14.328027852440275,12.304036448123416,13.2205886669317,14.490385555489981,10.868744621760275,13.218523478361659,13.306606106236853,14.403414420589574,13.270878350430856,11.757882465664851,13.368659328044846,13.13157826548185,15.668548114271557,11.17779892011565,13.007601247843573,13.969269699438904,15.202560025950984,12.02882241752686,12.832704010008651,11.516900949131212,12.40141788288347,15.386389716968754,12.966699889376747,8.790578559179476,14.214451317921664,13.629301367208159,10.178752885646304,12.51765857527499,14.002589562707982,11.407023393808911,12.973613510506349,13.412189903770477,13.035968368373126,12.984462735068863,12.391403183201176,13.474732175480046,14.710916876584298,13.880566129807175,14.471683817517063,13.357013706311516,15.210857203046942,12.081684534991137,12.272573987805487,12.915261774001172,12.49301452674074,13.251882615545208
13.939055657539384,13.60566660617917,13.395257124460768,10.888019538783015,13.685303478663862,11.767646843020763,15.904179619692414,13.475265054228503,10.611257901499636,13.546732747089862,14.745807701722965,12.693922898044706,12.899500319697053,12.076173454219298,12.989536587989356,13.122939169314993,13.100619938162792,13.392674505076567,11.320153559988954,14.93677351894523,11.531908836772946,15.787647748737596,12.959946046524331,10.464205921446661,16.600986299171804,15.403710286505119,10.804476321002218,15.553009680918517,12.98257549915402,12.142208644607908,11.719490651922689,13.945024719004445,13.163758462715437,14.858311288519285,11.940306252002951,11.269934389781131,14.117642902726427,11.954861731757322,12.946670549300292,11.762283899756452,12.45635169675039,13.298959878301279,10.960750104349987,14.932407785385031,14.08497158687042,12.73283066128622,13.719560436154824,15.679589538248146,14.516150157932511,15.55074440384843,12.792827546402734,12.15469842586011,13.108822315822945,13.471760000840561,11.678326119431023,15.693362452630819,13.336646866181512,12.155840177485297,13.857552750206679,14.10921838850922,11.470974735186628,11.009353392360623,12.44890012499104,13.124559619709645,10.30576646369253,14.384281864227091,14.668985424368843,11.375100278242039,12.3451180205405,15.91272740358514,12.976297209620535,14.873700156127018,10.563987336503843,11.536792073870823,14.749092793985971,13.542437034373469,15.162223425062232,12.399584064019908,13.170679987901245,13.849431080632282,12.36160136476871,12.187320288692408,13.271548099967639,12.383400184495102,15.930206896024565,15.979636375125258,11.387507005804668,15.037949846745407,13.831111678376093,14.914036346333798,14.12769711893857,13.35640885865294,13.425959147624827,13.7925475067644,14.89254880587885,12.991562658805538,14.770660256023733,14.874224908962098,14.558511718678288,14.500565544715249,12.401241192865921,11.982555054311554,11.546998048244827,14.435154727906404,13.756260108365971,12.002378673283083,14.911922153649058,14.173824621779643,10.657173523355636,14.270413220778979,13.328484902826585,14.286178670622009,13.011368966549695,13.992236209627865,13.672497053723063,12.050984275989535,14.297827149092216,11.80737807260801,13.8290478683195,13.226910264022026,12.815106384423908,13.893902514621574,13.169076061739762,15.254496843415216,12.792187850866684,13.380434741975797,13.752061836722442,12.840846949361085,10.95464866230958,13.215455850930473,14.92876991475954,14.2263274044191,14.017229584595114,11.939324970353237,12.801646802961448,11.729667418344405,11.845156763104734,15.07456147088748,12.454445470921959,14.378736096059608,14.565040508776624,12.285453575065073,13.404301343487624,14.844125180522434,11.30942253107152,14.015204190035787,15.179775377768328,12.876581165156555,13.217645016012355,12.51868993668847,13.81423916025397,14.903104447647225,15.27656094540466,15.088673473790063,14.377705123622764,12.381548539542708,13.115995582674309,14.500251779644447,10.952759197355801,13.218026167057834,13.404188264665589,14.360520415825611,13.413781939975888,11.809130254884012,13.452731733988097,13.062934482709235,15.683082966725161,11.204806580456577,12.914161198093135,13.950844055244572,15.164440215732386,12.079956480991237,12.84689808636343,11.527253883042796,12.378720486979848,15.205137265419694,13.025029268446234,8.661806906777938,14.132763825243225,13.565286614131088,10.204395136226397,12.485905425993797,14.028352646003057,11.46085036663042,13.055162142022631,13.423477391485276,13.01696860201667,13.08299999996981,12.387150114688419,13.437919693108762,14.788557651855136,14.013023267539179,14.506148875098003,13.439087033526336,15.229144457162095,12.143439858635878,12.357643181844164,12.954199464557762,12.669795532915948,13.27531162980025
13.96622077630171,13.646468289993747,13.4014161742535,10.939289021353117,13.631153592382827,11.737738259034453,15.959120222218674,13.337705975729753,10.677427707785403,13.524299806451472,14.819336027121562,12.662437690551783,12.841810238585156,12.090982108348586,13.011933528493667,13.254808718770349,13.182986914956592,13.44173614212487,11.317216197338887,14.96115446503183,11.60009645063024,15.738490234042802,12.824134100646896,10.395580485819385,16.55008959980353,15.42694116295194,10.9124986653371,15.654883392121462,13.057460062846427,12.182607058394513,11.655683244024642,13.8732059605646,13.024322978266257,14.844154987143073,12.021149480774719,11.349159306418098,14.050764893626566,11.933608315290863,13.04044452602517,11.858338683195127,12.48432407787442,13.484683652569133,10.892738069218519,14.860243451124024,14.005056776632925,12.879516045173311,13.686985849866955,15.68460456263723,14.603801279571927,15.580211971549588,12.792650576176337,12.225978739985798,13.049430187142521,13.472925206655502,11.62521467182177,15.815025761685101,13.450859787545259,12.045393321247651,13.781361496842527,14.157732059377107,11.541323293118843,10.992755309919545,12.489102782282941,13.187713001351762,10.339898105196708,14.323696489834877,14.726344333653044,11.257514713789059,12.30045207069562,15.995767342447284,13.084270570758177,14.766815409329567,10.581136638059164,11.591676859617923,14.889998780077036,13.509339340816563,15.246830626877477,12.448526425630876,13.116546244129013,13.802246851371152,12.280602082360504,12.166518196014145,13.346298228913547,12.451443965706071,15.895441170588082,15.875079628737147,11.44118869774618,15.069039343196378,13.85480403870562,14.932372155331377,14.128190827506288,13.392691716212905,13.443792962226338,13.873689854407568,14.90380345842283,12.871765139005406,14.73168610054239,14.778544428287306,14.7394622561896,14.514730572865735,12.410824286675044,12.12339417458094,11.59902200263472,14.473004484604623,13.63147582205338,11.987593719122003,14.888631388869676,14.290405507187728,10.61409633862789,14.368160655524957,13.259487287318,14.549135679143356,13.12893166858935,14.08372195588074,13.642710637294106,12.03573865786181,14.370747949885603,11.971259036224664,13.811321388774777,13.29176627793197,12.753167886269887,13.977268424738734,13.257092619031596,15.382461631599949,12.939462815910856,13.469684073261838,13.676061947082838,12.893329500307583,10.986029048299997,13.149147304354955,14.863419299658878,14.29068002180019,13.819413613836147,11.907682009841528,12.747474338730425,11.85583411690135,11.816405745351034,15.062684348514274,12.61062642034764,14.432551379322657,14.675406020973586,12.306710505230875,13.34346696589781,14.824025115464474,11.29866993190818,13.967593012999528,15.22313838037517,12.9867790047397,13.225948356539798,12.395777366121825,13.728024909824953,14.967871576155037,15.180109004747617,15.032379485136977,14.498770456351691,12.29479216410859,13.169791858400853,14.560393573372902,11.057069573521144,13.172717154797072,13.546896528778957,14.452021449957353,13.348136922194218,11.858233196775174,13.530444764184377,13.029920991546623,15.669963974236762,11.046712128432805,12.96605092995715,13.957541371238456,15.249686006372546,12.098584322569454,12.806625731529193,11.515755818310973,12.454873878958137,15.210170786554542,13.110790144313885,8.580581963151218,14.177198398604606,13.487461638177304,10.306869820015784,12.467616919848776,13.967496922276101,11.569981739116573,13.067556073012526,13.33908960014074,13.178355186321628,13.252702708879317,12.377497321653307,13.349416729168448,14.709388637439867,13.850208238394554,14.465108212170655,13.50091058839771,15.128347282892614,12.219782886604182,12.32146992120114,12.853753801868757,12.55066138215701,13.44061254853809
14.006285959134622,13.748468380390557,13.297743858177629,11.004175185360342,13.659068029670546,11.861163028524983,15.935281110411166,13.461951223277477,10.72534555335041,13.3650781586133,14.83469197000687,12.657326611832003,12.824419538951377,12.0860425066853,13.04486140539512,13.231029233006016,13.272514252110605,13.371606625904441,11.425142633483164,14.998243808010796,11.665938357031584,15.753620007042993,12.877527409501619,10.408733181049802,16.50929969224407,15.374699880276356,10.979585247855724,15.679528310027038,13.048883433552968,12.230308969843358,11.426731656877923,13.973005223330048,13.106257407226968,14.814849480570988,12.037726080118581,11.357318034051518,14.08928298809668,11.926090995912874,13.105828555021194,11.853551192621799,12.52637785919436,13.43427381762001,11.031623676338477,15.026759259012978,13.834210549350596,13.044992716759564,13.61953542550058,15.750173100791729,14.452138813826046,15.519317214771505,12.69167772617536,12.123469539788527,12.962844943562867,13.384629785205043,11.64814666220604,15.859986082366047,13.440464264579827,12.080740912794866,13.719487317024617,14.308689192547714,11.592248587355343,11.040407739596091,12.360624801213204,13.223109952625,10.361503539214278,14.336667171097938,14.649392712320816,11.307534950242008,12.183650550491027,16.00859638462911,12.926750505094097,14.874621762329639,10.618364775472802,11.373442772983237,14.804263493214563,13.445553715662093,15.270778372615462,12.440194664987139,13.190271761072355,13.774266376921371,12.261280178783027,12.182588083292307,13.211160825175247,12.448445431854157,15.849580011976807,15.919375645766486,11.563519811559932,15.18835982554381,13.852818936685976,15.03151382926704,14.045519712812,13.280685484926963,13.501841527019812,13.88577913365355,14.939370694611855,12.962493467420876,14.735699231289558,14.858792243656229,14.764998805188828,14.409750069410125,12.51023513401296,12.120997735116935,11.745091421413477,14.53026685324473,13.648078764249028,12.087832672330517,14.893263192862754,14.32945392623684,10.86365435417642,14.392903008106503,13.275407396140075,14.614876742884148,13.201766677993012,14.056986713058315,13.820491729656647,12.061426892242384,14.357269610845998,11.921633787325288,13.723146511416141,13.270203040678101,12.757734513056555,13.943450962839453,13.201611742009916,15.41222477795049,12.9545447777399,13.472125966894042,13.723133419119012,12.982804973005091,10.837046412595951,13.222134075640703,14.802676907839187,14.476203334665808,13.852289582998315,12.02083578971142,12.691718305445823,11.901601676604477,11.795699335507539,14.989865885880453,12.625276535277505,14.314879087029789,14.627132479419775,12.388327182339502,13.407223951561035,14.812774904656614,11.311856523954235,13.993287211539025,15.262910251874498,12.939382549430281,13.304475236395948,12.389289195754152,13.611905918706887,15.005697224353511,15.300147197328823,14.948615619409969,14.714355917235372,12.236026888217316,13.10603044584966,14.576196317051563,10.953087379859388,13.176634942482316,13.517851173465665,14.436579916882424,13.368900840748152,11.928867455702099,13.481045634565909,13.125489179093506,15.528523195054776,11.217467811590012,12.986996375211143,14.031081709103654,15.23150814193813,12.074925403467407,12.89876105157254,11.632211662070132,12.307964422706316,15.235659186668878,12.962034401542207,8.576340607305518,14.257158402441638,13.55933893764251,10.339934775440332,12.579171321185528,13.947786552058593,11.63663842896376,13.203795270239276,13.315857450745192,13.306797059955427,13.297829327528358,12.286138871327871,13.355818632852941,14.634269445950665,13.93321080608986,14.4393271228743,13.518098815077916,15.22032694709262,12.232898815535489,12.417865996395907,12.812719389691823,12.549535955077769,13.460393564033657
13.998207225894548,13.809335573235087,13.354006627874377,11.118739582044107,13.690617360404891,11.93881325097752,15.983104424092453,13.442770173185124,10.65589467130043,13.412643359730927,15.006756038518011,12.655984739617601,12.8247223499838,12.196735554696334,12.9959756070768,13.064001428708156,13.276369169433305,13.34965324001993,11.340328882955756,15.005270088640941,11.570104576117494,15.70774977065438,12.914564109562356,10.448996575478237,16.54716643934803,15.324952404471544,10.984225221291444,15.836517479214608,13.100178826118343,12.36312286237165,11.519422633977102,14.013504075559352,12.891943158899618,14.849959188160527,12.01475081816302,11.304301873988313,13.980352654591748,11.894523083647185,13.25011217789416,11.831255634710368,12.43689013521035,13.41807141661145,11.024903360163046,14.960074327083019,13.867622032945441,13.117238018453,13.615463540120297,15.702026999675482,14.497915529025631,15.478024443284543,12.601834676329496,12.054847487343228,12.889030541969854,13.440660243945134,11.7261563033267,15.818384794951337,13.29143241829397,12.25744507089088,13.731964883653223,14.249620896595466,11.751562989849663,10.88606938939046,12.416545868374927,13.18902959529238,10.521180408522447,14.297525920128992,14.698420982094424,11.337014555600168,12.237072597189252,16.02567675835144,12.976469217615119,14.708011176610711,10.50286884815845,11.364295663832143,14.864215095608449,13.420844866076731,15.311340262015733,12.285425407463327,13.15602280508078,13.750787276512668,12.357247755409256,12.293701155457633,13.35873270583388,12.511110538138196,15.767146143500083,15.928836186087642,11.390559671756925,15.139601365242422,13.904389850206455,15.062176524076643,14.212571006728604,13.296201996703942,13.364244478365288,14.00564123941795,15.106205834872615,13.005425241627433,14.604998002608388,14.788980072785815,14.776614315280026,14.438157596033928,12.471205896783786,12.081390415145645,11.686710747951935,14.596068797101601,13.603133020894902,12.15930016549588,14.981883535727347,14.368335300807676,11.067911084050692,14.407895687293745,13.270702990049024,14.632807251488998,13.151255836481283,14.168979565647918,13.86984140428527,12.008405274105241,14.39954777765148,11.929486835469024,13.67796493254286,13.237900774396516,12.784651934253425,13.954115950328598,13.307955396102956,15.398919649448978,13.039514469756938,13.469262172439866,13.72831521228852,13.016526368903316,10.871170068157884,13.100486363725928,14.789184485923295,14.359525405161627,13.843047651502596,11.945552337438054,12.657405409343482,11.897682901160733,11.666040825525908,15.047864959261448,12.618201249839458,14.392006405812873,14.622761845742396,12.556785455911136,13.361624169880274,14.756553901132134,11.192166583128435,13.989993920884075,15.166604525518448,12.826568910379116,13.239149439416654,12.512519131799653,13.601960859177662,15.049596015455872,15.19228406818351,15.023133759381178,14.800547435323343,12.159953255351125,13.000137918005503,14.617592304736611,10.956111437145566,13.040803641443897,13.665879683216799,14.341003667838832,13.49460417854977,11.924292571324262,13.561862495015914,13.152315802788376,15.491809860122064,11.098755420950637,12.991969043035565,14.158595426581156,15.261675707177618,12.100537658853172,12.873849531090297,11.768769301863227,12.357200794221384,15.41612750068111,12.972451946177179,8.542011683533808,14.458491493286246,13.633084943136645,10.350596605627745,12.722673421410807,13.988179562765643,11.68204356739357,13.143215268559956,13.336395545693323,13.384798341208773,13.386377310753964,12.429837713840907,13.415721991772275,14.58142269805722,13.94879146611375,14.446364159928326,13.489868786604825,15.126409647092192,12.209053548855495,12.402485074128453,12.912671740103303,12.635193257008046,13.504570757611253
13.89183171620623,13.832568259886425,13.332374740737105,11.180360229461122,13.660133712552604,11.99448064442645,15.917652210115765,13.515902962273904,10.736928290043991,13.521291113309243,14.980757624597855,12.807171876720272,12.943509938048948,12.340540071932429,12.87239393025198,13.028523754035746,13.369234159103966,13.471012593126357,11.36701766488182,14.950490248923067,11.67140233016773,15.886428878972314,13.115113446166701,10.46724140141212,16.474060602846844,15.230273573434868,10.913610213099773,15.930759082987803,13.150330848573661,12.470822538093454,11.557280552517305,14.153980014213191,12.834454865744071,14.817661694624807,11.914115816215038,11.303919648961266,14.091806823130122,11.83684691960589,13.31590472864532,11.782649505405661,12.469848710298267,13.363932576301108,10.989266866930194,15.032145046409077,13.862133374839964,13.025397671960258,13.716124570843307,15.71267484810691,14.680970098411935,15.672715920536819,12.490232415723124,12.00813066540481,12.851310112462171,13.440745388825508,11.644392777030358,15.846373463169588,13.248835722145314,12.375836525143805,13.69544257016351,14.203287867388957,11.76281454383397,11.096476745778387,12.359814539498801,13.291138388082578,10.527033543750026,14.333489419123685,14.709979483677849,11.240856214730774,12.14908590492588,16.002668495815097,13.037872854641,14.841078769382488,10.496817757411263,11.35310465415754,14.91824162704451,13.430306967362192,15.337195741838011,12.328098362586683,13.185301848400153,13.767418475980024,12.31674386710617,12.35474594732887,13.369579832176544,12.63909223020107,15.78797802834846,15.996471746890968,11.390225693109276,15.26381858834935,13.859777897480207,14.977950318488071,14.17612521520103,13.372465728351687,13.453759211042865,13.96595455487725,15.043052367608476,12.880147509159386,14.58039878350315,14.682498632578628,14.877262331045957,14.505928636440144,12.749358710602515,12.149682797367817,11.683248237647664,14.555716483406123,13.531471733855607,12.296469185679857,15.016315503708022,14.344021582795065,11.033042419960116,14.374390141766186,13.187851921651992,14.705317648574491,13.223982176730024,14.112070887037323,14.004587471402095,12.02259783869605,14.420673338626685,11.931638463384866,13.808812284864837,13.300095120265668,12.860479272347996,14.006660051748383,13.387304082892014,15.62118318708074,13.024088906530563,13.459607504674675,13.700814331438606,13.035733472176284,10.673186998875499,13.050044900329228,14.859306019844848,14.474432375599491,13.878160741595735,11.95235166199961,12.676197634630679,11.929663621383515,11.659341230881964,14.920934217945483,12.478186303408394,14.353530423008634,14.635881721863678,12.589846499439355,13.423878936676726,14.709085186507357,11.180013497055686,13.945688835614359,15.263000631727087,12.710972710408955,13.133395197831236,12.470762172963433,13.583265997057996,15.08476881051113,15.119150454480602,14.982434140395673,14.70383275161231,12.11623788883025,12.934345751605743,14.69726318584427,10.863919436071733,13.121482586189838,13.600179958238273,14.400189822695445,13.513667819405127,11.940040311784903,13.435366524881042,13.033793966115653,15.625224116263329,10.998314970723694,12.900431578466556,14.13091011218902,15.20695391208795,12.077775426852249,12.824376860166808,11.818657814355822,12.319693616714538,15.231426810342661,12.847589602583394,8.611147627287087,14.482109787704951,13.520639537512151,10.28429769303657,12.809261772859031,13.945759307644044,11.531887326464798,13.076398174522962,13.361882579693921,13.40519462725999,13.298817898424629,12.540592972133835,13.402232959947396,14.535221460954002,13.954275906363232,14.439467036014758,13.525551432489335,15.09114655632309,12.169353418367363,12.310191208827556,13.000153624771425,12.704003923171527,13.531337364404708
13.890268943423717,13.890019305707257,13.402335723215911,11.067693316133463,13.701391162867159,11.90932639223019,15.974553499906639,13.57530097232303,10.720705205980957,13.574783013370174,15.076132665713596,12.784434807138348,12.860152554035288,12.43934302036601,12.809323122959512,12.961474446381027,13.358319830985566,13.45578657689523,11.37766458279762,14.929432946491557,11.662513235427182,15.848312551494734,13.197533034366895,10.444697138342784,16.43006409238829,15.14948141854507,11.019653080124597,15.995739792611452,13.111842710663351,12.414649110941196,11.528288604048084,14.42826169316567,12.896891939048087,14.82771384867252,12.034888287538802,11.220556292100685,14.036793434953198,12.010667303062796,13.348881192061695,11.703903170921729,12.580129408040774,13.479303741270387,10.94846181905638,15.040074966286744,13.89556424112598,13.231245272255247,13.719673792767187,15.763292972942576,14.549153032656596,15.733310170189355,12.439939638374277,12.063118731392848,12.985612015804398,13.612123148950488,11.678569055358366,15.762778017090133,13.32322541900611,12.454858193579936,13.684825877819334,14.043626849097699,11.79121039693569,11.190537524394474,12.30598403809492,13.260177391501907,10.650145116953562,14.313017836590516,14.752075907335717,11.15572455027301,12.23293857662251,16.09827022895806,13.104874449135128,14.852548545236766,10.603111665740562,11.362977840939841,14.939149076402073,13.532917814701673,15.517528891415354,12.399183493464685,13.200461335304443,13.7621119568842,12.284278059576783,12.38553878798778,13.35226605310087,12.633477019906728,15.826491531358693,15.908616366560304,11.427235122777432,15.24779888202092,13.828358495925983,14.93477854353177,14.096400277024793,13.503378694415463,13.503846342390473,14.07831755733744,15.034445858732532,12.852008314335214,14.676595737903066,14.554720769779115,14.913715144938458,14.541618034438486,12.694543079273926,12.086550810716663,11.756758829566529,14.473997427190524,13.631603489920153,12.257983747149815,15.047854362197516,14.397367213187822,11.012562746759054,14.403686746835463,13.31434387950415,14.660085587780403,13.308808526538902,14.118997354820799,13.945849847032562,11.880108967230369,14.474650667905781,11.893787098478947,13.963821466677295,13.375955218391914,12.888538021347864,14.110977480605678,13.485299989672539,15.616103923736121,13.040657028746443,13.313293944524508,13.582720009825545,12.994107387124282,10.710216710794956,13.038346579876745,14.948103004625736,14.525702642469543,13.870354376590418,11.95251644785389,12.903274280731514,12.132323884244766,11.669897748359325,14.998962304512405,12.498263646512282,14.409928608835106,14.694120742851307,12.640941801968298,13.340126039504668,14.75454979982667,11.226058280676206,13.90942785594443,15.232512717873236,12.626123694184189,13.003405181636838,12.52563635633818,13.587550108578228,15.029678835423182,14.927440776552544,15.03346871483139,14.692690165519183,12.163933694719944,12.929671076491074,14.647690924234919,10.8574877906458,13.184255045909019,13.586271450938174,14.364985393054758,13.487929488176274,11.853054190400778,13.456545338865045,13.048526128370435,15.656268072909869,10.975338146375227,12.821212007179605,14.063923022155235,15.16398315242608,12.18894459943517,12.845800093331158,11.906123714555225,12.306801308926348,15.300426689350502,12.87809214459791,8.49879613968359,14.434576983304025,13.523590320565518,10.266654171785495,12.734606198467416,13.937213274772445,11.642156701393008,12.989551780688963,13.385547401191266,13.403908041824588,13.341427833951615,12.6145810014835,13.255781197020454,14.332908064783403,14.070217125805602,14.457598136711908,13.545940333321083,15.109795722155638,12.095201345722288,12.410615724000737,13.052880315399264,12.729168796832717,13.527290390906739
14.0296272478645,13.859788398993048,13.333264640143202,11.1919146055846,13.701362843346612,11.846499589730968,16.004914293554545,13.448028210709522,10.683138949432445,13.555164492767098,15.201843476593815,12.814210957973733,12.832614853558185,12.504027646913283,12.775717101707292,12.958103493258784,13.374809371774177,13.5525914528248,11.424818542684882,14.964664130448767,11.668271164159973,15.830239913054742,13.417506362047071,10.34442829124894,16.48327337054545,14.96395609044186,10.980535542681544,16.038928608507543,13.118980221573416,12.474590591977163,11.583587476851351,14.369925071948426,12.828458782317195,14.888704306697433,11.98290754896702,11.171803614877842,14.00131190478213,12.148851704637782,13.394599399453348,11.741717706298756,12.702812105152804,13.54402798672641,11.009369806833613,15.05426760337357,13.978824520235557,13.226539134759914,13.709965136140157,15.746293459452243,14.5557803603048,15.64194659676804,12.302726576148041,12.099488845890694,12.959623936309706,13.656025018046945,11.634348398392886,15.718486623382644,13.35517685245654,12.47315222278511,13.572092709060314,14.133624459522046,11.800868209853155,11.217371662273445,12.335308182557716,13.316900783640246,10.619979531134508,14.27503185294258,14.636859611261567,11.08953721230239,12.31531377697873,16.16914289197154,13.125417905997267,14.947176550291665,10.71889559424068,11.416489891946224,15.056640602359256,13.534194088688485,15.440259372394502,12.426972633826658,13.245114750562246,13.71074847355303,12.387785571167242,12.41270963450876,13.248568871572374,12.581341593600472,15.940918985200229,15.850016838638828,11.460356323152123,15.303793722089212,13.987080160421757,14.999348984315676,14.080127649329567,13.536229331765881,13.599738856905306,14.034159261082932,14.872612007716215,12.841913951128571,14.53678147051101,14.567303583615107,14.83263183335084,14.46726076630697,12.717178214447662,12.068752952639349,11.691446376463361,14.526445425619238,13.71122781352326,12.222983879567488,15.017826783443144,14.303550771885003,10.946358202665134,14.500177265289025,13.19199039621616,14.702231359645697,13.321221950644432,14.177837065107749,13.985504782291592,11.824421138108725,14.352670713668394,12.017373953603398,13.992438984215518,13.36168433540014,13.021275869017533,13.915483963243776,13.46965781128747,15.569840944487169,13.075766746800873,13.212246102279742,13.574230057322724,13.04477870374808,10.696493303590996,13.049835709899922,15.019673098716126,14.506246870271344,13.775689456759258,11.833321554501444,12.9954553474781,12.194773916559077,11.722665775936665,15.066637570636123,12.640612028887988,14.381128544713842,14.755033473626034,12.630655707664848,13.31073720678427,14.738447062747825,11.382710603442376,13.89856671295509,15.335883561396239,12.748098540105211,13.032369048349175,12.668453037797777,13.579164257598665,15.06335312426433,14.909563505634884,14.980442104419893,14.717424397630202,12.178086552296426,12.790821020741964,14.677646307388706,10.940282224868078,13.323191099108326,13.656781307360214,14.347272391248227,13.497447309612216,11.825049148411848,13.476419851257852,12.998515504234177,15.726935122322113,10.815741889535612,12.741145547268248,14.100641910662134,15.301730452909661,12.268773826469218,12.7773009635514,11.874487603658844,12.264357829195092,15.271354444162252,12.83777155332238,8.504041632164334,14.510282518304866,13.516613477211633,10.307060629685104,12.756867152385466,14.03466987007635,11.5542835446005,12.981860553516208,13.34874456720899,13.49860713918766,13.205088591512924,12.552832940614737,13.231802668219029,14.209144562388827,14.142102912331879,14.534944295802243,13.652395472726536,15.047784525193663,12.094476334792818,12.381407540301408,13.141263340465573,12.748667711712578,13.50235215952882
13.901142957615496,13.947300368693709,13.109608404076038,11.254348203769494,13.67714408011216,11.85381304563456,15.976984358519639,13.286154722622063,10.673205698596815,13.66168064728363,15.223428263579105,12.739488411412093,12.836668167471673,12.449446524834407,12.846790151419627,12.881923406785488,13.37119891905393,13.547298304391338,11.334960764878732,15.169713240872012,11.64891228819438,15.814501389809966,13.581723795219567,10.439025003349172,16.388157640311885,15.040040322563646,11.046115995112531,16.08051093174339,13.18343042290701,12.457272140726317,11.435614425507302,14.304502373488827,12.818874781119067,14.928685998535654,12.012033547014372,11.158998868564437,13.899652678026856,12.099242234112717,13.412235699853055,11.860086683595638,12.931733797311361,13.589357161509284,11.137166418626824,15.082203270608284,14.048323341878456,13.37052697273894,13.493499698723477,15.800149166421484,14.496500315553543,15.807624699413518,12.357081936237117,12.159001212650397,13.08779757874398,13.650379951159932,11.736140516770519,15.674672239257173,13.332672385135943,12.378809813582244,13.644130014760565,14.193993566540168,11.864982030508067,11.219770936863853,12.29469572819855,13.343715300891116,10.516386692374697,14.32027538059123,14.606703895043514,11.02725411720565,12.160835334959664,16.163065712229375,13.041182744276684,14.940063065058117,10.908037308158377,11.418519342799275,15.119765135112205,13.70839100644033,15.396217790999614,12.411083158214995,13.25894568307558,13.73364046291337,12.377142405757422,12.429838643929632,13.283478522045158,12.65482514831711,15.920101106062933,15.95292473356966,11.532875623999008,15.278646140965625,13.911767778323364,14.937145025520682,14.013793991772712,13.587900860660557,13.539180654640406,13.940018483516356,14.746996378304205,12.979272915097017,14.46718738668856,14.475614331736967,14.957369978685476,14.479662906542309,12.789132526137173,12.13671073818992,11.71585122695556,14.589954567915699,13.737319985728593,12.131223739359166,15.018288095789629,14.402502752422624,11.158624175823096,14.573218252439064,13.374194692212438,14.64760796241779,13.428896806470703,14.128067303779048,13.937005405559832,11.673035997583957,14.324563688312413,11.946171116435291,13.802902972418392,13.437555462459231,13.011159225030017,13.938020174983944,13.41326386034947,15.529319875549742,13.149732946770849,13.283839137762111,13.637034573108709,13.001973738006756,10.561488698987798,13.033188881144694,14.978944389966298,14.49752842736779,13.728439067554191,11.85638376974361,13.039527125947311,12.210138877477263,11.756520894941454,15.104571822325008,12.741980637738278,14.437735486561827,14.65517578121751,12.727565186760478,13.445804378636156,14.709927305328252,11.39426676359283,13.955581247221826,15.275023023329219,12.876237593833062,13.039469110105745,12.733026487204318,13.624322182780807,14.904075506256822,14.966971618348122,15.020234817361283,14.736105171516929,12.209534933014975,12.894504755116165,14.721879706476201,11.013477765002593,13.265445697570081,13.814519456229988,14.184989691615634,13.44526325146948,11.937720094040376,13.426675518024624,12.974027221657265,15.958582279544,10.823821407772733,12.682082677743491,14.12921330702623,15.309412321756872,12.282407157937106,12.71370034417638,11.868864666365848,12.36216872998759,15.325518503303625,12.935761453538369,8.541727421558491,14.62274930678878,13.489172388731063,10.496807848472214,12.738725173280217,13.93938139251284,11.579519515962634,12.999768031546372,13.29518913390548,13.554047325392851,13.07042391664835,12.503015487044228,13.19446962062547,14.431365131228759,14.13048097767947,14.53858888031641,13.508109007224933,15.177573281016894,12.109769387723992,12.464324947243263,13.139285516594395,12.804754412763378,13.521054036336633
14.018658648388374,13.98303487757096,13.157652515462239,11.254878878714585,13.683746673784752,11.805292547216515,15.984191665672403,13.332999125350042,10.769064686656964,13.682676140170784,15.158776763205365,12.646232360925252,12.789767506553742,12.427852359839246,12.718839146664065,12.874036798410694,13.483828422992032,13.617620862146504,11.246308270634472,15.25633010151719,11.617393355234663,15.840486020416199,13.65819350344369,10.373367188754832,16.43315089708961,14.973703011526837,11.104178364164605,16.075002387515163,13.139255527364949,12.584604271764627,11.57515801914653,14.298277518842,12.795685467982238,14.912033744314888,11.907131848120937,11.213225075676377,14.02841415837228,12.136590026871596,13.583138169164554,11.866514090034011,12.843872453167581,13.507874983031465,11.111580867176233,15.080088986696731,14.10930289697277,13.46296818039323,13.585188632171098,15.758164408948959,14.313506119013597,15.814211088731057,12.337367431064516,12.185215458434747,13.175342385429989,13.76527651318977,11.749146944252308,15.616777759202936,13.412201553079836,12.304769830721165,13.703127359768787,14.286169293466653,11.852685179549892,11.326198527264815,12.297748148446354,13.388052766255205,10.573377749879842,14.380372249537203,14.55734706001269,11.182486203929953,12.171449918712398,16.103351615162115,13.017492372117855,14.855154983769527,10.963900743036135,11.312861000395545,15.180699330604801,13.745270619159403,15.398604439778266,12.45150960917027,13.241008429600061,13.790062709132032,12.521814026047528,12.545834853405106,13.279186719535307,12.622022586956907,15.779971397426023,16.091684146452902,11.698033540435373,15.373690840270678,13.933097625480416,14.880774239285913,14.038262159654632,13.621923279500878,13.481805971056728,14.043416718753726,14.709982007976574,12.932098747389452,14.464891728907107,14.482142379483513,14.888088417664356,14.474911801657253,12.64819825728599,12.357679126391021,11.635192206746945,14.710702065205076,13.808671835977563,12.238456363157889,14.899863972788777,14.380071399552415,11.193923297594218,14.627087133806965,13.429462912406102,14.571560552580443,13.322821829422178,14.204692387682702,13.894870716953815,11.732935095466198,14.364113686918445,11.955936050492628,13.789039027430837,13.543704297347274,13.056218116725976,13.872496190205638,13.404565547338148,15.538282284064893,13.038778135817942,13.318589788886008,13.766760100578562,12.979559520752177,10.646125284012847,13.09417880391016,14.813450385615461,14.50180468044223,13.718754821961907,11.917707189302526,13.0131200595264,12.272058147639157,11.779062305286256,15.058872913833,12.655432168643454,14.404581903658228,14.582908730063403,12.702393747738183,13.47582578927049,14.698416577498442,11.473539630221602,14.010791073548654,15.1894142045731,12.937777562609773,13.207255179816412,12.794637975166117,13.751250675395754,14.781439898068642,15.117872242115832,14.999078936125274,14.745708727658108,12.010155983082662,12.899878998041176,14.798490540970958,10.851008378963698,13.231129060362045,13.826460455702701,14.033458149864176,13.423324353797106,11.99167760762885,13.330512567752457,13.086626411182715,15.962003769790046,10.743654227852003,12.733569494727595,14.19167188772348,15.390591763932807,12.241683421185126,12.906949839303469,11.953979485037607,12.393652979528722,15.388512975659369,12.9298858575563,8.46394575984375,14.694342112033116,13.467256651161996,10.248741727499597,12.822520912276186,13.88758375456386,11.68806837356737,13.157546090993762,13.279863986181551,13.539111591072908,13.011219710354945,12.689356931940171,13.195633232877537,14.484407470632695,14.239791648820702,14.627359633086837,13.56090665426687,15.222796481372544,12.072359665699858,12.453821903890095,13.334476112329844,12.797209342868209,13.508987558651057
14.04958181430008,14.023653407594498,13.198900262174291,11.300210425320179,13.695073736908066,11.690179828069445,15.955115047070416,13.207956214818942,10.832598707113954,13.619842865148227,15.184523005532181,12.631476277862244,12.604464922351957,12.54556908156164,12.617300107122192,12.98077122172255,13.408978262307057,13.612837596660059,11.05801490748532,15.311537396724264,11.609841750135114,15.895124733765037,13.767660230081566,10.371399284247728,16.427320197257792,14.921070383724116,11.08957752834574,16.03188182945971,13.193578998298593,12.720453260091176,11.520171978475068,14.321178889953245,12.913751236099696,14.950496245227562,11.983002350779604,11.252541885578637,14.038840485124265,12.221858227674288,13.455343938252629,11.85271714899077,12.913425229433955,13.606124383120433,11.130116577826591,15.05203491297742,14.103562247858077,13.535584532931958,13.616773867150743,15.75448524146974,14.314815981761893,15.864105342433653,12.28903861139685,12.150828475734556,13.192590696600728,13.905014413996936,11.688357149011114,15.621672109581276,13.537297305934896,12.326757702951976,13.79788024407578,14.42646722977955,11.940759503766705,11.433371488892474,12.240716437684611,13.347693833577006,10.453976311454717,14.286490775654554,14.478861065832838,11.250368407381808,12.190467378367885,16.066197251751092,13.052877026367907,14.802129656340187,11.032867192101804,11.271229266222111,15.286736644456285,13.75256055469486,15.359134188686577,12.38023513026625,13.175647207110798,13.692799479673914,12.514057052873063,12.559371371353484,13.303942915140563,12.439607966520517,15.936980007426188,16.177909975555714,11.615173604366449,15.372469618573138,13.920438223678346,14.75098577024083,14.118258257689607,13.679853619986694,13.440751962903875,14.119677951586503,14.607372285342949,12.918551805271568,14.448706808326891,14.443352703344644,14.772166818046637,14.555252825451674,12.59341536472464,12.197601408249554,11.748345024525452,14.610354406288478,13.806340822279164,12.210201727887608,14.885533788143887,14.21312858806491,11.224534299144418,14.603913829769487,13.383772581908715,14.685536291341046,13.272605135838827,14.269992547071654,13.98838624988665,11.717209776824799,14.398298194844536,12.100459580493025,13.877281117894473,13.563984075151607,13.004646927023353,13.720964466963158,13.482982163839747,15.603723965211387,13.05436293698287,13.426484129273948,13.820496819080175,13.052802626268074,10.751495438516008,13.08142677142625,14.822663539726063,14.637152849950368,13.781552441923745,11.853991899015888,13.06137488159797,12.336322668607929,11.654118213892177,15.12663954573565,12.722399488502356,14.443057983850673,14.716334460269836,12.65128088428449,13.593937002724909,14.824191852708719,11.554360289424894,14.003917132537733,15.263626454657453,12.991681772464071,13.226838901981118,12.726812686435677,13.764314367120262,14.729256337078434,15.237438194003438,15.019028336850848,14.677251903118407,11.952842767134364,12.927996467817625,14.8062489333185,10.866589597029078,13.230739777960395,13.783315484615501,14.206416809597187,13.428092069362085,12.106540039617755,13.370815940788795,13.057751191802035,16.027696023659335,10.849013042981973,12.747863307331203,14.184075479307031,15.50591600133083,12.02226547605988,12.965896090430688,11.974735168031803,12.286794878126287,15.33179644504674,12.929717254146144,8.452447402787547,14.844559970672723,13.553422360086588,10.242688188013318,12.807212444767048,13.960874980243274,11.589874619331768,13.10218914116013,13.213606070922491,13.631489598438218,12.993055352002312,12.866841452430736,13.29570449761025,14.452130802829723,14.241592834858807,14.683381711096102,13.521728097394114,15.082468579281777,12.038696936842292,12.399060734675729,13.306580575346441,12.864458848435012,13.406583420650287
13.98674026598599,14.026725289355943,13.383129434676304,11.444240980750235,13.582917827015569,11.61160636941934,16.109540659775487,13.351342886368041,10.715095370718723,13.612631628633244,15.166750533787669,12.735894812643242,12.63166994456642,12.593107562642956,12.792168053764868,13.134188018495543,13.517813348175395,13.707566689575145,11.028944110136168,15.380729979533994,11.430123589361168,15.896102797682113,13.890238981350151,10.507710270863294,16.446274222461263,14.765926426810838,10.998456388072542,16.045622459275123,13.29417698794056,12.557803983458362,11.441601479952,14.385506588872921,12.96857726293174,14.893597851106994,11.910214913565135,11.153199513448273,14.115461956568414,12.224229309375048,13.357113370163212,11.824195445505065,12.946279703646061,13.605820395121215,11.092171737712844,14.985608511397286,14.256338577238715,13.519144999082158,13.592007499205826,15.671599332162904,14.21828828179405,15.895865738457601,12.424904318635487,12.183335510965886,13.103367893711741,14.009556724609423,11.744566309431383,15.571398073734246,13.689413039533394,12.311011468497755,13.766154643528283,14.46972595060164,11.847832558626893,11.317408090472677,12.349230131948644,13.473893450651659,10.458697745634504,14.264661635677106,14.372442599902971,11.069419050526166,12.046987043496438,16.1080294214407,13.127063821512165,14.909419285771223,11.065249443046797,11.309200321135057,15.470286955934286,13.782683244997706,15.394441304687176,12.226264033594937,13.221600411704772,13.789757595863168,12.568078780149797,12.575971809399421,13.254578713673387,12.465764029930472,15.93807466451568,16.25719391012805,11.564348279524722,15.373776884091543,13.877773359494991,14.685350184312863,14.134703076253315,13.853028161254247,13.353407341295497,14.06097441457012,14.667382301111564,13.039157931042883,14.418298775596917,14.468386620197878,14.871918040774931,14.692564150501696,12.62231174574113,12.281629342952606,11.830938755417224,14.74156197117801,13.784375727198283,12.20319850046406,14.998428849969056,14.197757088906759,11.280934934783183,14.560814839711556,13.361556527555651,14.680417018429315,13.276149844790353,14.361876602300162,13.873274278265066,11.56455264720402,14.487955277540866,12.029250276407842,13.904227068116523,13.578541182355803,13.003069258749873,13.752505663396336,13.498720400163075,15.464988697062743,13.140745444137377,13.498465663830922,13.731574092157949,13.054518157084164,10.744144915999032,13.138068387609769,14.775161839201095,14.657553097198358,13.898593450990868,11.784550214636724,13.124547218322332,12.300403298107467,11.747141670979849,15.315398576132058,12.695429959774238,14.378077340378391,14.736951155742643,12.67057800254171,13.498335436853603,14.756382901783757,11.67759641534157,13.938436752617887,15.162222781003296,12.967330475835867,13.238160370298363,12.713722303840337,13.90884844136446,14.850932262448811,15.282790086498368,15.040058824740582,14.597848356452472,11.91025020842838,12.92350705157775,14.859640526830587,10.792325928316696,13.25666318324059,13.798740890306897,14.357674376775268,13.494899956178005,12.194866720155881,13.405578931027616,13.148375207597624,16.08349505940753,10.772193501653394,12.72654943822653,14.236056052811797,15.430986261072217,12.058447465386918,12.896922665270289,11.954530148118167,12.309969763152225,15.462735178240774,12.981902984843547,8.500449441517723,14.925996205225971,13.6265028782703,10.173398735305382,12.881931238610067,13.971298496001927,11.510458725496715,13.039173002138917,13.327302154575698,13.671614209044803,13.086760128301458,12.912446408465456,13.398119597606067,14.478459508752323,14.178552050930081,14.667663155470438,13.511700305422984,15.193665794326277,12.019127427030979,12.374438725883783,13.199080508522439,12.844044196370332,13.474704826972477
14.001977825246497,13.994604649456384,13.39474642121021,11.520444986623875,13.67811583225037,11.571324302548605,16.210753071225895,13.388571595584306,10.842431990562172,13.60751168344599,15.009184293353776,12.724105237500531,12.66149582984637,12.803762621119262,12.878792144232316,13.20868613600748,13.616938848000416,13.813104911299037,11.15445401933917,15.509105897822755,11.490004482784132,15.824006908027942,13.725297647485753,10.594727498677633,16.387462861025814,14.866644875680725,11.04977851820221,16.15985614932565,13.22131277369894,12.420895488066352,11.461511565359181,14.376288491469648,13.1106233481798,14.924750572599947,11.900942892434347,11.132897014875917,14.16745904203405,12.259166481805392,13.205049781991862,11.860536140671334,12.958798141461578,13.610483021962565,11.082485718922934,14.858193294030977,14.10275156827911,13.384789720843512,13.63907242329803,15.656718836459005,14.143673674157219,15.920315517116068,12.472400824736965,12.115321555463312,13.117324361514777,13.97584234966028,11.777575349828957,15.682182559255779,13.642681087510253,12.281655396386768,13.691820673712957,14.435664045092755,11.808141488857059,11.393748346712265,12.285178865504946,13.482007788154972,10.580495322082285,14.259110568815522,14.362480290557626,11.094374001139656,12.107751843121331,16.185763259780682,13.220127945337193,14.930298577988037,11.136472164361814,11.262361240717652,15.366696976995929,13.773445235412554,15.402893929111316,12.312890521845647,13.190796185576948,13.81089192686211,12.436109420167965,12.640357384476879,13.261538520557576,12.402122763942431,15.848117449982777,16.23536531358127,11.551503851021073,15.257831156154621,13.936524616829287,14.827052954442026,14.180400528753232,13.887729249862305,13.295582143316533,14.147629752269088,14.66011622826961,13.226150269683755,14.393516307743509,14.532918690207914,14.674882219608362,14.702585660870252,12.65023682943531,12.318346946144283,11.8371914883751,14.733151743152936,13.871553349129533,12.125512643091868,15.11203104232174,14.351488912441658,11.216023824746772,14.591361779082167,13.387164339670917,14.730275053485926,13.352951490962262,14.466102383613977,13.622677233347126,11.543976745083224,14.472349767436826,12.073294588756806,13.94799630514883,13.63139333408082,13.006388138228866,13.795370652861097,13.540498710101172,15.458232091866513,13.091992403218654,13.518635479360032,13.672128493151497,13.07981876033547,10.822239298677845,13.145051530636625,14.678807977008848,14.748410280643974,13.935779184755193,11.711762599120703,13.123834664335687,12.304588376123485,11.796772971743284,15.431132153659998,12.850232764069048,14.370919428611264,14.6857873842488,12.550555834727358,13.460933092236527,14.674609521872819,11.668314627171016,13.873024485940418,15.064322308596836,12.92629576355126,13.153544941271571,12.754358752358849,14.015453646719722,14.938110448523728,15.366836650594836,15.076740285117577,14.501797153765395,11.875804665533659,12.981122468567984,14.99755747295129,10.757709193043773,13.1724459071063,13.80641280223305,14.320472436509267,13.421159128919998,12.123707628595831,13.465666753557759,13.221024317065357,16.212970980556612,10.775198635769572,12.744018212072266,14.374129581824004,15.3951411151058,11.951066264451894,12.75973974068184,11.881636793955535,12.37299608465318,15.384232306966233,12.956847493113136,8.519730063627117,14.77718575273311,13.658603537789457,10.168503013186474,13.001171166917775,14.027578891914068,11.36400126068615,13.128536738383199,13.326997961125517,13.51646318857307,13.158941468223135,12.92568716293705,13.46267849201779,14.607959543062915,14.2926299743554,14.647298032046244,13.510649450555697,15.178489453849686,11.98338162273713,12.255803885808158,13.231029378758535,12.691910071329723,13.456795764018338
14.15408359557837,13.932943520755252,13.42394723155369,11.524918645861748,13.525290644502869,11.588529812989288,16.070885742649082,13.385362716474342,10.870627326295836,13.438931891799916,14.978697513082698,12.869061102397373,12.587193241080662,12.838936550094264,12.991285400169513,13.290203105811448,13.58244008071474,13.880987189043404,11.137405563938565,15.52744209700733,11.455106900908115,15.86615631453435,13.757775247091264,10.541355491833952,16.255425733637363,14.676745954942414,11.051441313948441,16.14929325522918,13.092885572284079,12.535606938718107,11.545487112907848,14.281764890683574,13.17375043973769,14.964133789860892,11.798486989423374,11.265478373905802,14.218422780255393,12.246695974722119,13.18097543873167,11.699518402210083,12.851248725172326,13.749080722712202,11.24574423802828,14.758710707504452,14.048249764512132,13.387745744042371,13.693913918096303,15.660903374668049,14.160353685321144,15.914921560680844,12.442542972153678,12.01118718352779,13.07026665240384,13.933571773640022,11.68129114906862,15.739682606234748,13.595953447900733,12.314358811357907,13.659873821523444,14.509348783259096,11.789390812371357,11.377202296037192,12.468599716280684,13.508629743808065,10.6474668903914,14.4611244381332,14.466575508259355,10.991073156718253,12.109617715328982,16.207715460920404,13.138021684478181,14.875268332954382,11.120752347803808,11.226121841131857,15.383195061127637,13.771891911862838,15.336913644440877,12.440877709375414,13.294061315160741,13.812037047801605,12.564284128217613,12.740928234577233,13.338409205245656,12.533960268844229,15.821781592547802,16.205367367790142,11.465745192534927,15.210245226483728,13.871403259346467,15.002785472279271,14.170528040314009,13.826485246347172,13.275641942802881,14.190879624674212,14.713530709498865,13.212012444410028,14.408017906482325,14.442477201025975,14.552717362085877,14.649331559389903,12.691993796302565,12.392252440114842,11.798221835323762,14.675516172895843,13.851472543453808,12.100443920519165,15.10322326158135,14.315471635127814,11.075937086943695,14.626371094672516,13.432045674774328,14.733032122487883,13.358586042249161,14.548958016936187,13.642403323707345,11.602038198948259,14.488826618352505,12.08824331267145,13.889731119267177,13.706661597400277,12.906925888717192,13.781276161942484,13.494326015176625,15.485426124846526,12.985871236435496,13.57075703349477,13.67079257112615,13.198085322064195,10.696170650476127,13.088510328620933,14.733406502452105,14.68493389431117,13.974702467197393,11.834366864337653,13.115393072106178,12.272399658715623,11.77084704968085,15.409186451505613,12.913828443373971,14.261725193757405,14.858054011400668,12.660611403749991,13.547649975637096,14.73549249294838,11.708697013318181,13.927898951763936,15.213638967638135,12.995673872227485,13.095211342459274,12.802358373263983,13.927972306375773,15.092379969487743,15.239199183228136,15.036536484555464,14.519446758592622,11.77560733468747,12.944922244157484,15.079936352659423,10.888288650519518,13.209740493419199,13.800617815288026,14.373650909201558,13.453701336762633,12.233223149219263,13.356568876887946,13.175472750682577,16.25936149877934,10.725668624020344,12.717467124207374,14.39873780937462,15.494969016903283,11.92535095246909,12.861994244257389,11.82717259239429,12.20116211110681,15.383507718383894,12.959776016750714,8.464596275994392,14.61997455975306,13.58947348081166,10.084276612818616,12.870007874396734,13.918367851121484,11.45924131289085,13.223080470049252,13.296795142036897,13.6070065472302,13.2541558177015,12.867823750621133,13.446821438015444,14.490875117004618,14.161536662403176,14.595182852996096,13.442241959186793,15.135141664671776,12.020057862514571,12.219012489980932,13.258247061386566,12.799662702270147,13.485118518651447
14.118232940508387,13.925154159118545,13.566966945081546,11.583405970370316,13.563183188174742,11.612370254692774,16.052243021677036,13.397016136718515,10.854484782834579,13.488966884985443,14.92097748615704,12.74555943533647,12.67301353479986,12.898041112286439,13.116836188548973,13.227814882580363,13.762117484926256,13.830962819442416,11.11816271484813,15.617005276595009,11.410849044673636,15.97380994319157,13.691260145888776,10.545885057917676,16.170329535400754,14.736499409449118,11.10445990300391,16.16157176207443,13.068486775602798,12.619279236605019,11.553146998757148,14.225239651829572,13.21552186218943,15.031683356202832,11.832478697132917,11.284311828357927,14.237969207364552,12.223973986535722,13.211617763378776,11.59679171946554,12.789927930193835,13.772761065010219,11.262361965544365,14.812668911453668,14.13673854463575,13.51763362525756,13.661755564279932,15.610759151780574,14.102455406461152,15.88118564574062,12.461964439900276,11.989269394908865,13.088885536127938,13.904108226079396,11.654846234982317,15.802188475309917,13.646483435001622,12.320338059093933,13.684307005599905,14.489308280461715,11.992186459131377,11.441991535510553,12.329173486735664,13.641329527349884,10.680901820032004,14.500279145218952,14.467287385739775,10.906411981163673,12.066716669156635,16.33112536509973,13.175116876410152,14.780588729727622,10.932274161982088,11.263689721484223,15.514145845504554,13.76678219021061,15.305398885655805,12.494527399633691,13.29741157999832,13.893943642399133,12.631497576341793,12.734454868373247,13.43991644948148,12.494913342432437,15.972181003807908,16.21324585772332,11.423449345336065,15.15855260533867,13.597562601089741,15.020787209896586,14.138235287076908,13.777182191937717,13.429128423752495,14.341301936754098,14.709772569407297,13.298893897527895,14.248093096936417,14.508974623617611,14.696481343365665,14.654272075832296,12.723619481424072,12.553455976504853,11.985381191427962,14.63376965960175,13.877464139504228,12.157204114576327,15.11794579149803,14.384252600413157,10.984139084703546,14.684868997656881,13.46662310612564,14.737337452885576,13.469030659180776,14.545229050720573,13.623185689143206,11.470355096482072,14.419281745186247,12.120916031819919,13.95789618681243,13.607316547952308,12.931639573128273,13.900604188159722,13.518988948976734,15.472511045412627,13.066617700961798,13.481795509126462,13.702867356493721,13.272532685110539,10.786426444611976,13.252883718100259,14.743258969859296,14.8044226757603,13.953799808414685,11.829915941770526,13.132731473583,12.369729536552823,11.82221664697551,15.349844146016743,12.948827501486395,14.346968234994115,14.935665898100716,12.730749073415453,13.597763634643968,14.633256328881794,11.612325409098757,13.88362363470958,15.168100201122607,13.023951570982508,12.965513013434416,12.794904120787931,13.953181771116457,15.08307019458409,15.157406556686514,14.908185640276791,14.52436061644761,11.737353070942753,13.071304264088752,15.064130950417624,10.707215343196093,13.22748670507954,13.777803400727185,14.337004314749205,13.52665621804118,12.278815352310037,13.366395925982294,13.230770361141035,16.299955562108806,10.566692493296156,12.665829784636015,14.464143718462092,15.357438834462025,11.93530464181839,12.715218387545171,11.985403142522804,12.197355281729935,15.50045084755328,12.901067491358544,8.373965190870512,14.569953441589291,13.521529154386148,10.051591682828757,12.806885296580768,13.908809270324689,11.37415955370562,13.20591423249858,13.498160399704155,13.53501015004468,13.361014883173173,12.92493722957653,13.433271015904126,14.474908074930093,14.068016041964519,14.68224747714293,13.549528067591943,15.073876647244829,12.089493850574742,12.252399610359856,13.241655318575095,12.823316292342993,13.417538412646863
14.191480429540153,13.996804225570742,13.351188332058264,11.531056594235103,13.635903678956083,11.53162072368986,16.144951297107372,13.46342197050314,10.976919812195744,13.471885895775932,15.019343656302095,12.618885197689611,12.735432793839035,12.855466627378988,13.121926213464175,13.188212361567748,13.60049675404723,13.991168490420206,10.986769820786439,15.72080163042409,11.356081519542885,16.036985812038694,13.655533620972324,10.721925233652312,16.12207316741497,14.719243264545543,11.159053474622349,16.199959785795375,13.182076844922381,12.624255648078984,11.516090678699843,14.243437197569039,13.218883486793521,15.023598053029529,11.84182971170109,11.336940403527748,14.22892551868733,12.186325037334495,13.22572019560101,11.651018720280605,12.762882316270458,13.757571983933026,11.423521211740018,14.83313296373213,14.184895087133429,13.586601673346232,13.630436889757474,15.704450142792243,14.063540301908509,15.978229087522292,12.440394874014048,11.853099893660426,13.083118236142827,13.99458406415235,11.620668158898319,15.794148367522528,13.636032874034555,12.354803773824331,13.727709852848548,14.56027721834952,11.997071733273403,11.342756672465969,12.234068681873483,13.636900907915894,10.745058986683622,14.378783661089296,14.568934441826945,10.680455740660916,11.98877195086202,16.261360675741873,13.09144459746007,14.840680179848272,10.995502682754855,11.269523597902067,15.469690195852797,13.815688643498003,15.300332174184767,12.35371570721337,13.379676947953921,13.958802782971482,12.78466970219104,12.850167248678913,13.434288799839324,12.43732415882373,15.946929674823386,16.29537856165161,11.377540188444284,15.116070493716244,13.649561663447548,14.963839242253647,14.074460678088059,13.64712982273828,13.358728922701752,14.293846838031993,14.758813908420656,13.227570280461915,14.366862423259237,14.67911872955064,14.672909872208841,14.547159188393229,12.868101181673065,12.678987757103119,11.92698793298545,14.574120322717304,13.89777635175703,12.101617639026841,14.986478834182785,14.506746195379382,11.000990319006064,14.77262391312558,13.615127986538347,14.719398648360858,13.434301558420875,14.534619259270574,13.540784316050573,11.570774460350975,14.36280487762738,12.057338370237217,14.136064057591847,13.63609907515176,12.988035158701392,13.870091757866323,13.5610015031815,15.546634605140056,13.059573379828436,13.502876802996242,13.666749654000508,13.190830360026414,10.82328695101645,13.231237950525907,14.678287986689039,14.811923868745916,13.833542035393425,11.756215471882333,13.20839523991753,12.377230301173649,11.897355427848323,15.224967215878975,12.960736006539133,14.20740617994178,14.930447046394594,12.63510021023247,13.468387759828557,14.523555970829234,11.54325240753709,13.819336390674527,15.16211517706611,13.027239432788717,12.88071302926096,12.735811173332793,14.043382415192383,15.056640524153881,15.062084866683783,15.02534712938846,14.511396774990441,11.771863084097026,13.039531566902914,15.014991643418464,10.655287396401032,13.234114239890186,13.774014451415985,14.36293065768099,13.540715948822557,12.32224149521587,13.456167062718245,13.26137602305183,16.326759636904892,10.351290292084496,12.65130861963327,14.71528901447108,15.43802404334443,11.998455000876664,12.730857264384056,12.010716975775875,12.127014046094589,15.367641559033325,12.955184923272625,8.409039104628528,14.485898631773123,13.594596958146555,10.079988464989663,12.819001300970339,13.912755847407164,11.489034039860648,13.308692412647378,13.583892775603854,13.502706769131953,13.490369729640644,12.921959739247605,13.476340461902454,14.3766959451311,14.019070057010385,14.731548276659154,13.58246002107221,15.064635635038151,12.09727357380593,12.258914747597917,13.106391412674997,12.89457960686866,13.435789483618738
14.292001547439023,13.870222308016501,13.239827761141939,11.580995570099837,13.760088999385392,11.582893209938222,16.162856082219392,13.518006147020067,11.02301417051677,13.349212745126364,15.059194553537917,12.758596259647192,12.764154691982338,12.76558574768037,13.135923648227301,13.24660824626524,13.812149507039603,13.910344972556842,10.921477928764647,15.560417154103762,11.532886178483423,16.255497788110578,13.941660129936347,10.839481774628672,16.19242163764065,14.772193721225566,11.229134359821588,16.30589909102775,13.314460235625075,12.691902295188896,11.720095180822527,14.4032147252417,13.071660172153102,15.040630260874588,11.88705942974255,11.38950474873121,14.300237956493655,12.249603250497179,13.259106959335377,11.514774662449293,12.817392885443219,13.869342709976122,11.474212574074125,14.973668531082975,14.203572007014778,13.566428935949563,13.741507878810479,15.545240278534013,14.11350216912519,15.932637498469468,12.490438143686402,11.934987709598717,13.091216511079326,14.012413239268628,11.636394487506426,15.760983511846486,13.688873841724934,12.547865595204323,13.799702615411999,14.497572807116208,11.939535269980068,11.479900515548088,12.212803600599567,13.603952075347449,10.61962101415302,14.377445183596713,14.555062315195936,10.721476974376461,12.023812169499635,16.347157603697823,13.015646309132793,14.809039902761967,10.957793033789232,11.246686900383333,15.554036627271312,13.92041458248965,15.375616707965776,12.333205204666537,13.362673338836775,14.003486196120107,12.74673720459588,12.99942873037486,13.450995851727523,12.45036311982607,15.879914173217914,16.32485893545893,11.328849344462812,15.184656743020902,13.715374865664172,14.858611356130528,13.958347945284553,13.580010553294509,13.358286588207084,14.34780798088531,14.843967205400688,13.073717542951137,14.295536721726583,14.7824657193529,14.508360041308359,14.479586013268419,12.810599095731442,12.627501359668079,11.884824255912973,14.670772669186915,13.811869665241987,12.190959698839466,14.940799051348602,14.584873522560576,11.007944484551366,14.760390357726545,13.716546987126993,14.601088637041283,13.404393647903316,14.539649514909147,13.494938149128261,11.533366758908297,14.393063612714322,11.977830962344592,14.090253299611522,13.615636036712475,12.975419432581477,13.889006178608499,13.617129391564719,15.62932110100904,13.146853438789055,13.639764977127447,13.665775876715113,13.210460672160545,10.743293006046066,13.218462171433313,14.566013919220124,14.775047633101345,13.886801443222316,11.781695296012288,13.16965602557615,12.445215402167552,11.984193356868479,15.315769829913213,13.059014418121366,14.113328898137267,14.903149156589087,12.666671494108332,13.452413962110192,14.488848528970454,11.581110738774045,13.904815484951497,15.166527854024457,13.062880462692767,12.892158453044582,12.685518891263108,14.19481506582477,15.098778907249692,15.041185443105686,14.914224640824427,14.545813486152941,11.784662396493694,12.970383095397047,15.057740663071996,10.712828239027855,13.318769504244475,13.705147775706491,14.364280593315979,13.45393814863694,12.288897502243993,13.538594019425306,13.30293647422919,16.27273275132426,10.358939155314305,12.618086974647401,14.803671332445592,15.530886783915115,11.970296879005609,12.71814748212514,11.987221696614423,12.063367268398387,15.346782570446715,12.820303539169716,8.468693169430987,14.704489635513815,13.446977719950203,10.042950753149025,12.84170270124383,13.9329868017982,11.500294652867643,13.347566072965108,13.55697844098188,13.56509194964416,13.446536600475708,13.056557501807003,13.4815207636522,14.374705158195656,13.942437872279369,14.857700679068705,13.676814283328541,15.204088542852045,12.054916770935705,12.207277832260422,13.228757304696689,12.981769036984485,13.504987391910218
14.230234027638433,13.894616137677719,13.088430689361173,11.590081824350284,13.824727828823244,11.439526846658682,16.23574533486872,13.537121183937352,10.955235782673917,13.395403130582286,15.200443806973317,12.81438042225223,12.690139465809418,12.694418660643455,13.1603022743379,13.274912553884251,13.891515973769552,13.873253855673111,11.062717431534004,15.56442986432004,11.46775368668776,16.070762753297018,13.988742609562802,10.966355321363006,16.296274391070675,14.813488174887267,11.268534098998673,16.352270635051784,13.460976989572352,12.68965597728589,11.647181781575448,14.379851484436841,13.04400840625456,15.14796042055367,11.895759384508287,11.457389134858758,14.358977549039052,12.115810222267854,13.266517089643203,11.367815790824775,12.793785066645102,13.945263468201693,11.483890321141677,14.9012803744767,14.285048618744737,13.401970383590227,13.730742358040628,15.630205163744357,14.154788080754782,16.078448800718512,12.457197630020806,12.016350266207935,13.048864585730762,13.915030202226218,11.625553398542348,15.748652307166779,13.609997244749396,12.528604405069384,13.801844483129127,14.648420672847974,11.955492476453012,11.523203372330062,12.161311148790206,13.606248087312391,10.68926104638654,14.50388995162535,14.566536316024544,10.709940758702531,11.845857650986574,16.457213630573488,12.962302220276948,14.760144690226474,10.967760206483016,11.253509757630983,15.557617714040578,13.819391619986249,15.338467027237009,12.476757623911212,13.495209983260825,13.981246228700698,12.676137750719192,12.976186723522606,13.428901507665536,12.519045099681628,15.878134836788691,16.21518241388909,11.423188206267048,15.049298634212942,13.854605261813328,14.7807991336821,13.978198504703956,13.614550499903762,13.385204980951954,14.43678775698981,14.889820424494665,13.112056012921222,14.37272550883339,14.792177715426158,14.343042374604412,14.469248093209691,12.81228854273985,12.53493170942265,11.92613089506484,14.601269465843991,13.920719308719708,12.340458934816015,14.83422303645416,14.589833502125598,11.132537067037799,14.70914053043896,13.779898604436125,14.503136263706972,13.500607202074358,14.504011725479508,13.526154356578408,11.453312474776492,14.339151328619884,12.062424281434096,14.036118315812374,13.599654955612756,13.132252929095044,13.89931522627168,13.618575381343383,15.667652240462354,13.118971274169857,13.634029114259594,13.84117616759573,13.235609035146586,10.623225048093497,13.087449016332966,14.75193417528398,14.861849801041453,13.825833828062292,11.821835024799555,13.116382890882187,12.429581844278081,12.177650471400625,15.316484632600295,13.227719058519309,14.217520441201582,14.701131904161743,12.764017456677244,13.40204244601811,14.646139217780078,11.564220669645165,13.871367239538213,15.133826333170347,12.989466730732977,12.946199284787864,12.869476742901249,14.201721986403657,15.059706838790207,15.030326777619969,14.859125808319115,14.571702525072155,11.756451264977422,13.029818334129262,15.10834702588202,10.669925003675445,13.479581070465745,13.924447177687664,14.315244702913947,13.599564606097154,12.243208748603708,13.40604108438167,13.317498905382795,16.335423965019654,10.34458866742325,12.609680059657293,14.949487025296744,15.621364851208057,12.129216867055687,12.743078879595185,11.971735033574992,12.069309216682285,15.510866546856317,12.916479082854151,8.50021394205699,14.733079855498607,13.587191161448866,10.094195405694418,12.847536523381763,13.937202601514569,11.529306216134911,13.38350282017141,13.58638618454828,13.664913443352502,13.51786046072519,13.136761439968971,13.47648308053873,14.44851142332286,14.02484914802779,14.833447680093967,13.838382707234254,15.196942670573799,12.14931379389282,12.097522367713818,13.215724399343708,13.092972329040665,13.392641715917186
14.290850976594292,14.193601618653489,13.11902700449688,11.63286264880701,13.939510188265205,11.474257237795653,16.23346904796367,13.581099341860785,10.815354824157563,13.319547195615108,15.293295393361053,12.941787892018606,12.761500472608235,12.731599176152498,13.287031569720702,13.270587549650653,13.969503471574008,13.860307033084545,11.080325022650449,15.568507241186627,11.578144575872868,16.065160720926702,14.064128921566793,11.072113286100244,16.294830312831653,14.917998257224655,11.332587286081933,16.40527053717029,13.529745061785276,12.65326920889195,11.583432695873014,14.346301654705428,13.092569611102697,15.119160803102737,11.965679664690176,11.426830241830876,14.422799378522567,12.069650168182504,13.39550163708197,11.230242697265924,12.897215454334743,14.08420420724571,11.506342923895847,14.95643980761411,14.260509714341302,13.412391423962164,13.691863812146833,15.61954878568975,14.246801796471226,16.23553678469393,12.408772181026453,12.016810743410716,13.121002894889132,13.934237493884545,11.649648362625697,15.61638249648986,13.502317246209058,12.570932042673801,13.824254275704682,14.792046521029691,11.975024803436492,11.451025748702198,12.074155193360966,13.564862372540018,10.816366331835585,14.589481438325198,14.466147563666677,10.639477067064886,11.823118967785435,16.303969619209106,12.986061137805816,14.772427075061755,10.9551701644702,11.197586871015302,15.540396686983456,13.84013089839344,15.40334135214864,12.55803410143639,13.623772105632307,14.116249539722991,12.700057153949064,12.895821656617755,13.447251087040492,12.587751857283697,15.993193966007079,16.249610205616968,11.525274378849845,15.111102523882149,13.89670906751468,14.663933014098346,13.858927724690986,13.64577235330514,13.328920170743718,14.448186822073664,14.8410880150532,13.178587802689128,14.422585037104728,14.881568337605131,14.373943883295851,14.329568538380393,12.876106437176672,12.58412438914101,12.037627859890856,14.576302876746269,14.053321173944436,12.361007682825084,14.865861194068128,14.548766307913017,11.16684596269938,14.801870019183925,13.824009619163864,14.550939231714176,13.420266418747609,14.633561234845555,13.70455837974638,11.419651658860717,14.336516885234433,12.063440393310865,14.10215662300825,13.504742742573386,13.085126594464526,13.817182309633614,13.655047751913838,15.630637199625859,13.29457712879518,13.701246726989252,13.916767172977762,13.28220859423288,10.673358136605472,13.122023697910178,14.834319453168732,15.022320914187624,13.860608715225537,11.709021599197738,13.1551516267877,12.555726460894702,12.153385828119497,15.276161076473652,13.3045231922243,14.159454301352422,14.706656188683878,12.903275045940212,13.57505409501406,14.613251203968348,11.562394082754537,13.943142623316389,15.047327800603519,12.945689661748037,12.807496262126326,12.847985719064331,14.218182703456593,15.069299737737579,15.119979407428445,14.946719279539561,14.596018711031146,11.720951691568217,13.007999271062815,15.011304588204082,10.692855050562203,13.428270523553278,13.922756565447362,14.196323712716447,13.670574234459457,12.22324832281302,13.439491964350431,13.296034215369195,16.4169986636933,10.398305143772552,12.651379461818054,14.976354653305865,15.490618460522827,12.088333034617902,12.820696220663805,12.038485590483997,12.039032404251975,15.579856398693167,12.924376400256248,8.47923093012916,14.59151376160704,13.669710314467231,9.930467694167909,12.80989535017472,13.79272217024466,11.596040982766377,13.32139312323611,13.785001044953638,13.59219809303199,13.429506601852696,13.057315589503132,13.455288043845501,14.525965556310284,14.12267358588883,14.803925989089965,13.952857319831859,15.441390409755321,12.13823356715755,11.942668427340747,13.319219422568025,13.04181589785572,13.53365092111156
14.34366338880403,14.22723858348714,13.101923062273139,11.497246455839978,14.010577722994297,11.494827194775032,16.202099387708895,13.56852908440516,10.853506150970784,13.408964925014656,15.157644922785746,12.90412274274774,12.705633530715149,12.673440209162338,13.29550565311672,13.359490639853615,13.97378026422526,13.982346849271106,11.068781051367308,15.637356921061743,11.724601073871261,16.198955601299147,14.113508757070445,10.93576559556455,16.4156868208722,14.864223039113122,11.391213275049084,16.37668361234938,13.472041258036274,12.65413928951211,11.73427300800935,14.399416956559477,13.216937309421168,15.132096680661983,11.947182594619903,11.366541435488719,14.387217146875045,12.016125919913708,13.53824348147634,11.334085221677425,12.971748990072925,14.144894340587346,11.657656428374581,15.108985535128687,14.323155672585829,13.341032356944952,13.636656008264774,15.711398033026036,14.281980264219035,16.268187473462024,12.31238121900387,12.07087292549898,13.210380931618168,13.84807034814484,11.6279998231957,15.640538214524785,13.486569368870578,12.808266445320761,13.8346639728393,14.719134265538248,11.830465503350588,11.434496414602929,12.093040588480589,13.549004835407834,10.796759691170209,14.60018322666433,14.553004128090862,10.716186349015917,11.857874748971946,16.363386289798818,12.82142435469772,14.638367384423654,10.996668031457375,11.224060796285775,15.613665441086798,13.715964241533904,15.415252276852481,12.667732140409177,13.703558542213374,14.135129741116021,12.671493392677366,12.910146218696568,13.496382508053873,12.692901388069536,16.064190792618852,16.229731332722523,11.533333880007854,15.128869769773216,13.887797621454036,14.719722193358987,13.711118139626791,13.722550744320648,13.343868600713872,14.656265623785815,14.953911784284122,13.271711489333418,14.304863482207434,15.14354732517201,14.47139457739583,14.46761960340507,12.84859876818629,12.6050723808937,12.151124633521242,14.535253466584098,14.068930430997739,12.397495766343054,14.844044178122564,14.59645486395249,11.194320466682786,14.666893244856121,13.664286750461136,14.41981567494137,13.455695147624569,14.66061810097089,13.813397761990412,11.335719477700275,14.293989291909451,12.155115082947034,14.151827696373454,13.694403299107456,13.21224387987301,13.812734421204052,13.819946487826144,15.646493631371325,13.258817253529335,13.622333801790273,13.951552283453818,13.313981630840772,10.766420742403682,13.138595106758283,14.86309278476368,14.92078477874893,13.986189603162138,11.742467447851686,13.254542103516021,12.600855983657546,12.097742669136949,15.306229814961696,13.458994440554463,14.146616043533506,14.688654600720744,13.050528800021432,13.669533238667514,14.594085545355133,11.548532062328126,13.942103643451816,15.187582342884113,13.069638235251913,12.953469621832749,12.911678356343854,14.23029285988287,15.026365096534143,15.161256312292098,14.779162879775411,14.5129129939526,11.700618653970924,13.012103636575965,14.905973055404163,10.743235932667872,13.595293164579141,14.017752858112887,14.214950486835445,13.682467737590217,12.173375943940536,13.42840655603813,13.379206450674596,16.450380510158183,10.399794995256004,12.71372221394914,14.9511328500485,15.403069295778776,12.096183784056397,12.893949093210686,12.108736140088581,12.080646676447108,15.592710931675871,12.904716704875696,8.45141831794079,14.663905324173063,13.718285078025529,9.796432868650069,12.801156014640826,13.677267025629064,11.618211832873149,13.433239966048607,13.854930804004752,13.534025589970213,13.561208793041773,13.09487992046599,13.40713708692992,14.503921594530896,14.179546745030887,14.723353244214772,13.769267824283082,15.544074428234426,12.065462887134158,11.970885000004658,13.27939397127722,12.980461208366828,13.51928837565727
14.315731195978998,14.232017143105677,13.14689892322183,11.388655802979287,13.93629476001162,11.49185657917349,16.286372056411526,13.52939004583786,11.039792272348597,13.29644772144387,15.288140872205265,12.876592936543357,12.728082118862096,12.858973600674002,13.117640249024713,13.389291133483448,13.97644916345066,13.979482159390416,11.094300181077719,15.666723180187505,11.620230506386237,16.23097031871372,14.062011742448554,10.938160364151912,16.58047885229326,14.90390763144526,11.457701484664122,16.356213228887725,13.435106626349423,12.619464383039753,11.760707379981852,14.431399645236398,13.252472669865694,15.14308446388193,12.107053219175963,11.196449918315329,14.351478844553869,12.056070274845192,13.58947926342591,11.410635431431915,12.999075007952358,14.081857308776543,11.646374115461505,15.101856245855297,14.394938106020387,13.260767153715369,13.641793617130372,15.803581889476002,14.238629762174899,16.214411981609643,12.22204319561414,12.261502481159582,13.265384881739768,13.873077776655272,11.626504171024,15.718889456275791,13.469871149319095,12.820678057466674,13.809103158661733,14.64199268216014,11.831637927978582,11.384784818093264,12.166746748634829,13.72071126642924,10.65124438368186,14.668529901089759,14.509986209440227,10.808954485154405,11.833417249568651,16.459149245938097,12.903190092248266,14.566215359633045,10.860462177832336,11.34442073513791,15.522356590365444,13.692085424911715,15.477743020695154,12.555043847686091,13.794200258886365,14.119148198947332,12.55739361394383,12.758621574845778,13.497513571363719,12.517094180002028,16.08770627390011,16.234876875452144,11.598889094484337,15.175738124331323,13.777588260510333,14.845405183838901,13.670287412706708,13.721395770247419,13.445582409151312,14.752823090081659,15.094281607586113,13.172969434273165,14.479141381248041,15.168569800863326,14.40468496528795,14.494482937674807,12.906813935244491,12.702751880297741,12.237545478915738,14.524620761015358,14.124482079227258,12.401864212172201,14.9105075254868,14.629140939999134,11.046900570589122,14.766553464179582,13.783063464710693,14.563153662783824,13.399886327053007,14.681101881518853,13.890744693029658,11.451216119429056,14.381369825648372,12.111781760160127,14.229193736084412,13.783983904524534,13.217026947939535,13.71784527645531,13.87336011734153,15.68570025614862,13.32531358103265,13.627398415560581,13.996199684067195,13.403198535354814,10.797413678901078,13.167929986062644,14.772603536430475,14.941735302142748,14.088681646701154,11.75828027856188,13.312248682771454,12.679771463765261,12.166936744191917,15.268789522677709,13.590323484868303,14.18243105726959,14.56400355075799,12.893121427399635,13.754182062311784,14.567032722692014,11.561029878818683,13.961579422603554,15.18957859638751,13.165071427255143,12.936641835897873,12.919035710254164,14.267025159370526,15.036238134267165,15.11003881386924,14.856332349798404,14.443029680426895,11.653007931115019,13.079377610160332,14.7326780716331,10.712958729052385,13.7033884973475,14.012609600414358,14.232859125317868,13.657042451560201,12.246058014318297,13.448688495103566,13.370420243041615,16.415800999830473,10.35355767152542,12.65615332739651,15.085959122654899,15.438543275599521,11.95193363396804,12.884545732810713,12.10325466855672,12.119361459187408,15.631421748009648,12.931397419020398,8.43104175063454,14.675695423507815,13.736768858705835,9.85392822151966,13.003696451762904,13.559671468763037,11.587689782581228,13.357157469624108,13.903300797686526,13.534941967102256,13.557277243509173,13.14887957177114,13.467051683456527,14.656118370968102,14.21958446163298,14.625686677637345,13.797128740154044,15.602320616243517,12.038009732849712,12.045505911929205,13.27984946882763,13.07056338876676,13.4708270793503
14.38053006912925,14.28071262727083,13.023080365337393,11.618091301396806,14.147563477862265,11.434423584705552,16.186468553843632,13.505212885072888,10.99999273516638,13.36622936260428,15.356147956761971,12.956335185870394,12.713916168540205,12.874953336741832,13.232395102708413,13.383372488346728,13.848364986015655,14.03437561444486,11.05991642586224,15.588763152015206,11.542019023128642,16.246829721546856,14.19279678948602,11.005468643903908,16.762051379396297,14.914264900713464,11.492332280513072,16.166241641410917,13.533843327692665,12.757266357441063,11.897150898860572,14.416587801481661,13.24570552564811,15.13395666193664,12.050881779726584,11.216430258888366,14.30044735621609,12.001380721337835,13.555132574332196,11.479812263664295,12.92698211023727,14.012457933562612,11.695011623841316,15.031541162443071,14.355877925167654,13.275475671979303,13.751749140023511,15.847162179735191,14.282557267708478,16.322502822539438,12.231725059811993,12.284628812424083,13.466864281729391,14.026006401235803,11.638309775218229,15.645164428314978,13.552693364831217,12.854141896382885,13.935660811668416,14.665603098332875,11.871443206078919,11.371396762281059,12.222550666801817,13.831140361788657,10.751996603164681,14.624285666860821,14.467567676062508,10.886533540930301,11.822575094741289,16.36168852476383,13.025863659393481,14.500791744414004,10.837937377753367,11.364452229952756,15.527220929444844,13.626754211462906,15.64781256121612,12.602777737798165,13.775753615568066,14.171396000942517,12.609760021191647,12.846644519897952,13.582914519066508,12.608584494556096,16.076743726453874,16.32225153255549,11.594731844816538,15.164795028700572,13.773925360550303,14.794533878538974,13.669459512614567,13.927708127483843,13.374648455266932,14.755856792125606,15.011790792662653,13.200526010679557,14.52219892725695,15.155840152366205,14.488849276790443,14.488930944602725,12.930946761800989,12.746897898432794,12.202645142828617,14.494399780422714,14.183676330400706,12.449214334763813,14.828577713612455,14.563791945389218,11.022414407443152,14.891005330696133,13.861028626059612,14.563065717085953,13.410165337675263,14.681309894408747,13.989878831507852,11.512630346898334,14.345045345834311,12.147724930589098,14.211545588501872,13.770170216901256,13.307038817024386,13.773483232810047,13.764910425311896,15.70454563767358,13.40297526665265,13.649495393825198,13.96179395344207,13.317323818459203,10.883248589818672,13.17023231524169,14.757303864651618,14.987749903639688,14.167725588396362,11.854844742192858,13.426004507793522,12.647001309644164,12.157970852950717,15.2765135453318,13.503406601338591,14.232300878165939,14.537695217082574,12.819404682552475,13.86475568619922,14.562315590608709,11.59492739690999,14.010272056872235,15.29722327421858,13.226772577898517,12.986026242413656,13.044170680034588,14.352593213188106,15.056144155974062,15.097146675517095,14.816672013503362,14.493966032167878,11.731004026427494,13.141352935155465,14.738594314842706,10.763469599871085,13.616411689639715,13.950320086339238,14.284295645257172,13.776635957514685,12.316311810311827,13.407806604462937,13.263481329909505,16.39032376524239,10.400366767092454,12.739948826430172,15.148334965525054,15.461273818615219,11.9931127991497,12.934057659123752,12.050840751039585,12.072199567734865,15.597637117311818,13.057284496729272,8.504225368299004,14.55207867074881,13.83419586547317,9.757750936222264,13.129515447883094,13.635378540214026,11.76188776437219,13.440378066216901,13.936257478855929,13.507735487509086,13.648556718930848,13.079424218704137,13.711446189015065,14.804037721981253,14.230264864574723,14.767921042594654,13.784519899263266,15.549150398900323,12.11907299852205,12.075720630263039,13.191514993396721,13.055333623566863,13.555941496775379
14.361634534309232,14.287959452183479,12.965993917759393,11.60901907412343,14.216549827198042,11.413307244595499,16.095713699173384,13.362237461221206,11.132735276149178,13.476841312951867,15.368207949245635,13.044430691698318,12.72192738382334,12.847920523327307,13.251719023553951,13.343798979993078,13.759545809666545,14.009898943099897,11.237516450388132,15.653352940678163,11.609539836420511,16.348408370316193,14.183896663562576,11.047688104579164,16.838586508530156,15.032440046753887,11.470946380344106,16.133354499515445,13.396185951150095,12.694170408012885,11.936400177230132,14.37471725411924,13.311852610443525,15.064215912949182,12.069454877529143,11.296744222184754,14.441659340900516,12.079472294164091,13.49889428117477,11.424979224365044,12.91316865423957,14.060619343627947,11.656772585348216,15.065889908296608,14.527715778547295,13.378742149895094,13.599793992988735,15.735809426126497,14.278449074159921,16.20306246972743,12.351267567360056,12.319181765625219,13.422718971208042,13.973930883195694,11.655750810351966,15.726435035855157,13.55612967398313,12.90018567796543,13.999655808964203,14.829886479780741,11.681081515121233,11.277914393242254,12.186286788726948,13.824500586283039,10.720775902336287,14.648017202802265,14.542384954966105,10.916035723309768,11.878021238247529,16.343089999738424,13.149114290752795,14.66571921327468,10.86132515174251,11.35905481299668,15.602222180551609,13.57432762054821,15.607396169700998,12.65227652712773,13.667503191097373,14.093542289545118,12.715618644585168,12.982082705134387,13.507990926974687,12.580253594521825,16.10078406037583,16.355716661233966,11.520575150268805,15.140811940476373,13.942634904426228,14.745883601972732,13.718158065567389,13.951829607812524,13.354611891891711,14.659061014175638,14.99314419071751,13.1966459566719,14.473072417870457,15.32455331862399,14.544944714809853,14.43575272267023,12.984101983902436,12.756844481359897,12.062284677369954,14.639005834795363,14.290204894178622,12.362296098802481,14.760007695809922,14.475547770816355,11.09651174298417,14.87051056511582,13.86814887507996,14.511480491896736,13.57073616409258,14.814134489793988,13.879560200025583,11.624132403036045,14.398441973594489,12.108230224704089,14.198344731649982,13.693563612562244,13.295797739916818,13.787948623067225,13.896956619497344,15.783391256867647,13.506518258338977,13.66800480359613,14.101428906381312,13.28147756697255,10.902138924081612,13.207927719329003,14.775201598184118,15.023903594630145,14.24826129135822,11.858858477404985,13.39704514555486,12.627822446538412,12.160172607422671,15.215739852744859,13.581652228297816,14.262499667615229,14.560876852933704,12.859387208700685,13.86311136161128,14.58657342224411,11.645357509206312,14.083428106781488,15.176841238623703,13.32902959281903,12.94056718406345,12.981663807578032,14.507417495274597,15.037663547977044,15.211310108227758,14.972379323398364,14.445264688397765,11.804079331084575,13.136931362033579,14.915765883268213,10.801273818631655,13.658318335367387,13.950062727964127,14.389931296172419,13.859909885738258,12.290978066435624,13.349199430489845,13.272803761067081,16.415869830183755,10.450353436785601,12.725604271886487,15.28127448301757,15.486287663355643,11.838314470954813,12.993605760816445,12.08326804851345,12.083402255682673,15.513647309113711,12.975629283639234,8.466334130403007,14.524437220501138,13.982854586449443,9.788861367699958,13.278106429347567,13.506801753184622,11.64259684642793,13.393401142859954,13.865139401988822,13.544184040660802,13.729623255604226,13.071705590101052,13.714418787539206,14.662659866112916,14.240428011442868,14.798907689057236,13.831146464364274,15.65024250969965,12.069258689988608,11.977556860897787,13.139108935759257,13.018193545019749,13.672208408501675
14.325440139551262,14.315038013686646,12.963425245124995,11.609305381522075,14.06560721308933,11.42202098921152,16.347886300407456,13.348061390040579,11.100375143969744,13.37554641397689,15.43091168954395,13.028479231885875,12.767718543872313,13.00331007043541,13.26117515466962,13.28229057247819,13.620067243596866,13.920827357727925,11.10331811307654,15.603245662544817,11.60369455519143,16.320236051068026,14.156463120267457,10.944246106187787,16.945327008681875,14.878779746639385,11.583027120746989,15.927407338431049,13.479563114533516,12.76351360162902,11.944768550930188,14.452055340986766,13.32055646532313,14.977995194046159,12.194331009716102,11.284493507338025,14.581094236569982,12.073600409600925,13.673984222067716,11.532921322675678,12.957930867798746,14.209724736090067,11.5851485084649,15.06038405774578,14.551697611812411,13.585594473700672,13.663999437965856,15.675635309924303,14.303458640762209,16.398647067791885,12.40056862057221,12.195005138803339,13.399993363358854,14.027560635521898,11.74400500401696,15.785218436428206,13.554540733188404,13.054688489650845,13.947490121293317,14.918493671517815,11.691434963078802,11.28606812263974,12.035550790995075,13.953673754592566,10.652806237058432,14.604665384996409,14.492139863369829,10.998180365503158,11.755071353115342,16.293087875711787,13.068391222954045,14.729153472251854,10.886845324270748,11.313971964877267,15.580309662158248,13.558377581014337,15.48689719371503,12.664960642929357,13.650960069690168,14.078666659331112,12.915412124569686,13.145625717528638,13.580505746082697,12.50843017613303,16.11829918733593,16.408582412637696,11.596438089187815,15.153907446847883,13.793563683515723,14.566721982858231,13.746405528972247,13.835885917832337,13.359971963484004,14.79491419524472,14.884818132756457,13.210863230365272,14.388603009040837,15.477132769625888,14.397096746916073,14.440667107386322,13.102365127398933,12.819293717433759,12.041289637934701,14.412178848191964,14.268286179573222,12.427098023205865,14.808193679015991,14.533188456111503,11.238725843810872,14.846660286277674,13.776087235507951,14.529977480831565,13.654343666527714,14.695496754806825,13.852570942957007,11.586417614852824,14.528960333467404,12.107978775387338,14.351217540409234,13.726707970374298,13.267580956538897,13.88641207245635,13.8672549756889,15.698608866175439,13.564736832429428,13.700007422722209,14.29082405872935,13.177811328272465,10.867937459624311,13.260647560387579,14.87099400916058,15.048372858564102,14.246463068209998,11.838754325274806,13.404351240177958,12.58346866893725,12.152169195283658,15.196584332240947,13.542639499955696,14.231915183821144,14.724916989536068,12.965668931323178,13.98823187691714,14.379876297746735,11.556687885309564,14.178857420278145,15.183319300653993,13.439757618915007,12.913345428062877,13.005067996612864,14.559366322471172,15.04530232328619,15.233391490313753,14.949581063456021,14.437714810854539,11.94114725451957,13.126486747592883,15.03594846960077,10.731059631255643,13.635670966271288,13.767661954704227,14.431958292413777,13.818673216028527,12.301852276660707,13.353000085265537,13.401463825219635,16.467137075817934,10.545895611048559,12.715519815057482,15.235421523276337,15.576094509423568,11.780451151249304,12.916516868790678,12.179924406479097,12.128001949923279,15.477620779535192,12.947251823883773,8.420834236467503,14.659389655669017,13.951111409627591,9.706345995508286,13.121014860371119,13.632007370871095,11.687658132189444,13.307639590918521,13.66987443512009,13.467887735236827,13.81691131993068,13.061007799456645,13.912650282810764,14.585396834187792,14.37923440658333,14.9010028873518,13.986066145787904,15.632224681430555,12.080314469546684,11.983430481468586,13.017582317679304,13.10095839009081,13.665764531060574
14.236661779620672,14.34683288157535,12.948316436865756,11.6634878824994,14.036256317032285,11.448288045069795,16.34190067466427,13.382190691942515,11.040893146943493,13.382391586240432,15.528690417752644,12.98677775030155,12.788592027450292,12.959720372956495,13.290185863934834,13.250389337005654,13.575303972129499,14.015080241415287,11.08743771682894,15.497630732780442,11.503257247388959,16.206483594828207,14.208786107954877,11.029539004016165,16.91914968760225,14.873935740059798,11.6416645640943,16.0514192955919,13.627547808097695,12.770566974476063,11.98583865051695,14.358231781142257,13.362681581496082,15.081160603447653,12.280864057293437,11.281492570019436,14.661479262865033,12.060818544113673,13.659593163459572,11.680244739661626,12.942382383559401,14.294852690743701,11.511282141371986,15.096873842411224,14.46618538195164,13.529001499447757,13.68698501378229,15.57549740902899,14.311525612734876,16.31722952916246,12.422816948820618,12.101755975863888,13.424938371289898,14.017681958889161,11.774322076284916,15.825265018909445,13.721414043361827,13.040968544671134,14.073608160539372,14.855079791234738,11.748380681207054,11.309762736240137,12.152894349324985,13.889569229007236,10.7361600273618,14.595185207784052,14.575342383837297,10.999987431642822,11.658314046054361,16.42143482128826,13.149554449812424,14.66018100298863,10.890261829812257,11.264794400758472,15.589535898545796,13.538935672160738,15.411759507926496,12.746665962532198,13.60165961635738,14.212470571530698,13.016234578893712,13.17260027091703,13.566310046496394,12.693357610478534,16.101737361436303,16.51939023588845,11.614489770175375,15.15539968263341,13.823782529334945,14.597982295730104,13.763852690450303,13.649644273940051,13.346416910454826,14.820139105971963,15.044930955624631,13.185113434691047,14.60453122552513,15.62010533117218,14.49327048704528,14.41551491596316,13.189999905177338,12.86079878033749,12.076294045763792,14.408394787850757,14.387963586372937,12.483232668038477,14.875978008376197,14.403553797511671,11.394381803652136,14.768825342836633,14.023660837062996,14.700538659137326,13.753330096317532,14.772737665708258,14.101354046265769,11.516998632505583,14.515354231744544,12.198941432885263,14.40387309088657,13.809888409171815,13.238629445354375,13.946325956254423,13.783723017525148,15.721092940887962,13.647409189115677,13.664534482226143,14.29917282733461,13.182579131291662,10.930576169739103,13.43324259092532,14.847566581610547,14.947927771453793,14.231668112696457,11.788409073158567,13.32202664945892,12.599688675656132,12.148732655592458,15.067648489450724,13.630230428158898,14.340794122913927,14.856138857753903,12.968446175811964,14.079572980480934,14.330173167593147,11.6117568499181,14.140724134407373,15.213656096661865,13.578955395684465,12.794336643435647,12.982526778571625,14.627901193847501,15.113083515668556,15.16114647124085,14.988396996354398,14.341840327380384,11.864911241212466,13.090763813600152,15.033819682129382,10.783444648924077,13.610921343946073,13.902818334801358,14.27078445984471,13.866136106815713,12.360595759403145,13.265814941280306,13.358009742537517,16.466778219776394,10.592108459686216,12.662253302477316,15.209749187028919,15.630109461676254,11.81340919559139,12.90206475239948,12.237917234286364,12.05487605897917,15.470925409792487,12.917231157481318,8.376746680044928,14.651884247653879,13.964731792137341,9.555473837170648,12.997642343444143,13.6385957222214,11.732088398397092,13.298090876671704,13.52455326960372,13.437308768970286,13.915628531283913,13.234196056202402,13.941404319303135,14.564738045836796,14.44010715985124,14.84354587228979,13.997794857842752,15.630787004149608,12.087178613410103,12.001154298037278,13.018343284028644,13.17671444873474,13.67111920816798
14.277500171080735,14.287543090380254,12.923916215218073,11.654642776000415,14.137525155397531,11.428069436179499,16.45719503007596,13.395159148642087,10.94220067999291,13.347302291530859,15.711398534587353,12.925019449434298,12.896465738967716,13.08321229732418,13.258454424220027,13.404850817518797,13.549726338966783,14.009682327426516,11.060735151061767,15.591568611913722,11.617737740950087,16.106431885228922,14.17230549582835,10.997422444612187,16.746229572675915,14.955456126175658,11.726577348469938,16.216516412611483,13.770582409121614,12.966426910130004,12.012169667327226,14.459572750927409,13.273817856658326,15.061647318860391,12.213550462544339,11.155440565136436,14.701808091574334,12.264185102478427,13.681779408368437,11.528109656596026,12.992714320879768,14.460189495727684,11.547091878883696,15.182664883651306,14.348876625720902,13.445776494209337,13.778535920774711,15.670695678952821,14.418129500593869,16.463098461128702,12.34391284627876,12.10278452549614,13.387337293865533,14.128770359336793,11.682646688282073,16.112186689020817,13.682583665109412,12.856990806352425,14.080593788151383,14.835759343622014,11.83259262620885,11.230328784310677,12.080953575658027,13.84609898327608,10.780742884700775,14.559801755225434,14.569814999090474,10.92028685922581,11.555530855606099,16.417054143863073,13.24058242812811,14.716584947552375,10.819295368009776,11.181014651668306,15.55862686953245,13.415395986314563,15.533909740022702,12.742333312206744,13.62628976909076,14.197473403064018,13.05337275364983,13.152636312777512,13.61517455536021,12.809133365763005,16.23098707493357,16.42701753960956,11.50530976313398,15.175684897754572,13.913626786896986,14.686525612736332,13.811817285928708,13.469534381154185,13.346491224498118,14.710531651641165,15.11915126044247,13.269916362022052,14.61360156372902,15.62413104108703,14.50977338057091,14.392399603469428,12.994439585088488,12.832409996507272,11.973471120530721,14.422162165337843,14.532915217774034,12.412440440761237,14.883757777624085,14.499264911332766,11.39639239939833,14.852658973074304,14.026429912307592,14.701854679248083,13.63300917387386,14.801936061458688,14.016989283947963,11.543484875551139,14.531992430656622,12.15120719611869,14.52795699774323,13.861707610255154,13.427200439760934,13.919556926252536,13.823673438605134,15.789727368505872,13.66833318462556,13.785171531674667,14.381581258556318,13.146670159350794,10.876132984178591,13.471862346836629,14.800462498067487,15.032061693805332,14.4534447741788,11.925792652688413,13.30381263133803,12.627232886951246,12.040976465289647,15.127427805613369,13.624893825443877,14.327271190484934,14.939732189352146,12.819390507497062,14.031949008719394,14.294446758290736,11.56545990541489,14.105592658710945,15.20096580685343,13.625563230666025,12.736824531595788,13.014327995885933,14.526403378342089,15.319435266313803,15.30750749167689,15.033483109148632,14.482735573432976,11.885353169671118,13.104548954450724,15.024953833186611,10.71899475951572,13.730615970649984,13.957889020394505,14.208927873829763,13.744297786453458,12.388478207965152,13.384629318597733,13.453822229175595,16.41488527772252,10.583266928600892,12.906704932874234,15.085344886904744,15.705942817787884,11.800194943787854,12.874660164255085,12.295962982040582,12.171327810858738,15.504403434843585,13.0350229974219,8.445211998811292,14.760672616959475,13.920846142684878,9.623094855644942,13.108153670444379,13.729197469375267,11.68393223191283,13.362643788416355,13.5223274577483,13.479756473672987,14.026173529697516,13.391704486561181,13.929045033971123,14.509730163379377,14.47078129818996,14.79015887554694,14.012082069245277,15.59364166787259,12.131923787121343,12.224503912716981,13.029855316702418,13.359491607434252,13.688651825680651
14.253164971684368,14.40311593145337,13.006548634747531,11.693830036714742,14.093420446699076,11.388642129455425,16.4807005582697,13.276424748929795,10.90138819212476,13.342102915363547,15.627153232256175,12.933256663302611,12.861026394035205,13.04820692518514,13.309701348247934,13.320588400593257,13.529760482002397,14.090275001038712,11.090499807605305,15.692983521933193,11.587288540662188,16.16782337528924,14.268940561389101,11.044138616316719,16.733518395203518,14.827123259094211,11.763351997691146,16.267046827636126,13.694200960396449,12.938467052429658,12.064237164907428,14.582858527060583,13.265150480768785,15.102554627004883,12.374346850053684,10.99775105450981,14.648946980998208,12.340652303619859,13.743386024099292,11.603720701434948,12.972580823987023,14.414183935995641,11.707817614744286,15.281803290411228,14.383246762241665,13.356239202542826,13.909093463061293,15.717617656672363,14.446175632657788,16.5202920318208,12.367567216873947,12.120593437135883,13.427491361206647,14.132145100929963,11.781200890575164,16.00453849992531,13.854251517571432,12.715738982241177,14.203484364780591,14.960989913875732,11.83385324550388,11.2792094214851,12.193998788653587,13.93429466910635,10.761019067996344,14.540681572053693,14.578600091089418,10.953442390651668,11.55124072501606,16.415549882108078,13.271314007984227,14.704040876430469,10.709113402821446,11.128189531076453,15.519277605116102,13.408124083512131,15.608652027500268,12.698208888580991,13.586355079987348,14.108214771574326,13.05767286223622,13.216228686941601,13.68768505869728,12.915785272392375,16.15486250679567,16.46542183195017,11.547951236129762,15.107387226581718,13.905007345176832,14.727863811270534,13.794183716829577,13.366180028520892,13.340102393232783,14.797157507192562,15.189281577528545,13.299610207126207,14.723185391074347,15.52386087760364,14.475052751728441,14.360514150972872,13.02752492548842,12.812843756657854,11.946848575859617,14.504666399971192,14.471849471193158,12.709742424673804,14.920336456030022,14.57956843255135,11.413600123776108,14.902335325455976,13.920824659887339,14.745807493641852,13.771467881330837,14.877498188181612,14.128352961228373,11.485238391204806,14.48646695564363,12.0902853935755,14.472135035903472,13.885312824803492,13.447140947666366,13.808241579233924,13.797001247440313,15.832337203912347,13.657352812621664,13.755634977182883,14.411882075743096,13.25362066988137,10.865978776864424,13.497805308884224,14.7447697044437,15.040408102768314,14.62140304908892,11.862154023665447,13.376665789313863,12.530485281079173,12.028269250714136,15.144275653792283,13.659060323287628,14.267281556112273,14.901258594155486,12.824242417314613,14.025822491872615,14.429658476072618,11.560297243700083,14.210767589291763,15.100798128732201,13.654229105950021,12.741171989921448,13.012545362561932,14.51276357977844,15.381277028409547,15.384222653506594,14.968701923817276,14.541371092645313,11.800171552223354,13.135285938412718,15.019547425174459,10.730714347187671,13.69517200080406,13.873482220981591,14.147750962158044,13.711683659702793,12.3049472046464,13.48877958271299,13.440210563811508,16.410994053205744,10.705374123903239,12.94817579177253,15.001854982429727,15.592624600266394,11.7157512068809,12.81209136185967,12.255479152281083,12.096602978989386,15.584757711252943,12.997863158996587,8.457245392390867,14.764953679438166,13.877452308611701,9.468025928053997,13.130350808112007,13.789462377601458,11.662408024099587,13.447203436661995,13.547928109788188,13.50815782153596,13.996489060555966,13.40801429800576,14.023408464737217,14.501846600625289,14.493390925237012,14.717943390515352,14.015359702502584,15.564625975983368,12.100194989501261,12.36287525709994,13.068933531897747,13.486176634379078,13.611949787006594
14.218450870024762,14.440367461629094,12.94723975874896,11.562852359838216,14.110746081390978,11.262333528967968,16.57772746467294,13.29264413558067,10.877745552389406,13.310676263785954,15.683237236831296,13.094114682134487,12.912945141475536,13.095176397142062,13.323895887667968,13.33311464417158,13.479561001115208,14.128018120212595,11.07245650241878,15.753118800965002,11.492345293188148,16.191830113415946,14.369424480408778,11.100784970152084,16.862031798978336,14.859423374785399,11.71965765389437,16.160279586258042,13.724793201025303,12.828780554486624,12.174993419313218,14.60949726473875,13.366259298623868,15.028908921651343,12.398086507020544,10.929562211688046,14.678872382842508,12.313123289934605,13.708268126164318,11.566519840222378,13.054681614240764,14.193394733986665,11.751208398181598,15.258460751419992,14.371033736703064,13.311063027981357,13.890849897204948,15.694637712201889,14.446768649223532,16.459204744857054,12.224943106767235,12.046851343620459,13.375048066734013,14.168425533740368,11.756422889808183,16.145238988905007,13.940384994476322,12.638759258223,14.242347424166633,14.935057741274097,11.84762388098627,11.320338139693773,12.122033875565895,14.034082748634956,10.78798199591232,14.662925618747995,14.595218628551176,11.07117917758741,11.705183269656796,16.493305177727812,13.328316099386972,14.820459352509927,10.773760650990985,10.957644548800138,15.514972987415804,13.367970744527407,15.645641078603044,12.742146772372216,13.692146046436154,14.069023707791796,13.062168415302335,13.338335480739913,13.623841317654536,12.826780585661727,16.27335591773602,16.49830956776737,11.576431717791447,14.919734430674808,13.903253012188316,14.72061449217491,13.85009095990265,13.360066266699699,13.299771122291492,14.739542698796647,15.114706197293739,13.278377036334254,14.815520790618269,15.544428284178322,14.380862037816073,14.532062936206707,13.077366126405721,12.7695617178288,11.90716210225945,14.537423865291423,14.502552694343896,12.643906180000501,14.86821886759522,14.468170717768183,11.391695344279956,14.920889626922644,13.91518487780668,14.71133165724888,13.759328881946926,15.034309254960377,14.134192895399485,11.52033075454151,14.484387032317773,12.23516712406101,14.522461991594003,13.934134511667937,13.442069334024117,13.922889403564776,13.903686954594612,15.77398303434258,13.571796936432754,13.735755669667169,14.345549699940682,13.417895017601701,10.83750964822521,13.540224837400407,14.644344957382918,15.112918767097858,14.542791816334473,11.916892174011371,13.41787699150679,12.586950324022945,12.169249359700563,15.0960185364635,13.658350601178968,14.258954788853636,14.885086576534691,12.682255810923131,14.077639720076856,14.389625713781903,11.633304527210333,14.170474962005558,15.033213716528241,13.603139465492264,12.689568656245159,13.22637034567063,14.439228776011069,15.392951540054005,15.368123456398596,14.906468841328936,14.515779220040972,11.749193770654319,13.191451829536023,14.970350144177008,10.813364055908323,13.541977891978807,13.89454501204669,14.12914391318791,13.817778443548262,12.293776462973936,13.419043274768985,13.492978282586693,16.502386396150584,10.567943980336146,12.912235040821507,15.06822835583848,15.5836042827506,11.750195762859258,12.881234128210838,12.208441724782626,12.137717755595027,15.638495977137236,12.957889653597492,8.53379144836595,14.82582605537624,13.908625385253856,9.558894312544044,13.266333457032617,13.840210296625063,11.76611225925797,13.591755354845724,13.496017542548346,13.480361739910895,13.874468124955548,13.44387408366249,14.008312531705618,14.645541189156086,14.465002391824639,14.73603381450115,14.093932623453727,15.510032899380134,12.129160580178043,12.389672526915545,13.12750072102706,13.43907920737877,13.635275596550983
14.136530871832719,14.549606454638726,12.907001369947409,11.573363941566328,13.99493089305126,11.277821233124225,16.591043220958472,13.175022094408304,10.827948908200092,13.432444164501826,15.601741781775019,13.149656401390077,12.873591908187585,13.050677539117423,13.393747140448433,13.310640139679414,13.577931687729084,14.217655009274367,10.958857701444392,15.681979104640588,11.500428983300793,16.173697505459216,14.489319912520191,11.1624092260894,16.84648608040099,14.901677761832126,11.685954193062958,16.183873307452426,13.772998803241105,12.75343982781175,12.223317125112729,14.754975152560498,13.413102498051117,14.987866072875253,12.410482960003586,11.071944383649422,14.668077812177007,12.289221203646479,13.714451861671394,11.472209351856216,12.951684779899992,14.322460335915897,11.71990919216183,15.338544490620453,14.370571972053131,13.411331229228399,13.945365104193012,15.660172833299322,14.380043323132515,16.561401087577547,12.269294221948964,12.048931999162074,13.404513005039483,14.177165325958473,11.717103821590793,16.263263565564056,13.927807791705575,12.662588384013475,14.185860422902747,15.015666725952343,11.96322844199747,11.313710174135986,12.025397113688168,14.047889364713658,10.819408045103732,14.76616984341903,14.790057409332876,11.201335809265087,11.717027083678328,16.55631643921858,13.2509627820249,14.826269869024623,10.828578043181482,10.8298113189307,15.641557543633501,13.454067776706813,15.676502521054234,12.727966716442811,13.757994760880305,13.994718049608165,13.049729901655464,13.348338571002746,13.570754578578136,12.852915488922187,16.21693662025568,16.502482957283046,11.596236919882818,15.000880941847697,13.996119976197932,14.670123666222713,13.71302642422239,13.269908843350796,13.33357885717744,14.823205432522117,15.062811720112576,13.249845344024408,15.017507869313013,15.534608966518569,14.399584190210653,14.619185248914516,13.182518188083511,12.663774135600187,12.003299136995707,14.473726605469622,14.630755099378899,12.636434393036755,14.878737381783314,14.41314997406435,11.347319515764184,15.087327924395996,13.998681857570341,14.74385712166266,13.733293876071132,15.15323799342761,14.21249489730986,11.643615221573876,14.408864290552533,12.174308351267886,14.543971586563645,13.956964244487255,13.647874920734816,14.079542482608508,13.911768540193243,15.77745376267617,13.683565209492196,13.809859710009889,14.302633032348231,13.440416788763775,10.862394297727798,13.698891797270898,14.634023069390745,15.233819639840394,14.585470607243039,11.874820581837001,13.406084333242203,12.52553764028863,12.22164947712075,15.226495282680872,13.719810047823605,14.303376475035515,14.961387096347922,12.523382755939542,14.024799136026004,14.41261092899523,11.772715676491668,14.229352067990087,15.09553849329274,13.530822554440403,12.7200459397501,13.263717146707574,14.432037491904117,15.481133441608018,15.281939236216827,14.886426648105944,14.316074151558656,11.702050264772662,13.144425049108238,14.924130209908785,10.774080664521977,13.52618368405909,13.820889117987939,14.108199279486396,13.926954068309547,12.314123535694765,13.436893095302539,13.621312659176253,16.59090271550797,10.57230954000392,12.873674956171199,15.177361886938675,15.651525488637402,11.686685711242372,12.840040517212351,12.271561417579731,12.115374115202693,15.615321164244536,12.99187886650956,8.546268063129359,14.796568164615252,13.88656894178282,9.629470924944638,13.228577777765988,13.767118948311339,11.762289078501556,13.598723100154071,13.6174164311046,13.52572874118175,13.95750058674962,13.415899432689226,13.942127613947553,14.840451371169605,14.530660175527675,14.803968581933322,14.223674294640881,15.430215009530677,12.00615744883195,12.414978290008921,13.186495296798883,13.442025408704898,13.731946886353573
14.037318409731514,14.583490525710525,12.864685357437292,11.582973592536682,14.031373234978279,11.384206366763808,16.572231864359637,13.098844523148545,10.87362953884582,13.55472342277335,15.736127600883396,13.063024966387598,12.882210784819284,13.043250179253407,13.361782536647146,13.26088076102384,13.638764455513755,14.322563717817381,10.915509089891074,15.65367246140651,11.42556008200623,16.161470903681906,14.5168759167395,11.233238572385407,16.961309129752003,15.013169981617946,11.632048783825372,16.029215462147853,13.758170599845887,12.81424118665347,12.315293668594753,14.811223966123332,13.379961321341503,15.081203455245477,12.458866800374299,10.955745379245585,14.637727687827145,12.384267191583836,13.66108811193696,11.442415192554265,12.899672483493895,14.271501750418063,11.722622639688314,15.225099561631739,14.446100581979355,13.546753762000197,13.941606230500572,15.649808985187756,14.353715138290196,16.514397594672285,12.295048035301768,11.997153260175418,13.369969763856608,14.223982095432932,11.667117181998158,16.321172985238817,13.849559792920598,12.637400215985346,14.140146367165842,14.95753323474301,11.918741297746514,11.268041954273354,12.16915169297243,14.102761645733807,10.847448109175025,14.768638227753769,14.805750568599892,11.148648544403638,11.75229346041862,16.495065382033605,13.300530630101385,14.826553459250686,10.88898002033342,10.975576759079459,15.598675834685247,13.586997514857222,15.605968906051995,12.754900042296379,13.777111376890586,14.060463516065832,12.97806716173636,13.279462325614444,13.664966835071208,13.007721106436502,16.41034467428345,16.329769945615606,11.617614321287723,15.177065145815577,14.0600012552387,14.786330359096995,13.765222258457479,13.243987763454186,13.302438977320257,14.791897800775923,15.201824353843694,13.306707301837802,15.078203793373163,15.511894798081883,14.423040202832496,14.542901658173227,13.247937356974475,12.721502109825286,12.048614130927055,14.633327845452904,14.558146107345559,12.635037873439044,15.01825554505627,14.55103355309815,11.257739720772042,15.093951120055673,13.813397647165456,14.70301554926651,13.854751537590206,15.11019805823526,14.291470251942895,11.6830933888154,14.553955944835177,12.12050684122685,14.655174849641009,14.049382419493751,13.640452043295292,14.072887103278669,14.166933418238102,15.805387675174423,13.702489595965453,13.929048245029499,14.369604737379836,13.557869221630561,10.99031726699344,13.630822969715771,14.628458790135952,15.197516819261072,14.61017536312269,11.877131252304824,13.391072988339959,12.602886728373571,12.299018403339803,15.064638355031581,13.664802075041099,14.478365640190923,14.896967529492853,12.397363656291477,14.013445668683447,14.446270417676716,11.87479272274113,14.207552065294227,15.131299106168996,13.51775316674522,12.69702827533551,13.313847085436258,14.476959620424042,15.38105807465308,15.211997979401458,14.961216588559559,14.48095055759531,11.798326270828175,13.10899506798439,14.870464791524778,10.796725883850605,13.629564843836862,13.718792742547235,14.127403756298968,13.819630734472412,12.407718599578574,13.45330236044797,13.60786754302483,16.577853247043286,10.572985081143456,12.904455152689938,15.31764882267235,15.722228700693945,11.727771195876784,12.883518176235496,12.30831903757995,12.096785357275099,15.580858483680753,13.144156540841367,8.61426704611141,14.936007385655895,13.79639825291871,9.594754656358038,13.285188568496727,13.72942661097168,11.883609204311979,13.665405415017853,13.711471722503987,13.47859298323932,13.923774481474725,13.40822058458533,14.011830149122522,14.826960308327312,14.688089712198499,14.870186550302611,14.18947431793212,15.308952447780129,12.01496687948486,12.42824676983619,13.075356895155027,13.460807228785288,13.709984022204372
13.984179288505779,14.689058527131854,12.91243514915644,11.448002377479229,14.18364112217416,11.489629279160013,16.63921226125097,13.086620076369627,10.783305122506784,13.548042321438269,15.722478443401188,13.120189393319043,12.844255779602554,13.034413019940315,13.431266457444872,13.261418812378304,13.770186346164069,14.32980483825416,10.785872907098815,15.69990893173828,11.421037638922925,16.33165847923372,14.455368487638735,11.194784248833724,17.06955065858447,15.062481070885983,11.525276498053486,16.030090985085383,13.621064080217892,12.934765007043962,12.403735809383242,14.835439274846339,13.473590376020747,15.045489321781403,12.506826373040743,10.941764827468088,14.802324167691845,12.45290579549003,13.654211950406951,11.458601112734426,13.000563890785077,14.301510029339005,11.745575360450266,15.227256399273275,14.521379502505425,13.52317655246187,14.028957195234106,15.57191122090819,14.440077048730622,16.52468263956142,12.329142104708843,12.109371565544542,13.335732720139529,14.177785521181988,11.686530172481946,16.333785580672995,13.896478909158372,12.595107695104407,14.092431853570831,14.984148472853196,11.959957311600759,11.315238562084767,12.194267188120437,14.10059083285231,10.806709711372378,14.775289281421184,14.818325480288689,11.062122858613211,11.833648050354574,16.404388832552165,13.221334423997076,14.740319417390468,10.878371457671358,10.786921747284476,15.64410087631391,13.55945687367122,15.850019436128582,12.741899635075166,13.696160994764737,13.985635132353902,13.003049309299767,13.304835949432308,13.684255180888918,12.894869916031643,16.37311125814771,16.33986627064495,11.7026127794124,15.208395944836676,14.00519858610594,14.796775727616481,13.809972644636462,13.171069023723055,13.288576123747887,14.778758871771853,15.202812592269211,13.391045839597155,15.158419245027067,15.47944385095827,14.592744861615804,14.566536579026955,13.273557195750316,12.700816171647581,12.09141892680993,14.623772685080999,14.61821533548906,12.522792187648301,15.005023926908816,14.624419612625502,11.252314629254004,15.125732425487247,13.90730853962806,14.91902055481942,13.8397964691072,15.051357617862534,14.278421183849419,11.633115368335258,14.696957652663588,12.20193052114629,14.67595719323501,14.00853613683619,13.582785141596434,13.970638193621479,14.224943241603741,15.870313271141768,13.673243452960556,13.778496894555168,14.326879396760196,13.539298724657204,11.012387012745657,13.781224244166665,14.57507806699238,15.345460591529852,14.647276489237875,11.931474973677844,13.327320536531992,12.713136255368056,12.391799629915827,15.157397552340214,13.724481282830006,14.42487250548568,14.977720857270445,12.382051951481126,14.11824775359403,14.573861430830034,11.814310690178205,14.367362765908078,15.18988187509479,13.624546913109834,12.708002483748546,13.445008900715846,14.34666193557613,15.35397622243636,15.207711650380007,14.988998067040695,14.50037980065525,11.748793935069694,13.065221551014371,14.874962959636665,10.619827349996049,13.6886263010573,13.784462072149203,14.194627912320962,13.821535186867132,12.448075873457613,13.527508697712275,13.572568889306064,16.41091584649452,10.662608121690608,13.040995917125159,15.260131480847198,15.725620358975835,11.676115370159062,12.803507366209297,12.284482283036699,12.051692294478915,15.59576014038145,13.093486673304888,8.45752653452,15.028775927913966,13.708063424179436,9.704538118151078,13.231446544667671,13.757576597238915,11.985599679255682,13.675786176236599,13.749042429176365,13.523639250130895,13.915937487805346,13.366790677841662,14.154772584040073,14.910711575799757,14.749308788903612,14.899000030538256,14.258860137760728,15.345029054702998,12.082439631384268,12.501467886707408,13.105710467126727,13.636972336250597,13.74758186141148
14.052576073923928,14.71439689287661,12.827694199177824,11.338592935194596,14.358837055370405,11.549872282132453,16.628937809610452,13.119192498944855,10.604798684871609,13.620250854149697,15.790718247315278,13.088027742576884,12.924053865935223,12.880805058287459,13.435911062739834,13.29158207281827,13.871852403192221,14.253114451241972,10.889052861683403,15.751489846251678,11.420642892551582,16.287956065772097,14.477687328702395,11.245815821555006,17.07314259062697,15.123442301611279,11.579954489480905,16.0094815859347,13.647868672575624,12.932768740430264,12.39176665976329,14.90961064213658,13.614368807628106,14.918222295104556,12.57750581543544,10.974315403850527,14.747709066251486,12.422910636135482,13.719897856906865,11.52676160275798,13.004599000302223,14.27736869863968,11.661661885884417,15.249972840343633,14.416252264738848,13.601189935359827,14.078659863983086,15.381067392997332,14.542609395996138,16.389146766796067,12.330275357288489,12.169967533143344,13.338428124258918,14.130047016937755,11.696209319744744,16.446004043431422,13.855511496136492,12.573164559108797,14.11954098797505,15.02819625746579,12.020325207790657,11.352188197689689,12.167650996978116,14.105282140731726,10.795609066601084,14.76837571402468,14.766503762949732,11.076455646582112,11.871297388314247,16.50041423332494,13.141682773619406,14.704686501545387,10.702066954079068,10.773840027037542,15.555820862073494,13.557101932483706,15.808130169879561,12.758463548367795,13.735309297976633,14.117600280938404,12.962498019842235,13.259391341743255,13.73235003401323,13.019643572198888,16.394802781777152,16.327864358106655,11.587038382512358,15.27897693240239,14.185115081281221,14.802379932620852,13.751163498376142,13.073710211016598,13.297454340316486,14.683178050408896,15.18457287980571,13.31137356763152,15.200066476683492,15.458505942740098,14.616836262879787,14.560700678311354,13.266145071998613,12.61577674605337,12.094454141793749,14.545833617034281,14.79993061204437,12.584719240968475,15.097221387215683,14.476368649423362,11.151584829997349,15.209383811566898,13.888143766611496,15.054617928318876,13.718780344963161,15.197043708915789,14.128905274257693,11.704318768466893,14.78672974915055,12.277525906137821,14.493681510454028,14.001248631411098,13.743465783679689,13.980401618211287,14.104539387825511,15.927454420921778,13.595189731152672,13.789252720578261,14.38044908908527,13.482295114258932,11.01005474432918,13.882668274590591,14.505552528805776,15.350102861236312,14.559088182398508,11.910721684767095,13.255075929174101,12.793474740249463,12.428727016036165,15.12279772459827,13.75969583478563,14.354040729984218,15.087163175031174,12.365751573088987,14.262347928979493,14.46200726820571,11.712310162862915,14.498791315690118,15.179586632174962,13.612033640020062,12.752218340663779,13.433947236400655,14.328125722128952,15.427183959820699,15.134732466523847,14.911871451392356,14.493056222146151,11.817781589978019,13.168563130174915,14.867033719736794,10.654120548896312,13.713400470256726,13.749036236982477,14.17586626249899,13.79966355353036,12.554079183829831,13.650186075779002,13.66691924149525,16.436979193757345,10.784216085624552,13.170745233677023,15.116101625620377,15.61841413196353,11.648256756819379,12.838348914402745,12.33557048947807,12.003936811387025,15.687481695979761,13.042548455481079,8.402684048343161,15.08525291729764,13.763375465553594,9.77100016261726,13.190144062322123,13.886990016696284,12.031740523440035,13.779536331009684,13.808634481852826,13.45783089533283,13.90474613507744,13.295744350932397,14.02484520068384,15.094550799054977,14.602972041986769,14.842627795714852,14.20953923009854,15.442548188472857,12.080185256744098,12.569339719849866,13.125481688277524,13.471767825187163,13.638971464239912
13.997465524517233,14.978116102398317,12.741892766340547,11.42005488712836,14.579832734817641,11.61447984079255,16.664593211788908,13.253323507103339,10.685704656372721,13.594331096908173,15.770377226656036,13.046331791129736,13.018032390794401,12.874254645719304,13.448186201124205,13.411757682421772,13.959567649212381,14.350662927985574,10.862850713860997,15.678939458724699,11.525152591271686,16.25864732306347,14.459880201402974,11.15348135790924,17.201374052446635,15.071318980849036,11.641396028338901,16.077508265521235,13.729783810352943,12.94726251376339,12.534065906560054,14.87680690609234,13.677902739358691,14.776321580315706,12.615684728647723,10.888372963181071,14.819292514951703,12.331749845034734,13.66233807523989,11.591440396603145,13.04971754752689,14.168986989588923,11.702681776665832,15.067752893963725,14.513585228854904,13.595862129063867,14.16233171521502,15.35418410188151,14.702721605073945,16.479881026019907,12.206821384141945,12.15255629755118,13.518243675917812,14.209163593763162,11.614326147059838,16.49912091820408,13.881598834913753,12.612952024591545,14.182529239594219,15.074689839924064,12.057804119557694,11.355368785903254,12.18348527866783,13.993060940349391,10.715630026891338,14.846807567151401,14.89454627688592,10.919758850585959,11.920894372873866,16.530359290121734,13.097250589186162,14.74159740059378,10.751255626802456,10.783737232722142,15.688219477143782,13.536049798077679,15.74030383989526,12.691477825054244,13.753879899332805,14.100910377382576,12.923518574356443,13.251300065366893,13.797869212392117,13.032226484520365,16.335336955610305,16.4847574622624,11.638666617015526,15.277687937973251,14.287187661329355,14.835714599175482,13.818664304703248,13.213529167665802,13.299130021363347,14.667836659289543,15.245119761679337,13.33294578766287,15.188942201383721,15.521757151273107,14.741823595587565,14.551550239361475,13.202873131193831,12.603167349003346,12.073224743356208,14.576889566912394,14.821970468073971,12.588574615842399,15.06824845393118,14.55001375297469,11.030697536082346,15.019113916022976,13.943184954658491,15.13967075779448,13.752546459072743,15.229473972024174,14.044199233634709,11.62000701803843,14.826817395788025,12.203137778800086,14.598888539532204,14.161188306411585,13.841250470616894,14.050917060126544,14.231946364017986,15.960647824249012,13.70273489624398,13.90884084932205,14.445778828671346,13.46501372388197,11.085047486581223,13.830506863501173,14.57025355599037,15.39957882233417,14.59837087932091,11.96907853251041,13.305226842212864,12.764032447409072,12.38597526143566,15.212629025503487,13.841271196019129,14.528548458111429,15.04690292376488,12.29912611794736,14.23791712988413,14.468506655672446,11.59080656959351,14.686339562278985,15.131336899249455,13.715098720643134,12.789998245230242,13.464057765278245,14.270374295465027,15.499586801736292,15.095609788171659,14.97764778635472,14.561074299318808,11.593087635332141,13.148110752691384,14.864604839961082,10.664912629853124,13.643429442260896,13.779880521287971,14.290082447439364,13.742363665553038,12.729253181319109,13.743499278216932,13.638887222301616,16.450667277808652,10.724621322051616,13.235690574470523,15.093320509897039,15.50235655904322,11.738924099466123,12.899388801318691,12.398304231062303,12.041727020841035,15.596532047687683,12.989339731468219,8.500151049446398,15.03299126234687,13.787597648815236,9.74166148532349,13.087582276325216,13.734604377447184,11.952901503433672,13.776071262799908,13.900827703500255,13.469243029866256,13.845610130531778,13.302421965741853,14.001790695187776,15.141619445960067,14.704189728948903,14.925548908919279,14.379048637491561,15.376217397321216,12.139948151052803,12.489748167428425,13.184091361998552,13.476395070082985,13.620873999801931
14.123054284327177,15.091280040614986,12.661324813520073,11.362197755913543,14.592952483434074,11.667026240768893,16.62129159647182,13.444453074102388,10.727698007258388,13.588668655608537,15.779298895480396,13.003125485841341,12.94456274482879,12.887252743464419,13.375299122365796,13.423219124074057,13.989020479016112,14.384480718967604,10.822836196310694,15.604722419364705,11.548387280987422,16.23395044813607,14.435090636760725,11.276071274404476,17.135058363375652,15.174210135065099,11.415166998953161,16.138034393556307,13.752054119255652,13.088850043863207,12.449694963987213,14.990704773194974,13.771857564375027,14.869251641907134,12.461879480995943,10.81659089049045,14.740941942733247,12.375339030536885,13.645277933889151,11.76154067643092,13.125966721674562,14.236899589811209,11.825914383040878,15.12623838987588,14.602413033364094,13.465167990125455,14.218346550680646,15.343195082710169,14.628001267359805,16.477798638068943,12.164214283695252,12.232675598237794,13.441311534680374,14.137965877623541,11.584594797888332,16.72424261370474,13.79358344946588,12.684580827429093,14.216428515651398,15.04039704745076,11.980503521791718,11.336663771276623,12.25013212034382,13.9440121741922,10.75679775780027,14.801250574723504,14.799535962429314,10.949098800610411,11.956110192283383,16.560346364274782,13.05057044459691,14.878750537149699,10.809116300300897,10.80142383320187,15.727469828758249,13.538993848211868,15.675189927646208,12.663706786474473,13.715787524685632,14.154544178757352,12.824083176022729,13.294847144071518,13.864705294841967,13.148690314864105,16.340293925117216,16.475594380633865,11.547703323262336,15.371489943752648,14.381329618398272,14.912162169630603,13.781436350097836,13.147780941253583,13.308225962049969,14.72566761888132,15.189148236547153,13.274895898689566,15.294488062250156,15.620537085637139,14.812855401937396,14.48568146443714,13.280648845568148,12.6517623952938,12.252567191902717,14.67292824256317,14.814381521986046,12.412515178291207,15.05721368098627,14.524417449571242,11.077959389581318,14.99291214108068,13.9723372103533,15.286463667188693,13.780905362927033,15.11013673362273,13.996351448557352,11.59192211737862,14.86884461032196,12.069132072287518,14.683712504682779,14.227789843986939,13.903593354433461,14.03838261357826,14.256698697176626,15.96672802755071,13.766757378247668,14.06173909129567,14.437680244936322,13.394565955738434,11.193503480665395,13.749841658798436,14.642056701765808,15.650777492990764,14.552002805857214,12.034657436322538,13.321826548357626,12.62655222100074,12.286466362808602,15.251824531209307,13.795211497296345,14.676599204346168,14.952601490816152,12.251837445309075,14.13178196659231,14.486545862725405,11.542697413999843,14.620646735168389,15.0977063810936,13.66175790708909,12.865259510856228,13.470581357671238,14.297884738952112,15.519606314065161,15.100695269234757,14.991140490483001,14.58079515121568,11.640009783267887,13.32436936395145,14.88900078908031,10.641164208132706,13.666284332738892,13.792685433978834,14.243015448808011,13.888986643081378,12.83400819564335,13.901640664824857,13.697014105309188,16.400684900046805,10.741168108597776,13.195783983866106,15.069677094965352,15.443794865408341,11.780940810919235,12.809919511811927,12.36475343271358,12.036440504707635,15.58514387525686,12.916509631996627,8.483056707486952,15.155258559105897,13.705156657932964,9.76521989030536,13.227145713273483,13.757108219536516,11.959083220956117,13.676964064111738,14.005189960095647,13.642769019236967,13.910143308263661,13.161166427278323,13.814388185761992,15.05437266259931,14.653687706233523,14.975661147693028,14.268930702836638,15.469489688941112,12.06878061555308,12.48273550289133,13.20495746224894,13.555718373407917,13.641380104087183
14.165715041004463,15.21876778954881,12.526362406950009,11.311699445225761,14.658800874314334,11.757739918916219,16.706437023445975,13.5081102060759,10.811540837292625,13.518955329134453,15.718135524442815,12.985928328479254,12.994452702089463,12.937377902348796,13.28205697704308,13.502710702907088,13.95052644719128,14.399370541654529,10.805188732212049,15.672014224284807,11.657411131852784,16.33943183783405,14.514892032471586,11.439990269331052,17.110788001224584,15.089115807573927,11.50502466579612,16.157327689201292,13.656381860118772,12.939341467099624,12.461538907519367,15.014372887750477,13.742503078604544,14.886020708445484,12.560870397564189,10.940361882011654,14.768875246587596,12.375460629339127,13.536743457804318,11.86174769383027,13.045456634123298,14.19970178772256,11.856793766521063,15.129346135433815,14.36437785842011,13.613670112165638,14.240693160336479,15.334385716941535,14.685268973377447,16.47085089742656,12.210463033240421,12.213950398539613,13.467431809373265,14.196543914786655,11.645569431102187,16.784179635352434,13.771799620874559,12.763590618149902,14.135318809790132,15.0678878423644,11.987526700349163,11.346366495466325,12.107595726830924,13.89286167729555,10.735026420068053,14.754763609278372,14.578808344713675,10.94810899477337,12.029022106899056,16.55114250258383,13.268174257347132,14.786979826201575,10.889999928288205,10.774077318863313,15.601062152570892,13.470939120397285,15.673975633355203,12.622774256763645,13.595272184826696,14.155250611167139,12.844971887102014,13.338455123624957,13.906924745420831,13.177583963442794,16.296389134907727,16.581678557579135,11.662664250788858,15.337569840072852,14.48802275670349,14.85582084869403,13.82082163117381,12.900568120805191,13.317015765094698,14.731699875799967,15.270082592358003,13.413187360032424,15.2783098240387,15.571304254534146,14.806651899801968,14.509877983644536,13.100338869505105,12.698228947998228,12.151613057151142,14.79728514094772,14.79577228886571,12.381199228346027,15.105636441698854,14.558986933146091,11.088882922097433,15.006496744061465,14.007720052329997,15.336523803752975,13.700689856881267,15.149949732900788,14.263719258334648,11.637996868986411,14.844108646735219,12.018423505794848,14.688867871535672,14.146836682387463,13.895080014553082,14.092584562025563,14.335619694800188,15.975995359217515,13.82115159482865,14.074463803887786,14.418375005390262,13.537733105226685,11.085022907952919,13.739797921161811,14.768805728115492,15.711860596631672,14.629542608856198,12.029816725097184,13.370029058138597,12.662815256886088,12.277502763292441,15.362203629259218,13.704792866408829,14.668254256446065,14.919537175396252,12.132836254188016,14.037313006115301,14.54726851264089,11.586759846776012,14.531135359186143,15.11388712364489,13.653128495969678,13.063954941002665,13.388865391078852,14.238385788956386,15.450764607224855,15.13303615460551,14.944352710599562,14.728517676092022,11.819007516235786,13.310903858234413,14.93415961191389,10.528221126469127,13.685351888677145,13.82736235190801,14.242189739178642,14.027889342182224,12.768847440746198,13.98644221954807,13.671250866729054,16.36281846437606,10.658817650058197,13.185438155747406,15.09926558365276,15.482489761889957,11.807572706923489,12.7494652380748,12.563568700805043,11.985135427227844,15.543140740361466,12.95085725935119,8.481281400210102,15.231944259174133,13.533867814882706,9.865313553123318,13.22785051398611,13.724247725055108,12.012261705012222,13.61481071144141,14.091070121619953,13.740001628308418,13.914820154727195,13.04004522218165,13.662105761272077,15.099082439761556,14.589634376812489,14.904559597676208,14.233366349476947,15.566883210686926,11.936489451901348,12.542269627065664,13.142621615176937,13.526619376094914,13.664814624905928
14.188360252527499,15.236151710570555,12.50474678556362,11.355052495150355,14.578818132984996,11.807684974143973,16.590880775508246,13.51792479624911,10.75976723058136,13.417102563856988,15.679831356762698,12.935244029839884,12.931227424658777,12.974979230583775,13.298119452303323,13.518674709358718,13.983124817840014,14.315156951724532,10.88447420864353,15.736927728454921,11.431896628918166,16.27129829957963,14.671561087553751,11.52359050987535,17.08133306871107,15.126629865794332,11.555254252246973,16.15148620720372,13.603971936494897,13.013176526429673,12.480501764236536,15.037936045541576,13.603290699602532,14.896965173340813,12.67758824998158,10.85939701092468,14.874034558896591,12.312317984856813,13.698757980517085,11.845377714684995,13.016566422703708,14.15781850143061,11.841950596197037,15.18352208406172,14.309094378537807,13.536569016545242,14.273234573639513,15.348458871473515,14.70261181510022,16.53288730164849,12.296934187484375,12.180940907818933,13.458492990910697,14.184830909625463,11.589330649982715,16.775252589859313,13.832737261729582,12.724187992180775,14.284074643325269,15.147816122755273,12.011943728395789,11.39064083214966,12.136515051810443,13.989821805077453,10.803829071473272,14.746008471169315,14.650312749122312,10.87448457554098,12.056359251329937,16.668236839596776,13.36469321131244,14.803846524840852,10.831840025209406,10.734326094137344,15.787306496710253,13.511906594243762,15.65366529886854,12.693264827962256,13.542195712305977,14.174639760292324,12.853476000560253,13.38294299607984,13.88622897563175,13.135726749195797,16.26540672103061,16.53844115331663,11.714642209373872,15.209857774450004,14.499986933002347,14.92225930031137,13.95375209563033,12.807804404880908,13.359359114880503,14.82467312785273,15.267469050746762,13.416536825619067,15.159823253288025,15.64390539583989,14.742731165872405,14.410162564603246,13.212146945080377,12.738370491641218,12.133871595572302,14.679355070140437,14.877981602706312,12.382438808637628,15.180889276771577,14.382333901324785,10.971378122710938,14.936744556338342,14.04763524309981,15.385100404331544,13.747245904211645,15.295857250907693,14.304137010401696,11.494736255085813,14.981728787523078,12.072768887220958,14.562920446390251,14.241052958156667,13.863597100456632,13.918295514803352,14.343115331968571,16.049339148311603,13.755754590400933,14.095141074160367,14.520394318194434,13.499235298453433,10.985583621268008,13.805534696337093,14.829240722179598,15.815251280541373,14.537184771377634,11.998453197080565,13.346800314053228,12.798991824454877,12.212083235653049,15.40891002239192,13.780353371681844,14.674098370027275,14.873086770336164,12.156630039555745,14.120642393618487,14.522032396548695,11.627605597422534,14.528938408049697,15.264145548247615,13.726328871014255,13.015755514731694,13.351763721145307,14.197458080325777,15.338855848622153,15.189075040847948,14.969741525884988,14.682364744456471,11.757414652672676,13.266407495593832,14.755781674382659,10.569773181521473,13.696902211613626,13.82244107113911,14.224607978427859,13.893599424413214,12.779410633100696,13.915510304314285,13.75365464951478,16.395846083563747,10.588650236941032,13.153737013052288,15.13491447555399,15.324793488685689,11.869738767781543,12.737336749660422,12.456792230075429,11.99165883260317,15.53262294039736,13.038135159628153,8.449879181740842,15.201690082926824,13.624313306613733,10.003553164928295,13.141534885063564,13.752850913524187,11.929953707738253,13.599662637835173,14.238977251560115,13.752351135400803,14.045834536968119,12.910466181800802,13.54197801915321,15.155778284771207,14.617393521021341,15.047758265181372,14.37265224821257,15.565710640735462,12.042106751974146,12.573169234835458,13.293393941034662,13.42051679888839,13.77508285762171
14.102100999302033,15.136043019860061,12.447841709376059,11.335952406721159,14.603368435770516,11.758468521289181,16.54292211282098,13.63899893836829,10.730235435807018,13.462575014773801,15.763068036317408,12.994033808360495,13.01459448080395,13.014100232438166,13.20546385425706,13.59869141317043,13.993328448340481,14.20707465244903,11.071438988877805,15.795171827303621,11.394271139029502,16.34511333881085,14.572709154281476,11.55902232247537,17.096834049949564,15.256093794356836,11.579624581293766,16.31081518953641,13.494112358601349,13.053610726790337,12.42628842987777,14.939548314428105,13.541246653694207,14.86894704426572,12.589243223119679,10.949225230364986,14.91991963359056,12.305457054101625,13.643898607474505,11.860808332847968,13.09597435083941,14.109369390911727,11.809599045170593,15.082038470297595,14.348258122126323,13.599615353991258,14.243073974453889,15.405693425795574,14.636463447999752,16.565260103367248,12.41262799765233,12.16575917013921,13.529395827648408,14.255003991510268,11.600016156380972,16.672413524424673,13.793426531574317,12.677367812321087,14.294909742194852,15.003761742734943,12.01893863795718,11.29666044884317,12.04352515220683,14.08826603203076,10.714685869392916,14.926685420685427,14.725088789312853,10.978308025465203,12.161382428398362,16.675799227383376,13.408146113148623,14.871579427966669,10.707800672634537,10.749692007554872,15.825701729915385,13.61919729980475,15.695765690549704,12.575339565720457,13.535090547011524,14.317542696170484,12.829504017081817,13.320527295801158,13.862645216039834,13.126807632738503,16.33827233768765,16.51886647636301,11.734726162924588,15.175239434710088,14.441253368534012,15.009298701366298,14.03496658052893,12.787534119777378,13.4136153984983,14.951972149006746,15.249683860162824,13.248722742414854,15.217491540825286,15.708204824694835,14.702588243925241,14.344342119027997,13.140074453323177,12.802207211026884,12.112196598965122,14.642545539631286,14.812546195503762,12.332707240001918,15.173611391807093,14.441147609278254,10.89950541787239,14.97881483915854,14.04880325210122,15.554238562971014,13.719822720204366,15.318380173703066,14.261162410974869,11.567671240991508,14.90886904731738,12.013237192395659,14.656971769876082,14.193303970472924,13.865486093463833,13.983485006277986,14.43979081828903,16.023034890484674,13.73579067639994,14.085395766641103,14.534238383937902,13.494969460502416,10.949394257248,13.819947280887542,14.785281381137477,15.751176696264173,14.64791854732893,12.099924770829793,13.48632164678833,12.844345706945571,12.3185002800574,15.429663171283579,13.846001109558898,14.686303511950449,14.925862335675845,12.092762037674358,14.150577325339118,14.638610986519716,11.532141242958206,14.682760338554804,15.25797081562797,13.788084083542195,13.086127718732774,13.263671841165824,14.1600335177672,15.48122081636313,15.271080311289412,15.006317664831233,14.506852664135735,11.837702110059329,13.181497975298425,14.808982662699034,10.685967597829817,13.740109608750974,13.890545571244216,14.154515883226626,14.083011288097001,12.727835752262795,14.067322386134654,13.804080326479326,16.495653995090645,10.504238202468057,13.146424874066138,15.162607598540081,15.423755332068264,11.945918214295505,12.737800070703761,12.452639473352335,11.954953408831964,15.402159233007552,13.038624345333107,8.420520770213614,15.132479313127911,13.454164814180404,9.989114304866181,13.172904684067374,13.714365321335416,11.936721976155148,13.605511216337296,14.258471381548679,13.70801129598831,13.972950800877863,12.81079514873785,13.501506969256845,15.155408566843679,14.701166541565833,15.176573147578818,14.581316593594988,15.542301612761165,11.907406097970224,12.864333451255263,13.276675782733653,13.628658151929297,13.679264097019956
14.268388093674213,15.133449358894158,12.27743048324686,11.170276524997819,14.691362991106187,11.802026394289031,16.46987926206042,13.6558885485973,10.86716881969019,13.527459243089169,15.781334806416663,13.119988951903647,12.932845412005355,13.008785245116249,13.377820054412355,13.489991254869558,14.008667625565,14.292510698676951,11.07580218084175,15.80469904748258,11.353415703219355,16.413752890066963,14.610838210919562,11.546797234913909,17.189897817104658,15.201355341735306,11.60032898158539,16.330588032702504,13.430968609467877,13.001895089936651,12.456903878694941,14.954107054076175,13.511334602689884,14.691147499056598,12.63375679265671,10.892022668109414,14.985341349571973,12.189922905180739,13.6572192908318,11.84056456199193,13.167333836523277,14.025060407510574,11.795229601855212,15.244237878770662,14.374950400055866,13.667309373245201,14.294693087332462,15.427748903951242,14.496657339422068,16.4467835405061,12.61133656615985,12.250469349682925,13.397253063892917,14.327114484644868,11.556563113422776,16.77402709382202,13.742448263789495,12.817096086297516,14.31100980278477,15.162461522496711,12.027569839115296,11.261110362917089,12.071621535580944,14.082591870583526,10.752867165713196,14.969729341150694,14.626899727980634,11.039706337288564,12.23659931092019,16.584426854606484,13.350142888852902,15.036023404526818,10.547331561162041,10.66973041693739,15.763823998127927,13.706674992386276,15.769171107215762,12.5766958943495,13.540574273929968,14.441662727985689,12.741243527472003,13.384009718382208,13.968316535743169,13.044658850147899,16.30879708609131,16.435115504964614,11.857780167214479,15.131499506535473,14.387721502583222,14.900136389082546,13.964132756257959,12.810975611884695,13.40620833775113,14.974863966793537,15.19730277666529,13.22088787147651,15.164903068837257,15.836077091018451,14.598615839356295,14.313005897301856,13.138669055769997,12.868332349047202,12.075120528393287,14.587586615153581,14.871991436905105,12.27933896611723,15.11123494635612,14.453667013546532,10.962819183201661,14.869382709480837,14.09338844336764,15.538882252516427,13.78439438047538,15.355715116253531,14.36371681357182,11.59043640377519,15.086379709583623,12.017036832261278,14.563111072140584,14.344652364736449,13.949238480726276,14.083804803316477,14.627173910265915,16.01363838353369,13.697155283563985,14.122917641214883,14.599306649758743,13.48171814138402,10.93194583824604,13.92305342272947,14.731596706903943,15.886011193676307,14.631423672450795,12.228403822118695,13.46685601971492,12.937348991476663,12.212872417607036,15.444744054806653,13.827267876153202,14.642706956481979,14.855829120132617,12.213518935684512,14.183935391643914,14.805311344908558,11.603567604332886,14.546653575732476,15.282086368405864,13.767542270575456,13.031247626305738,13.337459480091447,14.248716525898798,15.485290467077254,15.31130588875985,15.034026793675379,14.299860471155315,11.832167027090614,13.259427292761094,14.879616813041865,10.831129773707529,13.698987993702945,13.855056422016084,14.284387083741358,14.072717040124356,12.796047792383412,14.044747047133757,13.901107351639842,16.536827954266993,10.672113484849438,13.193578252143903,15.220744808567686,15.405402849207233,11.930245525398528,12.738977124392367,12.521748598625825,12.079200013813454,15.53830151494835,13.106583610876305,8.310428748065595,14.981148820491612,13.509884633876577,9.950336968379746,13.111953339935273,13.613925478246879,11.969010598748227,13.703105674287647,14.305720635730188,13.647155879529771,13.98702197436455,12.863031074942915,13.557879936483902,15.130989618729764,14.569069062672252,15.19183926198958,14.579922629471099,15.560995343947072,11.87358310971072,12.874052919781729,13.470753592531988,13.730911419347018,13.725153491087399
14.163137413833315,15.197112831331502,12.227308304951588,11.148326334782785,14.683340970603183,11.910027233353603,16.46963506166686,13.638578766326178,10.869428054776934,13.606636002507633,15.804047375899158,12.887485845750708,12.965350081549436,13.0115810476378,13.36048963148586,13.320788229416992,13.884064677485965,14.30256148470196,11.229910703793228,15.76998368863911,11.309277920131901,16.538649226469502,14.54311666027819,11.601693723037837,17.32657139714869,15.30006721071511,11.56741385134324,16.320364841452044,13.226044498312131,13.03080251724019,12.437558269778306,14.99498878998984,13.584724219332744,14.63582438985215,12.505446875612352,10.862365755539422,14.882299927603267,12.17788580866724,13.686108181645237,11.82056768950322,13.257494243314536,14.10580707032477,11.705238928197776,15.224679896508201,14.425389620369458,13.649963919143191,14.265010360241243,15.479890742412735,14.478315696197761,16.46024174111677,12.572422181790815,12.457834381648592,13.445191550813972,14.294362847312945,11.59653702330648,16.78926972314736,13.73081819989769,12.811808056822862,14.173393549602524,15.169008752839487,12.074629700991345,11.11159365995723,12.131459303121522,14.157858330243231,10.773986288500286,15.043062146718233,14.62818403954433,10.987831936500985,12.22675008159643,16.664017744206436,13.371378478247648,15.037831538538233,10.484036112270067,10.613210230132617,15.83732849915253,13.827719551605883,15.680069120860958,12.561960860290865,13.609664341481455,14.30323053735933,12.752714758226762,13.253182628580502,13.920943145955565,13.130168754913143,16.373977514584077,16.39759672849257,11.870257291127494,15.232259485149859,14.394387781530204,15.079602803505413,14.022817098764046,12.886348681575164,13.43013318828528,15.085527000360182,15.148795583310733,13.269004276743777,15.267260474624573,15.838588516703348,14.487521621039036,14.515926903973803,13.059066061901344,13.024361488658558,12.004597442953107,14.500451161045174,14.94662788247498,12.186720522569189,15.079120137442661,14.422958387263906,11.024208613159661,14.818927793393783,14.080656183390616,15.49344243128559,13.755603919390008,15.476646791625742,14.431029207196111,11.601630120860529,15.202571095671878,11.929971088657478,14.51145292563961,14.377417288972248,13.967603262098175,14.18230441251479,14.662053631174693,15.935738081448333,13.852683416482792,14.182011627691594,14.730279507969566,13.40870966688733,10.95419703874483,14.04554868135097,14.789953113720406,16.03562595929364,14.662927528037534,12.191197858185348,13.458052764093202,12.92608531601644,12.25329613711548,15.461912030075789,13.828220402337973,14.664873106890642,14.897992222294713,12.18681426149014,14.260507772339619,14.874468022051744,11.689145573750457,14.49692828954714,15.17360620998233,13.608016105020317,12.973760375754363,13.393874157633444,14.305552486254449,15.490355039421072,15.367331176671762,14.982322861165873,14.194503445393735,11.800663344598746,13.159952548928214,14.860299508061042,10.638881636365348,13.62034451013155,13.768980571792426,14.238095459196725,14.07867223330436,12.817811270465587,14.134566243558835,13.936940932998404,16.53997013415596,10.510367256839881,13.272186858531873,15.281506771008456,15.397598058105118,12.043288598056261,12.687933368280463,12.593382728405317,11.978484810271636,15.673046709334756,13.075730041917739,8.44005781444884,14.906467023552901,13.533733541715948,9.798484019397446,13.04841932867779,13.484530643585025,11.870678883850948,13.80400060922021,14.108817476103223,13.610795189977898,14.079651160029341,12.827475265419933,13.50200149142297,15.103349569998663,14.605169004968213,15.213167830634216,14.614061758802274,15.644236442828115,11.986359776974716,12.931106715082711,13.513603690691136,13.837663591166919,13.71510885203819
14.215863422590886,15.2307938120557,12.224538448131861,11.13189449095464,14.691796341708228,11.801336335316504,16.56443320810404,13.747108740074856,11.016768890833852,13.605716908131313,15.682407802780915,12.870138594376526,13.180656002395013,13.02860408216598,13.371274293782921,13.298246495044864,13.833154403188672,14.22539155203257,11.274213543053948,16.016173949572174,11.28103608224907,16.778982681062086,14.49371035336033,11.624621258238047,17.26625180212253,15.272063854915075,11.64785355665624,16.170364794982742,13.288170982205601,13.17154936276841,12.524935553927154,14.899964540544493,13.547596600660896,14.73345594394761,12.478688327986447,10.90789825026175,14.980192124461386,12.111576813155443,13.745578639771683,11.774542118254757,13.313194797998648,14.074419456943048,11.721003228174494,15.347688975631348,14.380720632230288,13.531387491359439,14.36110094388159,15.618955483394812,14.512731527943775,16.409708821251805,12.619517004550493,12.572848176674713,13.475719353274915,14.344306810420791,11.662106348649818,16.694451447930593,13.640777810240765,12.717281911672917,14.079240949974652,15.32654597346979,12.184386402262206,10.925644114130645,12.022383032792721,14.143037032905413,10.8198124803581,15.059469802624287,14.642919633493332,11.040077804995931,12.192254006527083,16.673084320328094,13.407458837843548,15.122843217726505,10.457474416431033,10.716135945356582,15.918781980286084,13.828057497680529,15.706491010125623,12.697079523664588,13.489698643258478,14.30690873839037,12.880104396699927,13.205115429405087,14.0199283748905,13.112511513465961,16.254468443364274,16.39138439455398,11.81408108469522,15.291787594036407,14.432398622684918,15.00808561908753,13.877803680538204,12.889134415771611,13.42525198664636,15.010253168795993,15.121187164028514,13.119348554602754,15.328246901569717,15.868496204584655,14.509553825859738,14.43601367549903,12.954906540285224,13.04742512774532,11.980461719713349,14.649470450073453,14.977063983237999,12.275146946276354,15.14856133162787,14.512068477985942,11.089016943600342,14.926609686090943,14.044195792989656,15.594422093689115,13.817686983888168,15.53179257750995,14.358871058879192,11.716019511900866,15.228331387183857,11.860835701069762,14.482816448666437,14.53959902228776,13.97906544402246,14.152024181290065,14.610219257008728,16.015877899465735,13.85433267705394,14.177392773121603,14.80275105988523,13.24470356846781,10.960907426902478,14.035410459151851,14.716511301433385,16.068121463954107,14.658385471598164,12.232922325756254,13.472953054256894,13.15726728513581,12.339305162115235,15.441131941885997,13.841425946688062,14.70428047210494,14.887225635907305,12.158051923036124,14.304348561807533,14.881455857406761,11.740101776480813,14.488970983200362,15.232861437924736,13.637701045551385,13.07172981515052,13.411503241504874,14.185533428227435,15.503688157575445,15.35394769069927,15.111722322464113,14.186892669725887,11.78857418999859,13.211015697903326,14.881421283532172,10.532788889473537,13.608025154500607,13.685108774206403,14.191748963248287,14.01295057084351,12.861091992517524,14.171604338653397,14.093983796722336,16.460938253123675,10.637817682640717,13.007608976655977,15.270283270002325,15.490523473506148,11.956290481965354,12.73558161285397,12.633403858052391,12.141826866425552,15.657245579232276,13.080295635996933,8.490008765713966,14.93744923975751,13.572849880914454,9.853268706133607,13.120899585554707,13.460104754855841,11.90068710546557,13.881603374767472,14.109732739486924,13.411946223061182,14.167242161289087,12.73783241503632,13.619917182905521,15.173225302613087,14.745238422750843,15.086578384157031,14.66911821981814,15.521471966362197,11.97300829815185,12.999644235062316,13.536439658345461,13.791219395609772,13.697883384860116
14.361409688465386,15.208341621964896,12.343839024515889,11.112309177998299,14.600109996703427,11.787873891989744,16.637039462379537,13.808428651542389,10.906722298692982,13.613531791884109,15.711695901177844,12.76485284933812,13.221687271780217,13.25010150594753,13.381397722509845,13.337531079430143,13.846725978720386,14.191976107422413,11.361755666857416,15.986197149445397,11.505693164866347,16.8001518295512,14.507515207473123,11.608265408504307,17.34341488286116,15.139701575901668,11.640717419558948,16.12119020738837,13.288777556348185,13.23308205775157,12.460909821621925,14.871966085569973,13.562869018573329,14.606735431101415,12.5580486509529,10.94549101862802,14.957919359999698,12.1889053467894,13.875605349222072,11.765205481630415,13.283037139930222,14.076546516907952,11.860712091645334,15.364945544468119,14.417186795263897,13.570797427457805,14.272181874592448,15.681567803268809,14.544081492896934,16.48685378604564,12.713892088275996,12.557444124418383,13.474135702945496,14.409024683553737,11.675584251749857,16.605595457427807,13.650460657730395,12.741060366087055,13.946420695829657,15.34905275215613,12.14258349617701,10.903943012554391,12.051651606063036,14.101206781119963,10.86156924174156,15.10561535299768,14.738967910869697,10.954181920053193,12.203693618181793,16.454925083577308,13.410886721539782,15.093227345065293,10.465998814220338,10.652969091957717,15.795793462724241,13.753016450250005,15.770908223157381,12.873786876313037,13.603808346084884,14.266241801410048,13.048895069715071,13.234259840670763,13.945881420216711,13.118738591669503,16.172249087924296,16.31027975834088,11.8034150840137,15.431393059007632,14.331709683798499,15.069576142842886,13.831300576927324,12.880020740468916,13.51706272382286,15.106130893932407,15.023167868549924,13.12014841931305,15.391760200562262,15.87854496513912,14.541344475747994,14.469929022142177,12.95192911486798,12.889778447916612,11.995218139473705,14.762059407494311,14.987701334404232,12.417568939883777,15.297839258021943,14.486024863462221,11.045502035074039,14.971280761539134,14.106950397115419,15.591564361334898,13.796404960586193,15.585531154140845,14.455509620619775,11.561462614702469,15.104864912501503,11.849283789399243,14.63072642202048,14.473827063705334,14.00938251606773,14.209203798071817,14.625975449483011,16.04927492725518,13.772332611699735,14.239873782732936,14.84890149078837,13.264591527946935,11.153568766528846,14.170610139175347,14.708117576393633,16.141131404211883,14.589586770438022,12.19723047244898,13.243900565601049,13.07672939167699,12.234545589537491,15.386145666642657,13.844137618386203,14.604646149634327,14.921179865029666,12.213443782951003,14.292511751819058,14.762007334814763,11.7520393000975,14.591557422448629,15.122274209065944,13.700794231730676,12.91926581213354,13.504300853356753,14.242316643003749,15.545063064490323,15.330172252097825,15.160639651986434,14.211340902123224,11.789368921115004,13.268600782212731,14.991047733909882,10.527415244114525,13.588446157686679,13.856548782145518,14.279178794304782,13.981391740444494,12.773565212260122,14.203109390209491,14.07123251320057,16.506654072264002,10.572772623338079,13.03480329096825,15.234115487467982,15.536103930074491,11.9283951406143,12.722297566509138,12.571763218383643,12.071879424922837,15.606716573796401,13.09110930957018,8.47486433691001,14.941903520890587,13.748262528446052,9.938823409366341,13.065028159954936,13.548656717663638,11.890219463802906,14.009961809043,14.059885353460336,13.453465825429612,14.152946397536883,12.866648963809059,13.589606973767209,15.252181575384919,14.777889129266535,15.170574290996093,14.536235403326874,15.522769450431525,12.039232207789885,13.006984538817084,13.595137084035517,13.810208193458761,13.852049726751366
14.35549391053042,15.17145646123036,12.32921240792241,11.216937593665003,14.65550285194569,11.836667616719627,16.629127144472868,13.74906381330267,10.861105509505657,13.605955074416743,15.786745189666153,12.731209787546971,13.161886856413803,13.196874420895037,13.486979616728561,13.316867106057709,13.799839483609299,14.229763534667605,11.302552920045436,16.0343032276751,11.5411290841238,16.748129098765126,14.566983483054223,11.50665978010111,17.322126565761113,15.169322710526647,11.68669036158026,16.093392053173705,13.332913195135557,13.246934208822234,12.53160140763673,14.847229263235294,13.540556606747296,14.668163978502804,12.505660530619478,10.920557431796334,15.107101400458403,12.1695045412084,13.896087701885902,11.707510221342664,13.354205160850638,14.170140992158688,11.796832736448826,15.451158778356804,14.519518974509372,13.680609880741263,14.310029054926643,15.700550016603955,14.557893988978975,16.505465156337387,12.766005980360744,12.58363082071004,13.447483417133121,14.422400079356285,11.700688854047883,16.70468870221745,13.683485028853756,12.766101251984205,13.948525235967656,15.373902724500782,12.159462324506531,10.853412838231053,12.144172429940028,13.989530695550247,10.742605830298489,15.067998283059106,14.702169572422912,10.886318942799742,12.120042324536673,16.400466344563654,13.439626777590961,15.191794242448642,10.674000772173011,10.727693879996133,15.953973806376125,13.691175625093262,15.830343218015232,12.773563764182919,13.526722894097148,14.288460076609654,13.15869991836728,13.261196113577139,13.917804637143032,13.172700000517848,16.193900515469597,16.331415452454394,11.767784551501208,15.302733481421543,14.367778133472935,15.172681005284959,13.850206631569764,12.871198234501492,13.486935950796028,15.032243843935541,14.996901665308958,13.289802090272346,15.514292867882086,15.998217818250847,14.437592549915559,14.49879478893226,13.018541146795954,12.984092886260527,12.010250113289496,14.699807783200175,14.97789389031318,12.35060874029872,15.292809959745263,14.706397629086945,11.091340072814084,15.105111001080921,14.081226433688085,15.422908388906967,13.852705935654972,15.647971783040926,14.480868662463028,11.463623807936056,14.938313086258706,11.741888583915538,14.771807469808463,14.473846050986417,13.939855673385862,14.208651644552937,14.641793790797974,16.065482665317806,13.745683745473256,14.292938024443888,14.725966025875609,13.404236756387954,11.170004950280328,13.992890715389542,14.753636178551227,16.24371538011403,14.635169803677755,12.12606917319812,13.309101423878404,13.098168920350435,12.376313751372319,15.428562930956533,13.998540915263938,14.634324993873674,14.899700210196091,12.175584039478561,14.433195882960112,14.695020386095274,11.82704004504343,14.617986454719098,15.186970573851418,13.785293785188363,12.79220552677947,13.509207719580312,14.296418256466657,15.545737712273999,15.389399455270636,15.188330417633228,14.286139083327162,11.865128777665504,13.386065703225222,15.022763296194274,10.488345986098576,13.500163163000668,13.825805134575491,14.29565667393696,13.954306255786236,12.858467290506733,13.954007931910365,14.156426700897528,16.550004753815696,10.536900216906508,13.073573275955162,15.263508154918672,15.49188637363704,11.916539097510135,12.734824699622058,12.45059900420248,12.20882774550383,15.56378149621081,13.171056963452973,8.555581771496401,15.060679304969854,13.701887706829435,9.748255525967792,13.12913587570629,13.528102348493421,11.878442653560278,14.04376743951164,14.171474305157254,13.560134222806285,14.159561040160032,12.880301550550941,13.568478223932285,15.183774058519619,14.747881659522433,15.183490855093696,14.565834263049723,15.55043408634731,11.923835702138136,13.023455577554195,13.509653843001669,13.858960163183982,13.72624490606671
14.310811856226755,15.095977545624255,12.430950698196924,11.258805999068683,14.715718655192383,11.888911652936942,16.694812105133412,13.71339444048286,10.898804980832196,13.573279748503422,15.830720708924526,12.744281684112213,13.201991607945054,13.155872180786194,13.548619527939856,13.277231431142397,13.786853440105931,14.190494782640268,11.348187018050204,16.04085885617807,11.543080992880096,16.72034902868218,14.677810501769002,11.634439263962024,17.350720806654756,15.193888478379352,11.685608531984887,16.059552685989377,13.326236410624464,13.110518495774194,12.631950096538592,14.894318712278626,13.573626817205565,14.710995166733586,12.607209822503894,10.900177473513157,15.118685640209428,12.20175802709206,13.742328015549733,11.798796532606762,13.502147194005103,14.109082867848926,11.962934108851686,15.377709903245991,14.694908173428951,13.617435386623827,14.374983720690313,15.648293175050625,14.566609014977665,16.58228581049254,12.826418212637604,12.609789382158874,13.493504203838297,14.471300211263227,11.639536009859608,16.766648953150472,13.832319832352638,12.631792015058904,13.86944950994394,15.274261817250057,12.096762761014553,10.951020925267446,12.229248319447429,13.93578114438873,10.65423809854763,15.048970639989864,14.763045094771725,10.852670319559973,12.324044092786625,16.392058040219254,13.335125298883618,15.281003737729284,10.70263914587686,10.774404940949738,15.950993051851546,13.685445136925766,15.847912073582258,12.71479468016961,13.399406609240186,14.312750544332566,13.271884175437926,13.351319065300611,13.944090117770628,13.299180361223433,16.140433657382335,16.302301242030502,11.658618242784996,15.264333612932024,14.393005352420818,15.096933626658933,13.878224135731392,12.901962252200484,13.447089681580179,14.931434027485427,14.974760165896104,13.233593845175003,15.588441898726634,15.948194171082461,14.557718384663065,14.51785288324932,13.047988648526497,13.062767777525272,12.031041553117534,14.76890260167905,14.95512596316437,12.285919050474748,15.21701659496154,14.638843292435473,11.148036511255142,15.002531121262017,14.226166297577866,15.431067584633933,13.801462872160771,15.627675220300773,14.476353467321072,11.486530786917694,14.893780276681682,11.694312856819655,14.811293690276466,14.385942302324038,13.990048452726334,14.147201121672643,14.81743204707272,15.947239092842212,13.721203954038918,14.198605600274218,14.774057633122524,13.331401397008488,11.160617830659586,14.043260303794092,14.702670487381194,16.353592240145773,14.710076424978935,12.104384078920011,13.4668781747103,12.995080422071199,12.306748510221128,15.448174132328385,13.868685692956921,14.628437895649903,14.988587317791584,12.224717070142097,14.467111192981784,14.691195481807949,11.95015303333514,14.698989053122382,15.141108039470636,13.68828728520134,12.708732536901403,13.677423133715818,14.437394603912054,15.579104771614022,15.41830753952411,15.237912434154797,14.220349231354946,11.791400383088337,13.461850976410803,15.147390915943618,10.438994265981897,13.57422921037004,13.927437939805143,14.230798364893687,13.908503325303993,12.919596696293421,13.993303879487762,14.1877243774798,16.62827435050596,10.528467298698702,13.130167726848542,15.195858866866756,15.498140282545034,11.933735130839061,12.727487671770154,12.48082432725552,12.207605765502125,15.47439164894665,13.17167196745065,8.53188783231436,14.957283347205296,13.708928997650661,9.723432837121434,13.046683927600828,13.663781734033487,11.866924659341628,13.954712823134425,14.248722842315779,13.35419903378103,14.07245890816446,13.01310829949273,13.654708307352776,15.172628236291098,14.809044761295448,15.14010440905915,14.65977034378823,15.594889672542921,12.063197638087917,13.091616084911553,13.477598497210044,13.929752551415879,13.626076346378005
14.319292006421964,15.081731211084701,12.440205733268268,11.20595932317241,14.60922870747516,11.936650716942768,16.67095102397389,13.692402963957038,10.941848309492846,13.539330429656808,15.812840002844466,12.724113321969728,13.286157515152043,13.153282766117247,13.579708147526148,13.380505919894873,13.689843220227058,14.211124459770343,11.377319322300638,16.03263028388821,11.539912862227999,16.68291400538317,14.669687364494138,11.7313842639652,17.31052296273121,15.157188523115959,11.691494134653345,16.053871690423332,13.265974437591698,13.140543794341104,12.53304372186273,14.98105304685809,13.444242732152542,14.712098416772664,12.621360194604895,10.857403347793706,15.072243548670379,12.21048266546893,13.653319598333535,11.784084350859013,13.594289405691464,14.056798358678487,11.890558884684777,15.356107471392717,14.674929445249697,13.45116275641663,14.230233458189868,15.638619429211126,14.491876180583981,16.623703390681456,12.950149902773026,12.608975456243813,13.514268275560804,14.529858950721973,11.597187237356035,16.762248796356573,13.817705024910124,12.609806717303005,13.812837920002215,15.200109972724812,11.98325361046715,11.024484795107599,12.206873056892933,13.916712091232334,10.669434874519348,15.160219295398052,14.698128060268866,10.89789925268299,12.459946766742798,16.35048876412377,13.380935745225509,15.224088881832937,10.641829252320061,10.918982046915845,16.11867753480767,13.636969431034561,15.925477925274308,12.704810308248746,13.394099352402348,14.287919598948065,13.330928625259604,13.300700173285545,13.85610078253315,13.294501118845762,16.13547855469525,16.29510261387538,11.729886567550734,15.31654959302524,14.433647371022435,15.213795364162843,13.91451891102935,12.929844554098006,13.424916344011233,14.869599761971005,15.08562448181371,13.272771367733279,15.64396701569597,15.924379699238008,14.595435894187709,14.419751334726966,12.958508599103062,13.057808882081776,12.003243198443457,14.63371512729255,14.980547629415755,12.317382933658685,15.277534130999626,14.69524015299483,10.985406494265318,15.094042125708926,14.20972236912976,15.450776631545551,13.740953158586823,15.67526537658299,14.547067480702369,11.572359939636813,14.828984262449984,11.633256370730903,14.930716366333142,14.311889734177836,14.046887830026046,14.186125991374626,14.697705707963506,16.02374835893092,13.809017987790625,14.206950147137418,14.90186674078432,13.38079395507847,11.113964462133282,14.041315732114667,14.694266202729667,16.42429732539827,14.673213577981809,12.088085522478005,13.286471963039938,12.99791407029561,12.387556265926511,15.460744030662019,13.993559759629443,14.640487794555746,15.105110243728223,12.2612106673468,14.448178470807079,14.71579855444347,11.929155693533271,14.779189733238601,15.11972244063715,13.645494893531291,12.749516727190215,13.80955137987778,14.503792889322687,15.547435982383496,15.57456194191811,15.408184040478567,14.195321884502432,11.780005530732042,13.492486710195713,15.043295835822061,10.512914478538548,13.579277501274149,13.998886301679415,14.267909827727571,13.72903506353496,12.924369640859961,14.054908351049765,14.236129305611579,16.685328622258982,10.622069803614263,13.013999086010065,15.057186640683819,15.364465459670392,11.956195745437617,12.776517542492822,12.489899763914092,12.189016643203411,15.570858519875042,13.252908030864624,8.550520755834848,15.076586294693893,13.745717732048286,9.78910779818645,12.963140606410617,13.693490428806317,11.817732933664479,13.935546334016859,14.104017561388162,13.408438359781314,14.06645399477977,12.926354967654095,13.711818959267363,15.09703724658847,14.784846910288715,15.059856681363202,14.677839542827826,15.555533847834939,12.234852256315685,13.07141723582004,13.603645053250206,13.932243668578922,13.705972148426689
14.402545014047291,15.153196975776355,12.539998124562224,11.423765999115027,14.704717392190815,11.939799546585682,16.608222811909318,13.738373708872684,11.011192374062023,13.646872545263312,15.854144535962934,12.74643491438991,13.299336440908156,13.230743564746726,13.72483138695528,13.446747543610861,13.582856289393602,14.090069489078902,11.482992130732288,16.020294199675774,11.52162582155203,16.69522804710498,14.55172841788818,11.730779947739283,17.428776780960092,15.149158966021428,11.788653567780107,15.970112393010542,13.213916163035584,13.191792328972236,12.500746991355882,15.039121417829923,13.401151171453341,14.763956926577425,12.70993042846462,10.838202235875542,15.157745541149866,12.318459065288561,13.585875649062556,11.78491433641597,13.643368256683177,14.043014730820222,12.05577148050688,15.446727786595108,14.679219348609125,13.409424499498483,14.266097500744083,15.782229719673687,14.645517005399498,16.76948070107843,13.02518433097487,12.675107394975038,13.463951932655407,14.36475366322582,11.596089409484055,16.76397531543013,13.88566480624452,12.633833124605351,13.725944097153052,15.196852183854558,12.067061418627695,10.873863519576307,12.296696766230317,14.033418288669848,10.69285402899502,15.194533545187465,14.828487177697967,10.847753639804406,12.405606478374272,16.351313769537903,13.475993319610142,15.188383052036139,10.623423697856522,10.997503126436712,16.211717477211657,13.575679080114408,15.980971136771064,12.576238078152926,13.488030077521664,14.359886187249874,13.480522679762165,13.24351033844538,13.905822659953179,13.1945003779078,16.264029330969617,16.329031331982275,11.826644478505989,15.422533516751676,14.471010094590504,15.218810974358844,13.950374272659944,12.95772872183669,13.466574095985262,14.826172728004538,15.076495698831975,13.204801141770313,15.627494477550895,15.905043795709284,14.595109476690798,14.509622540955943,12.94600612105418,12.985013295232559,12.002631506126134,14.573488627094411,14.952262313222263,12.410821183265211,15.266124644672333,14.73726508348387,11.02516702032774,15.168127802704493,14.060367193137326,15.452820717584153,13.707260964898143,15.51555384924595,14.429788284808518,11.649772973726462,14.738565030397247,11.779403856599231,14.911429060158131,14.282301431880873,14.091241904314673,14.253191162778313,14.59217153421892,15.963410138705383,13.776420721426094,14.4235990374404,14.885720557647076,13.407861964885795,11.143722627547763,14.08601859293639,14.682791388472626,16.371448132362367,14.672927130817689,12.074653502365361,13.216949071675504,12.978008296828337,12.52044123516732,15.449481949478413,13.908740021402961,14.532103940945971,15.01625396624712,12.21229914439505,14.511911824077023,14.763576657489685,11.856754558195076,14.799615854314794,15.24418371940733,13.569663989469914,12.841362417169751,13.84665640234085,14.399756756421796,15.457121436236367,15.577856256351296,15.390835072012857,14.332180772830403,11.783866488727266,13.371893409133216,15.098513451527566,10.48214248825254,13.613816483353963,14.125167808857665,14.264722676036785,13.645791552443944,12.983739465711627,14.088626364282797,14.130127443699307,16.603730588746977,10.670691443143317,12.844502288077715,15.224636709220224,15.2571660808946,11.843417842850558,12.821407892582128,12.548063569714673,12.357738354255448,15.614732174365862,13.194727345704358,8.533444363604035,15.06729656215551,13.66872701120884,9.693689860716715,12.967219838568754,13.709138876402442,11.75257921295622,14.004645325166297,13.993219618873114,13.430161398821518,14.111083965036526,12.983780958288913,13.434721437028855,15.046910161144796,14.734343252598833,14.996383837637039,14.65124752630163,15.417486207382385,12.30282506762316,13.037552791917262,13.646209488334078,13.940520966595033,13.66402183802182
14.521241592470254,15.227148087826212,12.437056683062819,11.42865007290587,14.724078503862277,11.919523885488637,16.550444337953074,13.778098899143217,10.975079142582302,13.70914131314888,15.841093691715978,12.744497695559712,13.349184011389788,13.230179659306556,13.702672608906155,13.671224195332467,13.583634611182513,14.014870386067644,11.394103137448155,16.026281853663292,11.380852776015804,16.544957143036957,14.468492485422715,11.670224852776515,17.231751177606395,15.148973864997775,11.871016169121978,15.955456664681613,12.938086725294582,13.19932962895394,12.631085495246117,15.03135738324231,13.352096190356422,14.70562062865909,12.711942881708314,11.00698910839327,15.05523462479677,12.248821287449545,13.543190340247282,11.761750351547473,13.738175720125797,14.144034660825923,12.156866692029665,15.536356548275595,14.696538278063883,13.528281196220524,14.260747421036816,15.733315772520596,14.591201945290686,16.78513720160933,13.01536803437693,12.762429269275131,13.437897357805483,14.396897060219683,11.630564580412313,16.836261365233128,13.924024608997417,12.564141907784656,13.59941920489112,15.221961878891044,12.053269282974872,10.926127999635675,12.370568136430412,13.995753916904643,10.656509132094897,15.127863155824176,14.779619896218287,10.814242980939149,12.402003591437099,16.36138839807476,13.316461775409774,15.224184935334053,10.651984152831458,10.868469673491584,16.206480750551215,13.600974576656913,15.935579614996152,12.570824181907868,13.534288402156228,14.198952712631547,13.551314814382062,13.2166114578262,13.983508032019497,13.123674335682825,16.35777889639498,16.23188408887691,11.739659713252511,15.463482991340992,14.549766177561393,15.066449770000112,13.909409602198364,12.909067329840935,13.5311560758953,14.793092316657386,15.107120825814638,13.34492252527505,15.571279747544475,16.088812464873175,14.565565031657432,14.610779710155791,12.857717034358084,12.903562546987791,12.007265456266882,14.575021602003638,14.970099433670738,12.585227769135711,15.272585723915547,14.711535053353856,11.005735499989282,15.124382285345765,14.055394516971944,15.41964367731066,13.816928693859861,15.337255974410049,14.407386695491512,11.598071840819877,14.672323555567493,11.872261074884246,14.962086081435865,14.295762422862715,13.903222118754867,14.335603827488526,14.399441048888608,15.969342861782144,13.894135692859981,14.415780026514659,14.846172194595518,13.44305344633454,10.965595560758471,14.016100375722255,14.733786831852655,16.310385868791503,14.509471566615895,12.041993935808136,13.329848634416031,13.06954746108178,12.527693993185888,15.480823382672241,13.860795810093897,14.703456840688569,15.005308903837795,12.225725899355735,14.480847575952863,14.73306451513627,11.763746684692487,14.741270867125703,15.189764176750584,13.603902207924827,12.85588767644319,13.97132079302679,14.389292872584196,15.432375539226111,15.634808081371256,15.403913926012164,14.369478935440727,11.732542076144426,13.326866431318097,14.969934859838512,10.466306904088956,13.832253945387059,14.176972218462586,14.190564826254862,13.684123281359444,13.096645941390262,14.078743900871379,14.089917966234498,16.58965871438997,10.763818092316995,12.981517880417684,15.232657367491111,15.210039050677734,11.92506323758243,12.75936071504376,12.497551330809577,12.446692821833699,15.653709413664119,13.088714059357118,8.454324157723626,15.054781609154109,13.757323795668608,9.659156170993283,12.888382084486036,13.781797579218244,11.87188134085661,13.907265173329934,14.0285568848671,13.336322605169734,14.095096422252542,13.016289064589364,13.436977673195546,14.931899725763536,14.812185226732659,14.919566758365214,14.638122858338216,15.359348014734564,12.467075465069142,13.10427371263678,13.678391143713569,14.003913979334078,13.50041345183751
14.57959660720554,15.298989754128513,12.321710966774202,11.316219983209097,14.687022536018713,12.017130017322033,16.444308737285905,13.68944900332352,10.977594224481546,13.748123294574963,15.804515405405546,12.78179944629597,13.488230463818182,13.387785700111316,13.675542651676341,13.594641684383094,13.402435229497671,13.959382682469261,11.47369442512562,16.05847082767571,11.3228515693828,16.577575095835382,14.336487323021952,11.674086065318855,17.17089453092937,15.042733319606329,11.752265205437707,15.982342829069168,12.827266163181356,13.3343959011164,12.589078532740686,15.072599869605325,13.433652558475085,14.702432124286599,12.745218368550221,11.066643496272453,15.116539185141617,12.285016625961683,13.667233404902763,11.640864231161206,13.760693499987203,14.187144718975901,12.114092520343004,15.520795229163275,14.609353249933097,13.561257648540739,14.196934070475367,15.819307116843179,14.681781984263736,16.752599633096924,12.878121255400467,12.744191617213676,13.27818980804811,14.506864910921774,11.616487515223664,16.707192001927204,13.959414886637775,12.539553078744854,13.618489027705197,15.295986019099812,12.038198165927431,10.98474299279962,12.406920393016708,13.997774682958694,10.62375865426527,15.14804835594445,14.859609748759853,10.783951811802725,12.558427302805182,16.28285340485109,13.18475237926172,15.242102527161126,10.627035932835632,10.861475627848877,16.321097664768875,13.631421373104601,16.055153035554866,12.678866075586985,13.462775132006403,14.264377018583708,13.507875141506222,13.149681959204841,14.051829737326893,13.199990641497482,16.301411804818944,16.307555341378976,11.767646916835032,15.488926571552298,14.583868100464775,15.091946507816013,13.944981949332144,12.938337483031061,13.430711131671735,14.749018030016167,15.19178682006978,13.397263548806299,15.539850407924813,15.948236471209752,14.489359615591043,14.775443335660038,12.837314119904335,12.778116111639239,11.98112951065319,14.653573560504125,14.900155109637726,12.471440971861725,15.338625406377796,14.721395149964204,11.067452837790752,15.224224905712369,14.064449842409411,15.489206963087883,13.97609951042585,15.34261926331526,14.343281603628068,11.636445508009475,14.871886079386012,11.867459444207235,14.860621149247663,14.104831573996949,13.889979179023662,14.244061604740272,14.519898922439483,15.91593474208279,13.731798797618447,14.508367644983636,15.02216943687121,13.518029505883549,11.03613196612042,13.957148679006266,14.75909104785052,16.318436343790463,14.604223802691417,11.875235266540669,13.405990302977543,13.07733689215259,12.427370665836037,15.432538192692355,13.878269175576195,14.778593593179698,15.045433868149729,12.242897332499508,14.505549421652297,14.891056703893101,11.858597712421439,14.655533940606295,15.334096644731078,13.639283516184623,12.820495688461888,13.888287731338671,14.33329323358578,15.292118659108297,15.68831170844523,15.4237156517056,14.381482389173039,11.662164188267845,13.28527583616394,15.122696689658786,10.494452372039712,13.715144018569093,14.172370168541008,14.197573994277462,13.620379464405495,13.147606266879407,14.140037059847838,14.019515439290664,16.54692356739657,10.758982728805627,13.007725028388347,15.2910341762909,15.317722820015728,11.87946276964237,12.851365568080828,12.488622255659129,12.42695881771414,15.749184714387681,12.930524378835372,8.408332519538265,15.145589982257128,13.83492331413047,9.596897142958928,13.093834940946365,13.862071340108901,11.80235108870712,13.864094369425917,14.075993134081465,13.207931932566698,14.16348359723227,12.97863788845471,13.41293319908945,14.90568401101275,14.726153201751504,15.057892091257584,14.554439288814068,15.26099942127386,12.495824432945534,13.131982157585982,13.786671137686586,13.896196483836656,13.518884269637969
14.504043357245033,15.304601295268519,12.297479128715578,11.2828875857059,14.813316665913002,12.059995408228128,16.395184053641902,13.792570244293428,10.948892121776147,13.680939959598618,15.747570873805106,12.877999937368683,13.374500813659774,13.298943738059776,13.80319315487887,13.607994453460936,13.440773813089747,13.914875672807238,11.531576773585092,15.995517209604266,11.340091728963666,16.46383272358773,14.368894187177249,11.729547271353391,17.18911982285171,15.052303437831588,11.838695006750948,15.946396599527084,12.797423868292528,13.348705597330175,12.551792709197537,15.11159171377927,13.51703064217257,14.491096928107787,12.858099066690169,11.010603742397318,15.26837294221786,12.318904352006676,13.71965465081642,11.573604697968984,13.78197229821612,14.19808460890393,12.017595273722195,15.42512841455889,14.519367599612798,13.560698290258948,14.28240374988653,15.882394789780676,14.77995670931661,16.752267506957633,12.825998826358418,12.63672481213834,13.27374734846795,14.369123493981729,11.620234124660117,16.778004983956,13.873510201890932,12.543499138771105,13.543032329709828,15.33374260034173,12.139626165444522,10.974906658769617,12.425922667970157,13.908122085332218,10.504975347790785,15.298740730957391,14.813697536192615,10.719061188507535,12.587175372069467,16.3538787013143,13.202267109111379,15.17004259722622,10.52838170201021,10.96229133219545,16.183712814214978,13.857622171152839,15.979136749671733,12.620479874701214,13.432249787186189,14.133836324053663,13.536057792446506,13.166006062582923,13.884624837411467,13.053317979679198,16.40745419091829,16.34526331147991,11.964459226886794,15.487334828047405,14.542672038689622,15.208452639426849,13.894028865283827,12.935200998592011,13.355350429780895,14.76263464972628,15.267349713214328,13.242531186349142,15.65243455198552,15.835742481817938,14.404210797782648,14.813629276641192,12.799570310386923,12.774193194775693,12.054071513533582,14.76924099346471,14.869089241396123,12.366134897552833,15.281598443563057,14.75099510253939,11.055672647657461,15.026875224802255,14.09535796006325,15.416730688778978,13.88617251702196,15.377944193073306,14.36899756506171,11.6414314856831,14.758191223831414,11.812115461297447,14.78380802211714,14.095495525543758,13.972038755352093,14.233210138290964,14.34419486886957,16.03231041709383,13.784677905607676,14.58129028338168,15.055090278313525,13.501047092253637,11.066302219583559,13.880212686454637,14.854011141173762,16.267173035797818,14.522539188857584,11.84325446003445,13.417099084903501,12.966235299163687,12.518510973300765,15.504479694180079,14.10687718614047,14.858940933424973,14.978149052647904,12.159771679446658,14.558114140494368,14.899955430082656,11.920092861780828,14.58998372687938,15.297511322374818,13.518385111941653,12.909044619849562,13.967646344028768,14.278415957974167,15.308088615925291,15.7926435481716,15.5578762097162,14.449293821844323,11.603064971980203,13.295249167516443,15.17273436367638,10.549279458678468,13.709415697202244,14.258684812874776,14.38425825660938,13.627081271869356,13.060550878438367,14.18609497813889,14.011435290536829,16.537270641197676,10.929844876463761,12.868187934277517,15.317488955334568,15.300062254930191,11.99643078277839,12.828399451560061,12.390389496385431,12.230174755090387,15.826963221258517,12.883133979681988,8.399400699006199,15.159517706266348,13.835906029938856,9.576576659964282,12.96572084838231,13.754288613495248,11.737442800778133,14.024373574285875,14.022850729762439,13.332310386520353,14.126030713149946,12.951125060457613,13.516482388938574,14.9108113439736,14.847051801423634,15.097379976791215,14.58687095005121,15.318600484564342,12.536125559948989,13.091545935770583,13.841450626612831,13.853938775484314,13.546029205331607
14.4601081732782,15.33995381593262,12.26626758417991,11.191123988024582,14.84359106886445,12.113095941647567,16.482891416545055,13.885265461676388,10.82442987228929,13.793345079861695,15.93216681255009,12.87389033254455,13.406522945810064,13.293067108513338,13.716548608739496,13.682651119527069,13.341355991032383,13.916153676648168,11.561603712301801,16.06131525368893,11.381647094259566,16.54400251052476,14.411794106672692,11.780852337399008,17.32523715022481,15.060383969103242,11.81207704587741,16.115648897797396,12.84301850196199,13.411407423624464,12.526989613302359,15.10646611701646,13.525476617575606,14.416953671737026,12.940741048573907,11.086962339379367,15.308154990710179,12.30653523198251,13.76987168658265,11.567869129639739,13.838681060616649,14.21644762940553,11.949438888391542,15.38796637863318,14.550836405353044,13.364936373470549,14.28036947758266,15.913766413921069,14.785522138757132,16.83792739446118,12.906442259242489,12.541946089042096,13.367892647047164,14.41341612073149,11.70081583563661,16.80168116827135,13.886895594287296,12.549127185660813,13.503159492929795,15.377541346617551,12.217283209963226,10.903946473626744,12.409146659982678,13.859108107495116,10.480659916882042,15.404989127627786,14.826301624535146,10.655828749091956,12.612222297054283,16.337630959411293,13.259815556918578,15.118132615351803,10.495950085861594,11.029338301091709,16.183006068074018,13.851858720798186,16.03956436710375,12.732647623190276,13.607937972918103,14.042743664147435,13.465849224306933,13.180752411157071,13.878461511534006,13.004540162812305,16.26967650938301,16.40682685894823,11.952997699380342,15.42337475126664,14.472911749519552,15.27198316940632,13.949681463846899,13.124146132395465,13.363367278775765,14.655860198416256,15.336387782459095,13.254589294960297,15.661075244157432,15.779185209868293,14.428980885272578,14.74608947471123,12.933280921629594,12.889235899193137,11.893762802401497,14.745262549973983,14.825589635282395,12.4476759852541,15.311092116526604,14.716045799539744,11.138175610620877,15.030584314334307,14.207970979729938,15.322719559491503,13.964109639631909,15.35664599453915,14.355543514504124,11.570527983890413,14.5623371853435,11.869537208695435,15.008971018101889,14.066798846744941,13.996568899181717,14.381473869632233,14.307382142444583,16.00906312664082,13.915778683615256,14.493854916061524,15.188489553349276,13.670789176066915,10.912113631660253,13.86100456941314,14.914457199324413,16.233432699283863,14.49553235502802,11.902843369403117,13.512326649120649,12.930955674287524,12.59017844291906,15.583551421927552,14.176836269234062,14.943750281637532,15.081647128952982,12.086835598114412,14.632110060073162,14.931753464972557,12.112164494704487,14.569027529632734,15.244256566955626,13.587906935848206,12.803294242745215,13.880761737892417,14.266739251646408,15.476167007394308,15.696369054839792,15.579519987016045,14.537976365129584,11.763580669750024,13.220151344554713,15.205209108687177,10.603194559743116,13.784505441023365,14.125460278904674,14.25816574971147,13.657883198789122,13.042958484527418,14.185345729567956,14.063251161273842,16.59571909581492,10.813474405507616,12.886319089920049,15.344313035057349,15.469063308063529,11.95564725848388,12.801673598535954,12.302694062703921,12.306301474036522,15.79106044988294,12.87638732804577,8.368166147921295,15.167834228569426,13.87230570564979,9.558646237934463,13.024291964094065,13.727855133710486,11.749878435025087,14.017391434335927,14.065722482443924,13.509191899789656,14.234766702096563,12.912820789561719,13.463098734244612,14.931771845140217,14.833426979041082,15.134992641639169,14.519205480072381,15.326604350779672,12.583915617425015,13.096122220910146,13.89848432789165,13.909459656634827,13.476330442976417
15.086380817497956,15.958886421760553,12.862845285543443,11.72937255779731,15.629944338496015,12.646877945584276,16.962228259653333,14.50461137477446,11.497436757285255,14.393846830934047,16.37767374853351,13.501044572548595,13.978859669102874,13.978101996146036,14.398872043681413,14.380855673917749,14.051130439689118,14.425857106365076,12.176431865745979,16.611424317115958,11.813742873271048,16.973012538617077,14.899873271265548,12.432174427204863,17.884608166274976,15.652491797143442,12.507534854522094,16.773198913913536,13.420371163467392,14.073855541143075,13.26697190144838,15.596338455674719,14.140961623457628,14.95416626297763,13.587718816862045,11.663688161802044,15.801744328355209,13.023102043081254,14.379325847964672,12.039245886252422,14.427712799133294,14.75796399179039,12.556900055945935,16.064515785699932,15.405108497937825,14.006221066071486,14.868499249355153,16.58402850754797,15.58432947035821,17.525645140364457,13.584308606010518,13.058314267381816,13.84208192284316,15.040908128623766,12.353319674812345,17.46554476338214,14.29556934077472,13.054524269007965,14.033734890829738,15.890227380804246,12.812122337634486,11.536599305233254,12.9888744429463,14.47253657903756,11.07101904757065,15.92942413248596,15.426418566098025,11.447211193763588,13.235507010907412,17.07765850327848,13.935263719216488,15.761406156469576,11.137703451843803,11.69561506891703,16.83470592530441,14.460344133595314,16.62240974792979,13.372307874453766,14.146725193982189,14.672055905807827,14.093174849266658,13.849250399568628,14.568986529329223,13.51176107702756,16.892722048944822,16.92351155526282,12.584170288250725,16.07332175183263,15.007734878009884,15.917292171432043,14.561930172266381,13.674785603703711,13.823151299066597,15.28358689703054,16.026356250346225,13.925956759859178,16.38621700710405,16.372926894645943,15.055465354730924,15.332098668769573,13.477887511055886,13.729572064753421,12.477949484791194,15.361581737828429,15.395769300548825,13.044917862536812,15.963007658961443,15.262080980768852,11.825474771070548,15.62607807607333,14.856896548847887,15.756926268625394,14.633651805515584,15.950290539583461,14.928923728078196,12.150016413569784,15.025363876599808,12.535457738269347,15.505844705390814,14.67425106071399,14.623241943713488,15.05612833840429,14.888657418601568,16.689938896690197,14.685242392638935,15.100049078204743,15.710330486433799,14.307923498244923,11.4425118520891,14.599425865851455,15.531187776118784,16.87445722836717,15.13053443528401,12.474690399710944,14.078467336328728,13.515488854820992,13.286970540778512,16.247019234222183,14.860630348671696,15.666732816930333,15.788752896827303,12.565175579296353,15.392057578489805,15.686606620995027,12.849635669953349,15.216857703994155,15.81160335212368,14.278246698555082,13.477969789686455,14.622976747375342,14.83803365662614,16.101322531681966,16.358260654956972,16.221887102030248,15.151216333973343,12.380038416087503,13.827796296193739,15.768155086315465,11.01007325767206,14.418964335671255,14.69625500648238,14.847567010314902,14.121350606514184,13.716455460567929,14.747536277851493,14.75539314997109,17.18806403248622,11.487824300268718,13.464720370508925,15.908234471588614,15.97515788506713,12.465562193961413,13.317578894557624,12.904223826923305,12.972657051494465,16.375572167807572,13.317197835277959,8.841632679118899,15.904677571686621,14.504591401721608,10.1900008421557,13.750342992421904,14.324574038784194,12.363984638646125,14.585534283020689,14.816982950964007,14.069896807894851,14.99532848447649,13.522382441795987,14.128603501917757,15.586100588538116,15.39565077519858,15.73501410342596,15.154974676894751,15.972578601239142,13.317922395491616,13.551694317839322,14.497648092785548,14.550826152970123,14.163033687893238
14.994257271407577,16.076399173626182,12.780763744103966,11.653629551081307,15.59094331881291,12.835223209150294,17.08152531824491,14.437289594698003,11.385408961360621,14.347370637151446,16.618100971517862,13.637501015029569,13.885686107572052,14.281484291786526,14.681601749876027,14.407978121245154,14.183073664050509,14.643400474707125,12.047621121106598,16.44475999404326,11.883333389875586,16.965540900200267,14.90069459655591,12.33872275171466,18.055334145874475,15.727177279997072,12.513146996758753,16.700956399267927,13.505926577285805,14.248404236118263,13.315696622652009,15.62356837044295,14.032056519526936,15.106560490184194,13.555342946496307,11.717068332858831,15.98362264355984,12.960585643122872,14.604567807093382,12.163185391276672,14.366098386832087,14.648133541152795,12.543182655487385,16.248442434047266,15.207693565332495,13.860116502426102,14.676010588309728,16.697515272612137,15.593508729828486,17.58273247631171,13.64737575335142,12.964590160507342,13.706959110747931,15.1029564658983,12.255096575758088,17.4957817009607,14.365602874511234,13.190144958139046,14.08964081752257,16.024193259913833,12.95360971891221,11.56136736156947,13.047411422047366,14.417353904149836,11.188553300244989,15.896585279347384,15.396755910292846,11.450813088460935,13.186273436816625,17.140368742317925,14.09694421518988,15.837687720491695,11.138858245054724,11.672618141804689,16.889534093789322,14.342616974952255,16.55925479105207,13.53032465746758,14.05111036987068,14.669635024679751,14.03202462744265,14.065119443052044,14.659016960877066,13.605240498157142,16.898500380189674,16.932607304247284,12.687379353159795,16.151973886628525,15.16387526423259,15.972952060171162,14.464430028067733,13.673214407423785,13.582011954710776,15.399174556018254,15.932706489635308,14.164725880356304,16.358818910704656,16.344762702470792,15.065736656881569,15.40006101114564,13.22678131398167,13.80748512499224,12.382671279927937,15.33074031095653,15.427761551447071,13.377365469495833,15.800556970371606,15.040124311846837,11.639025951279843,15.660331686243323,14.972764493929017,15.660131006524844,14.971514938352481,15.851018689305857,14.689416364764687,12.026460804324064,15.067296358202851,12.486652114013697,15.343620000925512,14.530248063977226,14.761703125765584,15.261444840947641,15.046445656793885,16.76658608242582,14.64691766023064,14.823100429718869,15.792656680955261,14.558151721138307,11.538619833269346,14.71072359627096,15.817095001656405,16.757641894147245,15.23094978092232,12.421720078207802,14.179308703324423,13.512585048265766,13.171241927654988,16.362535985938617,14.928888000582822,15.881414736453404,16.025053181047124,12.41816478840921,15.209339533864332,15.688850581429623,13.008123229455904,15.11211213729795,15.86166345369698,14.547020350758102,13.558076511239388,14.661279413670146,14.968180042425598,16.116050518538255,16.211869515440895,16.09832321221019,15.272287179763108,12.373817616283656,14.131295832623843,15.797490135962382,11.079604295853864,14.615236576917352,14.824575485283916,14.64132475199424,14.096193470163708,13.548691596362975,14.657135013077975,14.753875540888078,17.41222474657688,11.475372998956033,13.491417672247476,15.977363096378584,16.14671488040426,12.523565661489108,13.408449366289325,12.771610707976281,13.069652338851393,16.567581162591623,13.202922207917348,8.748995307680453,15.859750316062623,14.62269328963619,10.14985387878257,14.07176326819687,14.392274424267066,12.452100670159073,14.617644183360017,14.85749391942019,14.29366669006042,15.202001665337056,13.684361886169594,14.353395231096147,15.63688932548749,15.561175442997678,15.673125077681384,15.340932942434888,15.821870985989586,13.332114461978385,13.557303294713304,14.39794944994237,14.677834654993585,14.351904814930082
15.101786152120482,16.168378769769273,12.736662227771848,11.792871619618797,15.383798677086215,12.685350389624192,17.144746004620842,14.437424279859881,11.390030553304706,14.325289510178816,16.71247322103878,13.592676383987271,13.712263321222174,14.16222742761638,14.822384998716304,14.421556058447937,14.368358532414327,14.632354779680497,12.071616574441427,16.435469798152624,11.951022028883521,17.059982650216853,14.901414886892322,12.473879134801187,18.18902079478159,15.852441250724087,12.362909022956803,16.84131088604568,13.462678728558426,14.262592532362333,13.458224787885882,15.860605174560138,13.93089904439736,14.990084858696779,13.76354102187197,11.685912103491944,15.725223997905266,13.314851589339042,14.518555120648745,12.441371379035457,14.387192640690287,14.871779369382436,12.654993529330971,16.413802825031333,15.265236720987465,13.790794563651698,14.915084531191614,16.874148929475233,15.727853660839873,17.7823760326847,13.5233338340697,13.170878551313578,13.767925585041938,15.134337002754473,12.105014063474544,17.23240363026964,14.577715990494161,13.148395674588025,14.17164498064935,16.12849223949562,13.213594957258127,11.48231224308893,13.034648713359644,14.523167648314764,11.235446779244652,16.048949491266935,15.349936021604636,11.60212257197761,13.26371745337351,17.07813497139398,14.321292678386644,15.83497443020732,11.155252983673408,11.830490207954968,16.96569509508607,14.17320976815414,16.680352184497565,13.329630180460242,13.910205438947475,14.713262856228024,13.998726381062374,13.965304331819542,14.664366570784948,13.83893588035757,17.005415628775502,16.873744526338193,12.620508209180883,16.173683003547232,15.08277295464651,15.919861644328236,14.464148818032909,13.823068223445668,13.565104569359944,15.573545016858077,15.967801807730488,14.418463563332738,16.309269849476426,16.437965839880835,15.051846635099205,15.463933622578402,13.234969615056695,13.710125844669475,12.50398199169031,15.332454110058762,15.683483021647024,13.61926779823031,15.786444756360062,15.152991654535153,11.760048988192969,15.798320663096892,14.987888805359017,15.895274774381578,15.140348203074227,16.033703668844865,14.646665170917242,12.214062187593246,15.110831528341505,12.413148753911456,15.325023668292944,14.684528869080825,14.556326083007557,15.188471416675334,15.14429328716253,16.72095935896857,14.698611234129315,14.824619132091147,15.552570474469094,14.648988523800648,11.78336217033806,14.538151591558691,15.858837753066407,16.676367788426933,15.251411581479244,12.29111772492596,14.01313117895616,13.63303575441614,13.327180653350084,16.323185369452077,15.023433203502497,16.144638111989213,15.924051139240806,12.351953458924203,15.275022663884728,15.631510168658094,12.956791643149783,14.997245300665995,15.815097902252074,14.549132904248887,13.300095062308538,14.824827163720288,14.858442912012118,15.922403691023597,16.27079362942093,16.06674738617264,15.18017214350987,12.272558669716203,14.348769736927142,15.892127533879915,11.063076617953918,14.529664212306333,14.996675056809952,14.800735260963798,14.283216642837333,13.65116169173367,14.587212296935089,14.733627285088845,17.574248812744013,11.568756189581661,13.545220612499328,16.053412297932496,16.120417318528812,12.170639753321721,13.57948855928538,12.655836231911852,12.969945675457206,16.459024952574467,12.864472277062358,8.981822702831009,16.103376866734624,14.631476512613698,10.295840195141645,14.042427706716639,14.224680604972232,12.30591864505894,14.688453631146364,14.911809027235313,14.360530186024274,15.210736782522552,13.867224204329611,14.248381785463284,15.638342338100266,15.489385231540721,15.795888231026327,15.228949114748564,15.944505170672736,13.370732871792608,13.604919630358799,14.327154421304568,14.635224632706962,14.30605009289139
15.132061319956627,16.355393709220607,12.868565298083496,11.745512172215271,15.492184515324084,12.644453926550375,17.08421954981371,14.288858889911419,11.411799609947957,14.21507169375343,16.764316389981865,13.362103830215244,13.804367438132351,14.152953858751191,14.721292715906293,14.158460928721492,14.64548088597499,14.737219165831085,12.19426537180847,16.4257593108061,12.15329790242898,16.952559260593507,15.12677994275177,12.613030467134841,18.27710808030558,15.738415652514181,12.371318689267182,16.80870926877316,13.574477921280986,14.381026225480587,13.448625654688652,16.17147335946003,13.960045335315664,15.064389356331361,13.892345311763227,11.913517304360425,15.863968986577966,13.325834143007684,14.47362327915809,12.282698135378341,14.501942204161969,14.81330953615441,12.637565733395126,16.21592905324336,15.407875775937974,13.932117331940571,15.004693558413972,16.91185639374633,15.661893339387735,17.76398005911085,13.65844023933409,13.132000322447437,13.814993692781275,15.233045243682522,12.173412983355405,17.4027886701693,14.632304558925968,13.161613615523155,14.215997465687547,16.39142810675252,13.323046203111385,11.646340127235018,13.253625810897718,14.78980273953212,11.406532459686126,15.776732622860791,15.207851468588004,11.600052559480655,13.415727738026533,17.275520460001438,14.272528912707953,15.684415752615786,11.133608629425767,12.0117778957951,17.001025330021243,14.347619558490676,16.705240758599047,13.268986138053913,13.902072016543562,14.545401437858631,14.181813255377216,14.135309373189541,14.87019212511299,13.556652723212077,17.016699649195115,16.83181087157763,12.398835782638235,16.15588790311006,15.104989768001309,16.048552034831864,14.574239677642657,13.774950975080634,13.50686252495962,15.764796970630838,15.92268000308656,14.332295097564323,16.53355866231678,16.36415372766117,15.165660444375426,15.50506684281736,13.25448800931649,13.491981455357562,12.448633515143166,15.265316700197431,15.51507387681589,13.772034351539821,15.818598300304082,15.54822937119126,11.838034895939042,15.767236577996842,14.850676664936863,15.743342113650899,15.232787798135819,16.300064157848396,14.360365778773867,12.31593025558483,15.26937696018571,12.322370195460595,15.191670946824408,14.659068426532167,14.65685845096061,15.351769797201484,15.181952648260467,16.911401424650492,14.74737446713016,14.854264042081855,15.640382160235944,14.832797118063153,11.954189958179363,14.616615955987859,15.863922710335407,16.69362496355301,15.42241710304086,12.252763802209927,14.1112082996925,13.47151241175539,13.017253800343752,16.486720516556545,14.915189632650858,16.168263593631348,16.087489558437,12.231677495767746,15.426258831171808,15.662879919106237,12.91808727368169,14.811291366296517,15.850398605928438,14.70051453459406,13.313843358936078,14.88753240765756,14.882251748727251,15.934225128486704,16.04043886403183,16.20498532348942,15.285751101251506,12.145052682931135,14.540632192909914,15.791531981134078,11.256354719972764,14.451261875461208,15.06870897635585,14.923757451821517,14.243911595837154,13.91708979287325,14.612750277035515,14.785569612136669,17.622439311077283,11.57504820757448,13.575415567812671,16.002854963764033,15.944498563846553,12.42556786355812,13.733058373100087,12.451708712323903,13.196795531719772,16.66096632086559,12.699185377929314,9.010785714583024,16.19143548720746,14.743318695688371,10.10155766128053,14.208994899626402,14.150327868595443,12.595379004397065,14.8435312726629,14.915471968827886,14.568026138498091,15.479129471089387,13.80398392365708,14.373047440010547,15.623154807835098,15.575443625101899,15.73046091326928,15.39151631258027,15.802685639710267,13.299873804244637,13.763709899584976,14.454166078557094,14.458421721229618,14.563611701072034
15.125616404456713,16.308402057875963,13.00272391064652,11.764239918544916,15.516353678907173,12.945880850228551,17.12928327248611,14.174713530330054,11.30001292410516,14.474402749804538,16.748195349523083,13.675564241988214,13.819118902890509,14.317206127049497,14.763592271611484,14.216747916994036,14.597975140211396,14.94845918159899,12.14570549195031,16.4026918270167,12.071791683839963,16.768646678304027,15.029031296451596,12.64170645548932,18.450055346350055,15.420701955568452,12.232653561155296,17.071324287103785,13.709927892377301,14.535728990613977,13.645865828975229,16.0246684108551,14.135212325046211,15.084983224947406,13.873052663648618,11.936398532668184,15.690900513490064,13.20226223660197,14.582748268384616,12.497071472293866,14.565798427723783,14.869625075345088,12.666871229256474,16.09353218867938,15.530323130597845,14.122886223405139,14.847961059931704,17.046316365202326,15.593663498195873,17.921491579152843,13.764184030416784,13.356220261491567,13.829013059930931,15.046036588194344,12.001528391745218,17.22180553382627,14.779339204731274,13.049974504556118,14.128271559406805,16.47442557067585,13.373916441823846,11.821013697465927,13.274704025110712,14.795642261008908,11.49518909561259,15.62987471156752,15.19592278800395,11.862377647798265,13.40889006980399,17.567780103746095,14.33770942213571,15.683525185460189,11.249356797441147,12.161844558779016,17.179944932291676,14.450641324419566,16.626505671872902,13.27132032424,14.144822492065007,14.640471177459252,14.147438432215695,14.217404845419004,14.796438063413401,13.425448404775928,17.131089818586975,16.85319017077432,12.505483326018481,16.179354734000626,15.182888656160019,16.016401160641397,14.644963371777136,14.001218501668081,13.51264148512673,15.884568649900311,16.04192150368581,14.199100359456201,16.51369779492435,16.52838793220214,15.217797422836494,15.587408799288006,13.375034234846325,13.608713885125724,12.391197271911556,15.430926177367622,15.326998347296081,13.867953448699106,15.936980434628083,15.687460974839963,11.971644781668893,15.756180043026806,14.999216582006172,15.611784216922082,15.312657834459127,16.358320337481665,14.589785805517947,12.521818754454204,15.453304064689313,12.451972880619628,15.178922430506624,14.71485496776545,14.701785152356885,15.309177317500042,15.197997813223205,17.00969029705747,14.573939676715868,15.064103337155336,15.773625242001284,14.77395753158848,12.046253097919521,14.576472889243366,15.688244334757828,16.851040667242582,15.49062227717219,12.163536076665588,14.26827451373687,13.528188827353373,13.307819571664169,16.50590366603783,15.078434378926474,16.289505659977998,16.156690935041574,12.34536571538337,15.552538302703141,15.563249370575496,13.098023746854345,14.734378847533007,15.936178952266225,14.803737802742853,13.3501582764449,14.868336798482291,14.632471791753154,15.958249537254149,16.134178275460556,16.042434236389134,15.321872251374472,12.461843276031159,14.40714028329742,15.92713156392828,11.1547561785955,14.305196874224599,15.303115533993598,15.028068131934463,14.204336525151735,13.719026439372945,14.577432857702874,14.70387670933036,17.68231334444266,11.497940999123209,13.864831841520335,16.04922300445406,15.793151605788582,12.494937768948985,13.912956374620387,12.352268426567907,13.203258970275183,16.570576184482555,12.609891948782348,9.238285839411288,15.944701376066003,14.95272239766763,10.25271008377828,14.32752128619563,14.179257317157191,12.650189590332047,14.857055815120358,14.82751072689486,14.687473249975172,15.491179623214174,13.606534841327644,14.524415968377369,15.653276595963254,15.649206283475685,15.64107901862888,15.39066786339551,15.801535875919958,13.284014438371212,13.735823445243705,14.329522772975317,14.788753239361316,14.731612428476595
15.022925197087043,16.420932815761123,13.045281548968653,11.805086202750887,15.544404133921855,12.97985865038859,17.19309349475302,14.217115028331436,11.34532633846151,14.587565661493834,16.79048837221979,13.716888085106376,13.836418757253407,14.343493528498414,15.195233913777729,14.168231543532912,14.646394544880682,14.848715966111433,12.141065821466812,16.538688039716348,12.093438556606694,16.915319057079188,15.067573381810622,12.632897565811348,18.52514742605875,15.22454770463315,12.3892589803602,17.114254047205048,13.695204607118267,14.503412695864853,13.648957434941083,16.03435877593238,14.17224006879463,15.06860768594651,14.124924575358929,12.04482114096754,15.807994168891264,13.558037672999594,14.488953980152026,12.587717510965975,14.474183719842362,14.751073260104839,12.729518386470742,16.33862551672832,15.552854147530574,14.143764534141678,14.95696548981816,17.097047674667007,15.731677135668914,18.03662085317586,13.698192111482673,13.365021743322112,13.931382819042911,15.175283728170808,11.909777621547356,17.30041181198176,14.77699580871514,13.206985906444832,14.085805303915771,16.544328852664055,13.38616703592685,11.787944373539025,13.435443236854619,14.875475810929892,11.350134449729794,15.62041471238094,15.30298192160299,11.913452983537997,13.275290874532702,17.723541764055305,14.38311764710652,15.61477001286431,11.164756362730795,12.163475173853083,17.43069648673838,14.460018324950434,16.76416850740736,13.32289429761837,14.059978575303564,14.65306595410475,14.196341472428248,14.149751038401412,14.979824224230626,13.67482761828418,17.06572343262904,16.78145569991072,12.746161346469636,15.923142051392857,15.356677010776465,16.002024123735914,14.819758267773924,14.170185083539605,13.575285977667189,15.663424038769556,15.879990485420455,14.376020794613314,16.569733289939336,16.477909705938146,15.314648672289499,15.618943826196952,13.34666990585708,13.638942572496598,12.439448200784618,15.443279427889573,15.448590598836937,13.954202168047658,15.922935033406198,15.758070171298975,11.921746320077268,15.86658593888005,14.848387395780371,15.68828687925095,15.426061865803351,16.236861077926257,14.618233893887373,12.503251873102773,15.74801576628245,12.55864447939277,15.239911252963301,14.777225695961146,14.634579645701221,15.339146385841637,15.34693545679644,17.32328157569386,14.722961821859963,15.027977067717199,15.831158717469435,14.617292968290897,12.508579480343169,14.575873524788829,15.717437886677638,16.971114190198595,15.530623417227524,12.258372916662804,14.36660086698389,13.652882602088317,13.272970098396994,16.373665159669777,15.015350519425818,16.239572817805993,16.388161832482997,12.52629093723941,15.746408180780882,15.919811217144284,13.340013885169224,14.885142633710194,15.884696411110694,14.844178605664958,13.610938301853912,14.907254431561771,14.56596151915662,15.922396757452843,16.036744701360682,16.32390486272643,15.327848882127423,12.6117028950209,14.712871792221195,16.119375498510976,11.28526638606783,14.411738748025606,15.505614458935113,15.090266703465261,14.381647237244142,13.821454395100126,14.41668132606242,14.861422206659858,17.59467824274845,11.895915692615194,13.81598225374029,16.383835401948136,15.704690510923859,12.819180344249418,13.912322350829028,12.312769891369928,13.167451589675183,16.703892128727855,12.819352038933937,9.211740368231027,15.967471632474386,15.053154477289647,10.415676277837722,14.287587347250632,14.115975644935775,12.737932077103721,15.019539147382408,14.851025386252086,14.694984060927323,15.5669326156557,13.6607025640038,14.83909275435338,15.623724692555717,15.76213119289468,15.359053163800564,15.38500244251731,16.04614532546739,13.32665770470765,13.73162742589027,14.407393376782732,14.912507088247839,14.967587343896335
15.226958767102765,16.325682351529473,13.045129157265716,11.717099318418848,15.533742151356527,12.91901860999953,17.15887388255603,14.109393998393656,11.414359144912734,14.782169957426992,16.7877747184688,13.752929567816626,14.075989831528647,14.356441954760431,15.143499515284596,14.20044368451195,14.670627199912461,15.081878648233998,11.787340168344105,16.663410062895103,12.246090020034366,17.074927492359993,15.232425318913183,12.779212556451284,18.422473697007735,15.35634953051078,12.444654071903685,17.323833616984647,13.667338311184402,14.28754690792038,13.853114075650069,16.118606398412627,14.41350641883687,14.852402514923252,14.110425022576774,12.264024747202008,15.924841538474489,13.465213506333454,14.572828943955018,12.555932726633133,14.344477222601757,14.727721617510063,12.83732410462232,16.50577476825634,15.639968230382365,14.17852585720027,14.89541795817324,17.44842908558956,15.824218962992168,18.188178519327597,13.84355411142663,13.454573831970063,13.916584419074043,15.040723569368204,12.065579506432908,17.334141176400745,14.802587650825908,13.466411695648878,14.236356767486441,16.556717574405795,13.461762395256631,11.806038145683132,13.32222196452283,14.784912710187506,11.350546913072293,15.423301746781725,15.179861412203648,11.867526015260534,13.279621141117754,17.45848354686169,14.483428186917365,15.679539098409172,11.203964643561966,12.355526070728718,17.707061499704924,14.567059295602702,16.92842613126597,13.315851600873994,14.042804306340521,14.822639226337948,14.4502719418561,14.17490810311862,15.198114885260757,13.61438179750965,16.971888867460514,16.77038078667355,12.905660209233451,16.056753653773445,15.46253371934409,16.037357710892422,14.958973260491133,14.428026357935861,13.55583865795486,15.59708191582884,16.04232223180007,14.256141376865482,16.67247054208133,16.749193957006288,15.568382881165956,15.706220141129835,13.282920744492856,13.33290546715256,12.574822948640753,15.714502261544817,15.545324871101169,14.115292212446073,15.923592065346597,15.850924118389102,11.82292757064458,15.784085845619062,14.834334116610906,15.80332846985264,15.516414871785948,16.194227487605836,14.541187616086406,12.540020349270481,15.813475472421974,12.723301406437383,15.462250953522645,14.576407996308136,14.651598377885112,15.37236525000247,15.355397029842218,17.616346244361907,14.666812947104377,15.101833519375521,15.807340621851797,14.546624620974951,12.450037700077996,14.395809024543393,15.544235064392852,16.856806209398016,15.503857367230477,12.246909904255585,14.393792070010436,13.744333057301553,12.889590903034575,16.46732709369972,15.13650600376345,16.332219312163968,16.807079507088606,12.321438641208882,15.952499238660288,15.855103699962864,13.32997068921421,14.8067206913685,15.920630121066974,15.055751852041798,13.699458039390606,15.025435165264593,14.576322348693084,15.977848222375204,16.108292964930026,16.351368116732395,15.538584961163233,12.576797777663263,15.023169077758654,16.2687412876192,11.205554260512843,14.538043220969117,15.582248610711174,15.051479505267343,14.436973186802799,13.814174411866155,14.532451437249097,14.876366269930099,17.54133393496634,11.861227964035507,13.766670360549604,16.512480388185626,15.624539253338446,12.715218376764671,14.059416296992296,12.275114076571498,13.373841164802965,16.852040697681222,12.854786289718266,9.38302367382747,15.970073594002038,15.133668670519278,10.330871979339086,14.55949689885676,14.359284471342656,12.686337897546087,15.212153466817494,14.877206387066249,14.671938984402269,15.483334195581786,13.775575910511566,14.604491548506983,15.479092189445202,15.901282917011535,15.429385117177208,15.35066744967789,16.08850978824995,13.482804856715553,13.889263667467056,14.307088623883812,15.229418897962654,15.086027870522074
15.234510841649659,16.187653104157665,13.029017298214564,11.808902487022559,15.619145604686283,12.84201425862108,17.213684414561545,14.002434859729124,11.759058966915669,14.965774592282944,16.71979452782262,13.832362427270397,14.019916160192444,14.473337655864581,15.219240932397174,14.243483062341165,14.647062499288241,15.194240735109881,12.201788649825897,16.686546451945098,12.537267244848373,16.873309261267536,15.07677915152302,12.886051730210509,18.414143966351336,15.432990266383019,12.4721372803787,17.382939636118234,13.666313238061246,14.50623680495271,13.734842478459303,16.243383319666584,14.330958843553363,14.830741033127492,13.93554067317545,12.463506489128985,15.96920021072496,13.687062784164679,14.686849901396513,12.791756806503686,14.326360023806634,14.86866632218045,12.972136967241482,16.81666381106149,15.84514328974163,13.951837045612429,15.117906420356665,17.81132141651009,16.016992794344965,18.334221077928703,13.83708067980264,13.436637573306713,13.942469440458273,15.069406908688165,12.266782190189232,17.37275068645539,14.896110531697554,13.573599510608096,14.185476060054233,16.672873973345776,13.205072543597765,11.97254588038588,13.386420223398742,14.675796205576018,11.277848135344712,15.276951736798138,15.15970886576535,12.002929719196366,13.28008617794218,17.546575360277885,14.3099183938052,15.941678673905447,11.181427375932897,12.280565889621313,17.77511049398489,14.586582470538113,16.902003946842076,13.316648861037777,13.891557531222656,14.94959969113221,14.374395969703874,14.150675595016414,15.095269576524444,13.474046685087494,17.207577307117706,16.81581277489338,12.985964610961638,16.18558716243569,15.39802764497363,16.228804633322437,15.020115085671774,14.3870583457258,13.418640640574292,15.528790411377587,16.21246766865129,14.100558562004636,16.733602130063478,16.714307836098644,15.569578307071732,15.963140463530834,13.423405366706994,13.428511390800693,12.75074665676086,15.60786759094297,15.72355497517109,14.136312945257004,15.861282596376922,16.038156928761836,11.927062117959492,15.749303142612554,14.964290133934224,15.671737349391966,15.445772388101329,16.160279490537583,14.338762498156946,12.791848612734112,15.969179708195842,12.883177293095143,15.473991044548123,14.861981613637656,14.677872017583526,15.214906588920096,15.191910124183108,17.568078309283635,14.741535963623635,15.015821857344411,15.708868545468995,14.490234105643415,12.523410348599828,14.435637879282462,15.882113047457,16.795084766143226,15.366493390748419,12.368438626498287,14.445266020613095,13.759415782222677,12.723557940675033,16.31492123891552,14.980972338486893,16.464175132495264,16.991949607988026,12.411298108445017,16.129854103346606,16.020494526275197,13.205829902826066,14.866926466228794,15.899982927721773,15.167288466940064,13.689399942787334,15.270563641200843,14.6458643549156,15.941330006683007,16.052845850113858,16.31065459380497,15.474720744395382,12.502107474982473,14.947581301078904,16.39717407693993,11.16018959031926,14.73245922695276,15.66969023398252,15.056471603613424,14.334590709794082,13.907446396872917,14.456498460443385,15.023493790611207,17.703627643875834,11.972016967315453,13.912922939759088,16.499646113708536,15.667464416739872,12.722381993916848,14.240273005896523,12.466869211645122,13.413017197175284,16.898226148300314,12.76232072271789,9.622738404760412,15.900675924331816,15.160487529837955,10.270565403168053,14.706238243082318,14.447740080244916,12.637856557721683,15.306840523200169,14.953017273594998,14.622725961711815,15.58726377383446,13.859365746686576,14.629683537783825,15.574959398807515,15.936755419051728,15.264358103322245,15.492714098457544,16.02162362016213,13.670963952035484,13.970459391509653,14.636429497997092,15.456491166479676,15.021868927717863
15.272988374695776,16.116656004666616,12.99667697351066,11.841637650620246,15.430997569630163,12.796785591873187,17.098832037294116,13.828551733889986,11.489629730772807,15.10249399537927,16.928075349969912,14.066347766188203,14.204320219552827,14.422456304023846,15.411717816695957,14.137142973191859,14.704353972793777,15.267523377064151,12.267495094673746,16.693950444072893,12.555299782667355,16.87973657501632,15.051335255239055,12.747945137617481,18.472720387589646,15.381760320936557,12.367438103808814,17.49137423283769,13.613254931276524,14.348237991615678,13.784289016974906,16.496075034771433,14.48172417224054,14.860016044649292,13.761408207263857,12.324196776447177,15.953393457658551,13.71067677937123,14.643870611940123,12.828821959396777,14.484698694928392,14.73891253260069,13.223561974047604,16.799062243730173,16.016837488575845,14.05034640164522,14.974834628393689,17.880006563892763,16.097882115796153,18.26939645352874,13.746089083548007,13.506097895981457,13.995752582530875,15.057913397314024,12.379544984877176,17.286306890650494,14.636874725452511,13.47912193333671,14.332547572414402,16.64397991780038,13.143454885381091,12.049225700259003,13.381165631049228,14.616287253993631,11.309261958902713,15.326584071455452,15.28153590869463,11.89329753016779,13.469739027787613,17.830128474566855,14.295619826193128,16.26934056457094,11.226352124749987,12.300235747153835,17.7894743902831,14.845600808701178,16.932958684318844,13.17442115822991,13.887393796368306,15.105269506505625,14.36012481429228,14.120037051516965,15.040074905723404,13.45245065361365,17.186325153294263,16.93538855080858,13.038444910408867,16.36484311001715,15.683055454655623,16.27799746138205,14.701220123837516,14.525364974696764,13.513460532611816,15.439482958898603,16.086855079636013,13.936190140841292,17.07835873016741,16.37237470175327,15.639047244233314,15.999364925982647,13.263234784190066,13.49548195721171,12.713185691258442,15.716938855276098,15.879666411278018,14.192239704920954,15.849298752869862,16.200536955900496,12.10564653107007,15.838701242999559,14.865417448411437,15.583759741147977,15.698146131717232,16.078078547611412,14.377950250049519,12.856754344753158,15.86490067455422,12.657095766637653,15.493175387747105,14.927619150844691,14.845898848974352,15.251597310790878,15.185584732560999,17.307195593758777,14.841906655812378,15.26926912197757,15.707022496264251,14.60989243545435,12.810411809999534,14.304915987318815,15.871505248626763,16.833232160630576,15.384695148945951,12.446512803078786,14.30347203297626,13.590242886760393,12.737731909619065,16.328223016137603,15.140881183596985,16.573781910279838,17.094953600613696,12.386769239011475,16.244451086728905,16.118059895608045,13.295487650765482,14.889706572320076,15.89186255269264,15.221683256925164,13.8084679104427,15.363913499031357,14.651678596540107,16.15948305471299,16.031028413797205,16.45858465453253,15.405383311934028,12.571895883081545,15.012367132078317,16.502953382937328,11.249675867259937,14.908964185882757,15.726350681775934,14.919015012008163,14.503062492916529,13.814953449123669,14.523869227751765,14.968164268379416,17.712473802286105,12.055929809503553,14.024198575772756,16.509133227968547,15.478466247012642,12.56888573154572,14.376822580891805,12.4996682135823,13.340729568915474,16.99744462833438,12.904060211136285,9.679396489163523,15.848557049249573,15.097020049034532,10.447804010570367,14.75403487460041,14.407227042315242,12.836184730353793,15.49015521840908,14.964615817980398,14.760147486584179,15.6680749338501,13.937131396804721,14.619859684748558,15.74669244669712,15.939512595208733,14.988189818874801,15.598915484047255,16.254859949646068,13.619279837506395,14.225725803673527,14.60519484246791,15.642888137548427,14.878643190773639
15.492988179196605,16.334328917367603,13.112293260677124,11.736812132413679,15.332920254920243,12.821318200080446,17.161046636144338,14.097371216394995,11.618338744884182,15.133262164369011,17.031448097903446,14.388767584225363,14.033585071969354,14.455190605890994,15.379619708592612,14.273766039925588,14.84987418315085,15.36349129859022,12.577032343176676,16.903812265491712,12.512585746329549,17.064990190177465,14.922830484150369,12.601806832239633,18.627606273054965,15.610683174099405,12.443689396521501,17.420547878246534,13.594364619427848,14.315870080621249,13.887048101993392,16.640428607474043,14.249982401493142,14.815526468405249,13.868756044160767,12.41713510634169,16.167660706785274,13.491769085886562,14.549376384339233,12.833870532004672,14.583079205311819,14.887447933457837,13.28894579346443,16.99047735083043,16.00824560649039,14.034542453963093,15.005013671164393,17.895302935094673,16.000053066755115,18.24057137271876,13.696128183934142,13.370591950904052,13.995261463741834,14.965202824114577,12.510536059552322,17.340498939235577,14.694537887456995,13.35973134071525,14.323775597668577,16.558734886274255,13.349103207019855,11.842651923329125,13.497076819789653,14.647783246321337,11.445821715622444,15.315131897682749,15.345811252390565,12.192408811427779,13.702454283210425,17.817214102101843,14.216622728961337,16.50407558504338,11.000092350635676,12.317808240345592,18.034107127919484,14.84057952125886,17.08300363783193,13.229994984962788,13.908868498897572,14.946166894006092,14.308833548235834,14.193070873221359,15.047350657393258,13.491464830752435,17.05800569955906,16.877389085111453,13.301076786282232,16.23732787208814,15.927518797167465,16.615532764769707,14.696566924097727,14.560552333687959,13.470441418977634,15.353085516975646,16.03806556250788,13.962879293392001,17.063336466123168,16.261595898149512,15.886801327904461,16.09861774642311,13.167578818514688,13.536970895060975,12.894403200214734,16.074485788379988,15.827296395827654,14.04521385947483,15.784810963484293,16.41052129995339,12.25249414124867,15.754336270766949,14.88863387279139,15.705924864788724,16.103905737053104,16.295949396387474,14.55096581822561,12.832849384984417,16.011887983217786,12.879187954318866,15.580181414246589,14.79153848237838,14.99877970783689,15.250532487513585,15.012726482974179,17.356335468514647,14.87910038940059,15.269428928568287,15.845281592055903,14.80156424688535,12.92143749103495,14.51410274229322,15.73081834255505,16.47842416328008,15.39908433893503,12.449415415720637,14.587259432997271,13.58522700914082,12.84786453975126,16.491874685929048,15.222977405798414,16.65727585435248,17.159715758646517,12.596019636852578,16.371388029665116,16.23501408251983,13.477524556991726,14.89197665869088,16.084753821865583,15.23659950892927,13.718054158660863,15.265873132287613,14.530548533194498,16.145027442814996,16.027827097604828,16.62234705685536,15.493903045126562,12.500061039691275,15.433673803485119,16.46898176897438,11.202691535695754,15.058780773535187,15.77367849368979,14.83749246533326,14.096923373172338,13.689122750923179,14.754111159701152,14.78224993625209,17.878730867879874,12.132962953511948,14.184785603253854,16.45052603803094,15.449625762746637,12.61362062992824,14.452535741565477,12.392867009168244,13.379349289600926,16.98355221800867,12.910281566792218,9.939400635625859,15.988843593571984,15.19329174417413,10.388405444523933,14.854011633723875,14.240053505981008,12.697574988483314,15.36219695545143,14.82048692706196,14.850392971773948,15.74558724748722,14.192879058646895,14.660123119986023,15.64946102591015,15.786224863824208,14.891897270710894,15.47973770027317,16.144015942279967,13.466669791821246,14.081490191450815,14.668258358424824,15.648858941027695,15.035826650470593
15.620677335640657,16.499579281374196,13.284090424480583,11.556820197834133,15.099548859500283,13.033650989978199,17.322133814757034,14.403495239314145,11.773667349181999,15.380445055599994,17.088954593718178,14.359163134269082,14.118903458882409,14.587468691200046,15.534985913962311,14.446732559559592,14.95568078693114,15.524755741768187,12.606187370123301,17.1098046730349,12.690677082530733,17.003626193917114,14.761238262029346,12.750915691599737,18.649805001805046,15.706690328226946,12.48101291005309,17.450384351329998,13.752569449491801,14.266852718593663,13.931294206416883,16.68937356220024,14.088308450638634,14.879698280049768,13.70730440556483,12.763967207016933,16.093464397991895,13.562687284291114,14.79455394720103,12.877559119296121,14.52210605596575,15.091149316987197,13.459496002342403,17.09822701283797,15.975784331144224,14.103958454071483,14.944255020681013,18.057051169169533,15.965259928152932,18.101979356162882,14.002663310535112,13.530684136456767,14.309226652618218,15.015439264363065,12.549364311252628,17.27201820193001,14.719059611373828,13.248516152949188,14.486744516492603,16.323584074498896,13.475310519977928,11.794960275835521,13.593156182128283,14.861511546769988,11.587288927862446,15.313030190354139,15.546948020470253,12.148066769635129,13.782246049347027,17.93346308124891,14.235111987909468,16.494986899106056,10.898300299440638,12.56506692418104,18.248589965482793,14.825975762469712,17.138999861924876,13.447274975568932,13.742456463658403,15.042445058915384,14.443104536170706,14.259180232409536,15.372024434701748,13.645882145821457,16.974109265574263,16.802862433659378,13.465883775447798,16.18504142131742,16.057950685397806,16.721833124072827,14.802635793745472,14.696608268920407,13.81482757825978,15.31669947801099,16.04872072940237,14.158007108261366,17.169140207503357,16.361524067275575,15.965917067395218,16.153227710957573,13.538100309387714,13.447947118790452,13.124947171846788,15.960304475133032,16.117001573211766,14.307450112662865,15.622954983634989,16.48140525454814,12.38543498639124,15.700895244936524,14.636457436877233,15.665467357859184,16.21356863007032,16.43162380532302,14.465854213740371,13.169919320016943,15.927737209874016,12.902896777947678,15.843607905930096,14.596466964521534,15.026305776476153,15.487585022531297,14.960166970933248,17.312631022673482,14.976642598008482,15.306760990300857,15.917549409728418,14.701074859969289,13.17486875282449,14.707376631151199,15.719000338615313,16.331590516500107,15.207882097910334,12.540789758795443,14.482178367709377,13.618798137988504,12.808379487397264,16.645127686523256,15.202703291586541,16.698107617371715,16.935663729940227,12.35299888165433,16.42061228599952,16.36663698733113,13.674000958522656,14.80828786285038,16.40227810035263,15.378184124830774,13.685382135075551,15.419186704513221,14.648733134197913,16.17797165365181,16.065108298000602,16.783246197076764,15.62219914182452,12.441296148061557,15.465133870336453,16.485731411218786,11.171311428202474,15.22004600349793,15.819325178770264,15.22873331131019,13.940871344433614,13.77363574863735,14.82203876214025,14.877688893071976,17.86201176763126,12.050211165348298,14.16087999037459,16.590298679935366,15.24079465028969,12.640311630939058,14.727419584028926,12.292056880293257,13.324405727118156,16.90465899287884,13.033677464315865,10.069002807105925,16.063895826306066,15.429664243259658,10.283355797303253,14.955555654673448,14.147601945513907,12.74383028301492,15.613153831215982,14.7550230838948,14.701119851137177,16.05147398319048,14.243670599928045,14.767669874230599,15.74224385303263,15.930749665567605,14.79230585802423,15.308919017807296,16.07229652655665,13.492152611727816,14.19591013545743,14.5365433720558,15.394241015216641,15.032712026037263
15.618202571172121,16.42829704437357,13.247450034320646,11.402633679984943,15.024986201607152,13.437522794294395,17.014138300996752,14.463226797156306,11.76408731975741,15.435742316033732,17.117943864386813,14.468127155575713,14.084652914656614,14.642458805093902,15.68530587325841,14.436639266507756,14.954910551603602,15.630008904523761,12.516042636267594,17.293378565070103,12.833083951456096,16.953373932715422,14.599649481180137,12.691788124323043,18.651795320858135,15.596425286501006,12.569541955804116,17.53021313689814,13.78253790953645,14.254516359895996,13.78216857430184,16.721486263954667,14.265762982084745,14.908985427506378,13.738615889812644,12.635241998058845,16.2618749742393,13.81175229541772,14.73298094559936,12.99527845841561,14.389006235092104,15.136838937545969,13.585061225599782,16.930721996525836,16.093405316531424,14.324728149425836,15.036725715042124,18.181003153880628,15.85101223062491,17.917281546283412,13.771844956252727,13.332802836205357,14.482559114452553,14.86081562592476,12.69143044731264,17.16305076351318,14.893872487156116,13.246134644913802,14.323142497720998,16.323018301582824,13.465797142087501,11.58398414827029,13.471676032831425,14.902099509214574,11.832585364005508,15.420661367024072,15.596233651882,11.993118475704373,13.596687110832434,17.768315975246626,14.18984243181303,16.71370488274152,11.07444377090019,12.866841078741391,18.38406644829035,14.919770380789702,17.2427757944074,13.4514010139904,13.657008168124204,15.224856379234321,14.567527620743055,14.290304337258041,15.516986527514879,13.701906062089265,17.13296848064719,16.863904291438228,13.304146019081806,16.127672929710005,16.067359083103153,17.006017357769664,14.802750533409608,14.8752362507057,13.779106624108328,15.344109019245769,16.361040751742117,14.053963430443961,17.52859268417943,16.27104907447702,15.871441556062019,16.26864630220878,13.715319573086983,13.589024291409634,13.073224473680233,15.857869151173007,16.209032357349233,14.431283941580045,15.660148796817195,16.534383156651316,12.370344674325704,15.728505721268714,14.462183521092882,15.520984977036248,16.427985594353373,16.42000176495795,14.508090168305696,13.372886983827017,16.04702699027057,12.789836907931688,15.797403507775153,14.588559835847905,15.082308057278137,15.665613139662351,14.917658430244288,17.228248674791917,15.106081991485302,15.572840602746119,15.733384071342904,14.54769758894605,13.406938853727251,14.80964304174837,15.92749070226889,16.235627428783985,15.116672267694364,12.56544951064164,14.649153267114457,13.816059459183933,12.841732672637557,16.658326565729524,15.560615762361198,16.737505338148036,17.35882170888916,12.124673842749553,16.438600538874347,16.32805964400554,13.616099372306582,15.051754713083985,16.518708408976362,15.280753943758645,13.849457415522755,15.531487377591905,14.952793158220523,16.34676425660949,16.1327092508443,16.73665213846057,15.558036804273035,12.672822148799304,15.521664645673498,16.418537148483782,11.150087810076403,15.216984343652525,16.130999284094997,15.361532134993286,14.008145669437376,14.061542003526307,14.973898549964053,14.806473432873691,17.702056016315407,12.19630135993714,14.283072535872343,16.61970697549946,15.117196696739956,12.422483449630517,14.673831649071513,12.353171158860127,13.43368654063497,16.96133971723389,13.127727362283064,10.171474030188524,16.13991065845721,15.656579699816636,10.321400659827342,14.894228644812376,14.134486181580804,12.767380585427212,15.50325215406613,14.744434297360316,14.915671006964496,16.49627495432186,14.636030612255517,14.797076092455521,15.795440489485218,16.056221635632568,14.724984867721693,15.518782542728678,16.05860417661729,13.728343750704553,14.187462743146085,14.46844891252543,15.436451968051967,15.217789653406012
15.560750445964246,16.375126212471972,13.399547269283175,11.486275282628279,14.96913831026152,13.463389981408513,17.097573855505907,14.487996079689594,11.732182788873201,15.593057920630558,17.025950907813154,14.39653826601794,14.162119314760993,14.640000512859116,15.79167611792384,14.387482389855514,14.85645128317594,15.689597976579993,12.393118232887822,17.398370160381884,12.965624216971689,17.335217137294787,14.750253360132739,12.786877472365028,18.62374280588853,15.440184398509613,12.704738379635168,17.460839338001463,13.795309605997682,14.367321930601646,13.939088057624659,16.855870124109742,14.351544360554408,14.912883326563241,13.827135117228167,12.586887978119194,16.228793626332756,13.790338715953219,14.631944194958193,13.1353607745255,14.565787092479741,15.016550919562544,13.869641048381414,17.123569042228276,16.169830642293412,14.411430567087395,15.266021859611453,18.200054859734845,15.844879184185993,17.7286748448244,13.728875072914695,13.314720891618174,14.592663158721269,14.938734538032161,12.611364257971074,17.11874639819418,15.167253079836271,13.316203747054795,14.512679721565588,16.352712602074877,13.458775801492013,11.909739485503513,13.648947402329624,14.759581424383518,12.093312490134634,15.357921524089145,15.575705461195007,12.043613873465292,13.616228200822176,17.62776088839117,14.393698233557782,16.722992589558988,10.936755186057153,12.991316955811605,18.48073309018664,15.151497554663436,17.304856264850812,13.498271513494716,13.58690377622832,15.3159222323896,14.689442911400562,14.338587173386204,15.561459274067664,13.844104029569975,17.218882036439283,16.70713322634674,13.23890140006504,16.18686983361217,16.195301357516723,17.28495299910934,14.771454922722166,14.78792762556477,13.554923630550542,15.309780966501782,16.43044788162511,14.156181937385533,17.624080866096318,16.360638136028772,15.950486258853804,16.17659045415276,13.851879203452183,13.928027951392124,13.085375745919913,16.10601280720933,16.206873276520597,14.241286457405842,15.709167626092428,16.790497912405392,12.434230456686153,15.85154963077547,14.601765097286298,15.457121701357934,16.484476251185182,16.495350286179097,14.274262958830459,13.42945781929437,16.001045788478116,12.768741107006143,15.673274965106462,14.507406805799926,15.167940288508607,15.808568278097175,14.940934940846724,17.48608543468715,15.25592703891683,15.563152002435736,15.748628324150644,14.44561257745017,13.684648942222411,14.816392475396931,16.16795476403322,16.198252632820235,15.200636269401711,12.847517376740369,14.75956053027873,13.86160643563217,12.880792086167332,16.692011000070096,15.445595752409986,16.813012908658738,17.355367954320904,12.238381487594737,16.63831370188606,16.408006207692754,13.579139327650463,15.333461719114652,16.545288322362882,15.371598946793883,13.834472394372513,15.771610365775029,14.998483061197263,16.410888308513698,16.088463361564816,17.019772655097192,15.516773436903966,12.66399097062375,15.60664917289397,16.515921851656227,11.249898693875533,15.37582647286077,16.141276194854647,15.556153835247237,14.064896437144371,14.096237638432765,14.902220774569656,14.92913610007654,17.90472938620671,12.279934675147118,14.192157397796349,16.570308809793595,14.973757373661435,12.472714258661314,14.707433864701501,12.270303463685792,13.456741372456888,17.1779381988025,13.193343876829717,10.08096292978247,16.245998363034253,15.821093633551996,10.093851304949023,15.08390611425914,14.228990192400289,12.856292689519153,15.425214636079767,14.94892457421948,14.895695929608697,16.38501717098038,14.688940785103581,14.84664701686014,15.884721854282594,16.14602882217797,14.851783252772181,15.805686401443964,16.053529833793434,13.762958151564137,14.276887616736458,14.557412254566902,15.56448102229053,15.271270562466649
15.466217210982922,16.543946901410308,13.647211586338198,11.311182785335468,14.825880709107283,13.610570957925383,17.221274096084407,14.656802756034159,11.94425393489284,15.691286885570312,16.958173068533686,14.385122287917191,14.014833357734762,14.825064149209203,15.920810013070799,14.279541419801134,15.124015992505589,15.819625401456772,12.331043499388747,17.57010204540851,12.922452592537047,17.53311425495807,14.760269566072328,12.949880225483383,18.743643434540093,15.576147173414036,12.75960360979616,17.92804058014551,13.77890136567018,14.436077188900926,13.94149775278933,16.960234044859863,14.233929819803674,14.8856963119959,13.90825073242936,12.706106354700095,16.187789296983606,13.697396830423848,14.568634405061696,13.23102555024772,14.662938228850406,15.135371067762568,13.56902337142551,17.15084560833713,16.3474112795002,14.479402068388183,15.481298510781052,18.361795152436365,15.987873695476647,17.71571308569993,13.554068582649062,13.427819519627135,14.644348138589136,14.853449055007475,12.963486392135625,17.20459181214008,15.39654560660807,13.109579836988349,14.427737399360268,16.48977123999871,13.46771532824738,12.1629404768351,13.96142846373056,14.730735165139851,11.94308064687678,15.443472749536557,15.384187158692733,12.093944288299772,13.799379134088658,17.60799408357996,14.469718407144388,16.731610437107438,11.154331393655486,12.820917151373685,18.638340964131473,15.265747936193529,17.325022015675934,13.495489506106187,13.704300870422115,15.432553927558775,14.742022767175722,14.51071268807906,15.671755300858777,13.956364429231446,17.23147791518761,16.68152533064548,13.10936672047806,16.05477343424318,16.40216526766313,17.521995465546386,14.823997111898912,14.958729392358196,13.552798931643599,15.623634574270932,16.323324324407388,14.151572959600093,17.56276883945235,16.260846798092945,15.804600916576222,16.171380725563722,13.898988740145509,14.062027475039969,13.117870003723029,16.00676828163919,16.309951663283805,14.29936516811262,15.880108495266613,16.88916511541675,12.45000404109609,15.885987300846114,14.432027244624534,15.337311717091755,16.627758645758526,16.490818622786964,14.249711762820256,13.574574982378213,16.084081482897215,12.888129346374846,15.723067465629319,14.622747829636243,15.261573210668201,15.872653155741403,14.850463482412966,17.58372831432873,15.10733525652002,15.596835921454252,15.894075012343736,14.579638786484113,13.701081060280394,14.854916020717207,16.259019284915055,16.17114434083733,15.265419060235217,12.753544405850743,14.674407508792592,13.951628057732472,12.746769698583886,16.874495214451517,15.75321935041704,17.015082426675054,17.370430379860295,12.229487286894724,16.532407111820167,16.4660873701512,13.674918907663494,15.313268222727727,16.721121488440815,15.636548882547727,13.827747747238423,15.73179932565403,15.143903031864918,16.333616598043314,16.062910193245916,17.186292896483494,15.537232203045956,12.727950279254115,15.553900143502021,16.51237988074127,11.167387412154559,15.11944023405387,16.145944225446968,15.690431132789143,14.0512745528824,14.222331412657615,14.841072189911152,14.95669838626206,18.1514253540176,12.239035110583313,14.31141179891264,16.44811374907501,14.93875677093422,12.60594157101989,14.741190051413465,12.211647718670536,13.790738984314734,17.265383840178405,13.377097663575107,10.088422651625603,16.29080221505391,15.996996277573118,10.04522892227717,15.078965743679717,14.110740082258593,12.986001175537162,15.350909237629097,14.913378821126122,14.954123643955185,16.246063949126764,14.77709743720175,14.792526095686778,16.05642756555716,16.194191610642562,15.147356236601249,15.856404363873693,16.245004087240474,13.626218662440225,14.332328077841046,14.651568453877193,15.843646153777287,15.219431768168704
15.4987631732723,16.510190794273033,13.742542920404668,11.522629650819988,14.70810598840498,13.455525580944098,17.357824459028983,14.65352764869807,11.975809312217114,15.738200757885327,17.130924799563214,14.507209952465777,14.14650753301067,14.954685397584896,16.089328367626734,14.460781926872297,14.902961022298648,15.936343516720147,12.33234534769216,17.637696695626403,12.781720252814484,17.603372014268952,14.76606696354625,12.805929066761573,18.870047988101394,15.56185081997098,12.63338062643623,17.908306113452063,13.86734194437507,14.354161379719061,14.110980849162969,17.202580704136963,14.403586923334593,14.815804623181085,13.898526668243488,12.814547565616968,16.407704944117146,13.795053792855107,14.590703865832017,13.365180453986536,14.751880656800559,15.3616321765735,13.613807714499508,17.216084637703613,16.289545459857838,14.241859662161215,15.452964566569618,18.341666493669567,16.101191685550326,17.865847389839665,13.74454865623729,13.412980706488009,14.627245220213947,15.06547145248029,12.983867408162146,17.449530132980918,15.51611435569,13.279081729282765,14.384204855306717,16.367788265048574,13.510427918050667,12.272056022523188,13.984030192580246,14.747816639702185,11.911743630798803,15.39141426282087,15.39866537755525,12.279234141399742,13.699211660970159,17.466971397829095,14.65916217451611,16.710542245217198,11.225294131118147,12.755763197509133,18.755868445168872,15.23653496238364,17.50177388732229,13.518973994964748,13.578130369987921,15.451017468392697,14.681520165251365,14.450640353533014,15.5808272538033,13.89500968182071,17.30778918356294,16.55312527054044,13.184844253686077,15.984446182953894,16.50116259212729,17.593136488188147,15.10909781101036,14.930972587782469,13.562858163192912,15.676581596373847,16.590289172937787,13.944664355086731,17.848974160368595,16.080497626067547,15.9927494224168,16.218883562492678,14.077614729543242,14.31223026775738,13.191380334198819,16.226058925958423,16.400199922139088,14.307039789665012,15.873715452044824,16.957192721192293,12.651040739723593,15.577464759918387,14.41453098317927,15.456138812018128,17.002836194010293,16.58754835983109,14.168021548020281,13.562517287862525,16.08175936321052,12.898378656433511,15.598558848128459,14.725078497083512,15.31807849351845,15.918755222920856,14.951095918731678,17.632324113450885,15.16159120804613,15.663211800757182,15.814899088305365,14.515066549820238,13.750364286781938,15.037667899181733,16.293782119812224,16.149368955852033,15.479009036075322,12.766716324354405,14.711526437418236,13.979049361817673,12.600412609285511,16.817787093655266,15.599138658474807,17.30163360057226,17.344219420231063,12.026514780132851,16.406240760733706,16.254058367038716,13.812077191894097,15.473876465975238,16.693443082678435,15.547033891652715,13.889295843627073,15.634825463263054,15.181937094946067,16.22361353915116,16.17897933370482,17.20892259409595,15.773929217172556,12.834102088004794,15.455547031554637,16.56956018315204,11.301112537686198,15.354665049590354,15.99578743280944,15.679780387234395,14.16926670227613,14.246765596062144,15.0381104878911,15.09453231705062,18.123360546410517,12.338224040899421,14.369288505340718,16.645415021533864,14.83189906568911,12.577109393853078,14.781151260951395,12.167379241097354,13.86761022410686,17.446521828777772,13.383757466844184,10.190757669454117,16.48188044686494,16.244037806343073,10.029078090344937,15.240509992062545,13.880506395903586,13.055177766912461,15.489864909370668,14.904895938387787,14.902345609475736,16.450985806290007,14.821999344671257,14.88298129910802,16.097004751772,16.042206688019917,14.98919609910664,15.824674413652918,16.374235331856305,13.652980684812738,14.521287493731107,14.940377761991373,15.742668772599444,15.211603574837934
15.589329709295267,16.508034316802295,13.858750995084357,11.295244255219348,14.757864454124693,13.351711117368641,17.352886271175247,14.43183622857979,12.0288317560678,15.696743601831637,17.310331056236226,14.529378798733278,14.261794678656916,15.126614159695524,16.22343755727858,14.742559772201108,14.919125893691566,15.852414199242302,12.214573441686532,17.80741029105746,12.738184423953427,17.451973717989215,14.780270921460684,13.004697633905527,18.741427936194256,15.702801930542204,12.858866575594314,18.065504054577964,13.878241217378942,14.288803299612821,13.957060764928794,17.38474260699069,14.421122421958206,14.789698316067925,13.955596525498336,12.949666816217489,16.351907818285166,13.835605779510228,14.735613644244385,13.346494348707488,14.743742131929103,15.475292865724489,13.83794914104996,17.35901533513101,16.501207709338722,14.361050895253062,15.402728330323033,18.207132556413672,16.112672818526377,17.86773683888902,13.807205671265125,13.066863955327184,14.722264524464016,15.255701778607655,12.953595538695634,17.212816908260482,15.488959069661938,13.301729181528293,14.44604083167214,16.37383104970802,13.494138560006963,12.355161192470769,13.978618783858654,14.733064346963495,11.922050354870528,15.551999428704352,15.512848855964236,12.264432643321054,13.952654859459608,17.469024052383915,14.68594222054489,16.809268125428833,11.193916850930243,12.826576508707722,19.110298362204116,15.241742872312011,17.498147656187147,13.474489781447545,13.640002376692445,15.534030155761435,14.917111250556248,14.517526092806344,15.538281257229734,13.770038260649539,17.168865608477713,16.42064063909105,13.606517297395353,16.2022658459864,16.31375606682582,17.551829352954694,15.22433374280435,14.912355448420229,13.690837156187861,15.795573296316968,16.469831261927492,13.94993226612718,17.845104213822694,16.047101555244573,15.941895332368127,16.294067229053063,14.300561824974706,14.345975602901868,13.39789516715487,16.532931942117163,16.168348657822772,14.564140713379155,16.02543499157598,16.94428741841373,12.674401303203492,15.538321231871345,14.719118891998171,15.324819653834924,17.00723547897811,16.522543538777782,14.194987665189466,13.624710667203853,16.000098058709778,12.934101517706676,15.682583755468178,14.808618382867854,15.382299522581881,15.923842995479284,15.084085128492598,17.63078462098318,15.23257663840202,15.715239349102188,15.739206020096692,14.431256945457397,13.865881052155162,14.892309049839039,16.443936250142396,16.026355645634137,15.525976745916404,12.790428628040733,14.742092048449823,14.096570812849034,12.646057603143934,16.840921441190286,15.48367989822281,17.23563036184644,17.294879263294906,12.186275339323576,16.27834798187649,16.549520711714965,13.79915968343122,15.472887987948685,16.911615122071733,15.627066144842892,13.82427206659299,15.589346123863567,15.206842495304016,16.163435713191127,16.12102925477175,17.21650760763039,15.945426473328006,12.706941638424366,15.634009746739718,16.60345448830956,11.17727256369609,15.382374977621804,16.15614135147889,15.666061063782264,14.430528999872113,14.161492367074864,14.854953605046957,15.268478078446616,18.219666250704496,12.554088704493125,14.58662594043987,16.685225252039217,14.781184266457265,12.672476731148418,14.925064073076562,12.331481560928708,13.984558852174434,17.346415226029016,13.519276301978769,10.269202858425604,16.63386832834735,16.419050584085458,10.0166747019332,15.482621036644016,13.715774680603584,13.068745415753863,15.576493840213951,14.907405595373616,14.953804469856577,16.689370229914665,14.954688526971692,14.822700968003833,16.300097802844427,16.22144964883226,14.970505660203923,15.835218674037428,16.339687107645474,13.692405452250416,14.567307393530513,14.938626907504778,15.999759196759369,15.399936584233412
15.646437618350932,16.636777191808623,14.033281467042038,11.376749076735265,14.897649744004527,13.695149692225709,17.38062036073015,14.506394124704597,11.908987782524362,15.699403032238912,17.44268715190948,14.368730973315534,14.334937362887942,15.27427030520856,16.278610213343114,14.8402097989361,15.200705368999158,15.92519807513028,12.309888054197053,17.95897938065949,12.897439882382805,17.4989512512082,14.845253536778662,13.034296896516393,18.901170088404424,15.70109585602903,12.906077803508904,18.095445081507414,14.095689996912835,14.215093122450623,14.015443079968872,17.3717811442291,14.35091460958502,14.852301145889887,13.935083012406803,13.205783323109634,16.613183083387096,13.772508547707877,14.68425606112799,13.75762103841435,14.839404171155334,15.550166219650732,13.973044809148837,17.339410189108307,16.582219631753965,14.44487785674741,15.359537237670708,18.32072649807058,16.134634169934102,17.74763959946397,13.76541737621363,13.189872780345043,14.770159036330819,15.058328013659931,12.940137631546405,17.187876277082324,15.529686706963647,13.609269341390771,14.481394526492798,16.37904036719695,13.742434577392315,12.332719164091205,13.82775722633124,14.614213384486922,11.76144710671916,15.466160674778218,15.439441798930455,12.176044184619236,14.018066376312659,17.52536656430479,14.744238539108443,16.981774139918276,11.159891337954187,12.948344315187352,19.228316393484914,15.16626210696742,17.69667769431487,13.503609842352601,13.786144026690284,15.345273285067702,14.97135033979857,14.435081081997048,15.751424943412387,13.82463534220066,17.283424974060416,16.450545340452017,13.717351357335925,16.315849340651496,16.300341238351656,17.60950853283518,15.1572091855089,15.104725439096415,13.783359107239024,15.9323742762231,16.413549463371954,14.129212892500698,18.01610197435622,16.3585654314125,15.959409881990455,16.39738998743755,14.406431686366584,14.386348906225063,13.622834384412526,16.467823835983495,16.134885721625125,14.757402015078345,15.742833920932407,17.070835498175363,12.776690373003861,15.704526168651302,15.056616039842961,15.185418305170819,17.194206824467873,16.504434829788725,14.135329908676615,13.714974462623651,16.109640584172222,13.128376585891662,15.640371944465372,14.87055926814812,15.771415422887381,16.19915139664074,15.116699758158651,17.80851342019691,15.279367839212643,15.45100866706675,15.900047341075746,14.71803698856426,13.791243104608812,14.740083675462316,16.48265722034064,16.158561220955598,15.4963073919336,12.584184295685242,14.595524602565902,14.260415084872374,12.49183827408624,16.896727679751336,15.44147350745382,17.387149455182332,17.328859089241444,12.27855118827662,16.33614514049694,16.565448976418605,13.859258275229235,15.734614604061326,16.80054076676885,15.811637081821472,13.929196238292057,15.482218876191624,15.121933477307433,16.11578067573342,16.147799351383625,17.111809720738606,15.99681454439061,12.92956855984139,15.786073997928254,16.659265661044568,11.120346556386504,15.327148732357431,16.19955163168616,15.488316315887046,14.471232738780753,14.257914191891647,14.934403316401017,15.00465311189202,18.33187792715811,12.602600208140753,14.700785081537557,16.78387670045771,14.884737532949005,12.737381251497961,15.03458168613232,12.406825981209561,14.105184558034102,17.36955288502618,13.577174675525718,10.3884972734134,16.8218910389027,16.679448723577007,9.89461553839544,15.34487341450459,13.828185211729673,13.108763092925038,15.562887463983454,14.949928808005447,15.13334224372202,16.8670733259308,15.134010098584163,14.88533245645579,16.273211204927787,16.27550359950624,14.992596890731807,15.954919811596435,16.379522541627583,13.986619023761953,14.592966040845413,14.882002804064662,16.138687911135353,15.543451839836166
15.724043765042149,16.566272522913135,13.981795211861028,11.3621141725374,14.69326424589273,13.883762481498744,17.434439519165863,14.414391408342782,11.829828571941517,15.677933550942752,17.674068333440538,14.492841088399373,14.11257478334522,15.483566083515145,16.410207255297333,14.788335068967136,15.368741007766134,15.789290285709319,12.242004364975989,17.95878381392296,12.955630109909032,17.40761233014042,14.949912791366478,13.31598118827166,18.871430090202523,15.542352209193844,12.74914519826851,18.180542711368407,14.151432756317083,14.337146766657842,13.909882149548459,17.4375781053544,14.337363671210195,14.901320481899997,14.133292592980226,13.173167467071956,16.582960678262943,13.801580895314215,14.737750775615114,13.883005841807696,14.990340007748431,15.670210325471004,14.139778593524197,17.30758040738418,16.535912046922924,14.469333445512403,15.345738717435614,18.522594900445597,16.200805793595958,17.766007712817338,13.967130932485109,13.176981028716376,14.748881997995607,15.233776168819734,13.17142793549021,17.07035355477691,15.550672658741005,13.647651540313948,14.297836744727245,16.487639874095642,13.588467461653522,12.402863907568376,13.975304405984636,14.638394564273845,11.885528302513311,15.551113102725582,15.664495663693684,12.162678876740475,14.26645436534919,17.62939398286295,14.940130771100224,17.225573299231236,11.089333316372036,13.028790025013347,19.317761339338897,15.111977971121048,17.856238264829578,13.589632279155882,13.66145790639424,15.363929407370684,15.040155707561983,14.327995599249297,15.764410001277135,13.77229281023887,17.460512405294672,16.56358687925037,13.685916949996589,16.236354890278882,16.432405157110036,17.68002326963563,15.196645597092035,15.342444289495823,13.773892703071999,16.26769146228434,16.30156901350988,14.285664320422978,17.94808455835564,16.564939251326805,15.988773779948488,16.51834790804787,14.391342154700935,14.478524594907158,13.731013715893459,16.53025989160878,16.148865130836633,14.95643045744966,16.042321884226656,17.097353442010185,12.965477185031427,15.951045112662047,15.39995520806907,15.171245509951696,17.51138049171948,16.45974709006083,13.963313485513567,13.715582339661283,16.00474633990493,13.051658088858273,15.602967386475669,14.98680220898132,16.10425419644329,16.265852273638817,15.220848114411076,17.96311009245739,15.322176828899892,15.415325745198494,16.14391554977115,14.772007931678834,13.941328723828823,14.787591094732042,16.582127001143522,16.263657612059426,15.583937739106508,12.662453502599462,14.420797659781217,14.174821846489026,12.58240627400974,17.042727197777456,15.658091243777147,17.441591739523833,17.464506748823492,12.471431183307535,16.384078091535027,16.689682591440835,13.841833286583215,15.722953865532178,16.88602853553482,15.714052920235623,14.089456702080232,15.514538656471796,15.378736279271973,15.963015087648023,16.03004272185939,17.219755356619757,15.988448680137727,13.137940176407087,15.711577515104358,16.749925229623617,11.1472186795398,15.386511622874577,16.470771251505123,15.397847622964827,14.546563278265632,14.335617993637005,14.923365188073772,15.04116524830363,18.384136567952588,12.797206838775516,14.761582562068682,17.018568176156208,14.81809707077385,12.786704122329844,15.027938333701552,12.312411347285533,14.394533735136157,17.388491398406586,13.719524650370804,10.471848803216599,16.81421390669115,16.824574035979694,9.919410299626641,15.30425125629417,13.695799462396819,13.15232255943274,15.397808965306858,14.996461134609469,15.30873093900663,16.87739640125015,15.402172657406027,14.810539922962459,16.115906277328737,16.278775062905616,14.965600010893123,15.792531038190258,16.57804575363764,13.977612062631682,14.734798565359027,14.788432245223682,16.60697942386856,15.546296167388657
15.647900697185761,16.780109533875116,14.195571215815365,11.248015059176588,14.846352925687723,13.956107734245368,17.65786026956494,14.38987257009738,11.641437791520818,15.73826613000509,17.542957019563676,14.544825330761192,14.115660699081214,15.77328328305851,16.650916027869712,14.969225051590525,15.512196396277568,15.877091910380818,12.238315726662588,18.062114749066687,13.132662519831321,17.201887580897765,15.169970222332648,13.426092935213635,19.20718608489626,15.589322273963104,13.12236937028326,18.326373568059875,14.073206705603122,14.377376891522323,13.797998164092329,17.368216832630317,14.467808578186666,14.848546333256666,14.154469135975814,12.982164639580338,16.65402527796092,13.972918081794239,14.655506462828765,13.8310418602833,15.061636268730709,15.71781831990447,13.975459367056756,17.434692723699346,16.812397517584714,14.598531224280798,15.540669210199125,18.709670385215883,16.284130090296543,17.737296221054653,14.136850870129999,13.364015562461969,14.698702281153336,15.27432467173468,13.338382117715796,17.07168774310337,15.547305597213352,13.883103641924606,14.29266982087185,16.549912115596246,13.710675244039717,12.254890389426517,14.247514343641898,14.748676299827128,11.946057240298217,15.683398155572423,15.712174587423666,12.06290397349437,14.164946289613308,17.586517931651176,15.038494753678323,17.21286530276506,11.058552350143177,13.123081849705725,19.635740457685745,15.346123483964789,18.0116867838124,13.756967473269405,13.54303304318521,15.198836633449618,15.029914321081439,14.350362096857983,15.896815818518377,13.658581892504266,17.510009982989217,16.8998254986419,13.565721909400597,16.222407696368826,16.367717959349818,17.73911216919174,15.240779491621002,15.670689331432294,13.941550171659795,16.19503364375376,16.502407115569916,14.273755963193544,18.043617414546365,16.636221993374637,16.106626545302785,16.639542609724355,14.430102298043185,14.599839022264206,13.917226730177687,16.81449542118616,16.23882818339596,15.201816503254292,16.06985228977547,16.957240077929107,13.313994394407395,15.681860510587155,15.497504148881116,15.280545047535105,17.476607344050844,16.58613703406052,13.90980756083926,13.613816030208866,16.033832303982816,13.184079439251123,15.524901685741547,14.945168554832401,16.391121990168585,16.358115308546942,15.107342586601598,18.206846433338086,15.313171544152969,15.333262080195635,16.198464015647584,14.82569021048504,14.071291244481303,14.991829197420646,16.640147112193183,16.17428890621615,15.565585680765896,12.794149770265657,14.382899125895019,14.292642890140161,12.552128657586888,17.101640917469787,15.808960037344713,17.497389227100705,17.813407797865846,12.366992280287763,16.31646045452572,16.755194335890994,13.697703140870402,15.777987944533203,16.85546058006748,15.75415819584518,14.016802352244733,15.571330754880728,15.573877785926037,15.84261550930391,16.047857790933175,17.091747036245856,16.04473385975497,13.24587073344902,15.692331179852141,16.62604278038837,10.98420902805756,15.623217498353931,16.65116206133502,15.62338403419939,14.573926412812092,14.305323165536555,14.889552618116342,14.84377858808982,18.664550323589914,12.759992237575073,15.081038643974281,16.908969357672042,14.835559822518531,12.702118154620818,15.139194461587753,12.296430062819214,14.391288264482629,17.518938527970253,13.744715187502798,10.75041001318757,16.89170044829764,17.078290782526338,10.00203901944192,15.413661583756218,13.75784803382661,13.279881566147978,15.192668197824169,14.998980172999126,15.389848756197042,17.129276870230036,15.451553608197113,14.870426022174884,16.39774944186368,16.091888822601337,14.7311806123586,16.052171623592734,16.581102437168454,14.13385847555645,14.965118996236688,14.52660442306756,17.020138480332612,15.599589905970001
15.797535494709631,16.96936092384302,14.542757273258433,11.256036596911661,14.833969927308626,14.204157773304328,17.72731397449593,14.31743756710814,11.565023834163433,15.799101810249532,17.777675323259025,14.593600682384901,14.009483848102342,15.89390574315774,16.513102810240014,15.042936969151727,15.635606557316866,15.932544559267559,12.408654192871587,18.42611958681252,13.314452789161667,17.435653087965413,15.053736261493984,13.35349545867293,19.321627838537292,15.579480983006835,12.945052547855548,18.521595232609528,14.11228363786961,14.331674692234044,13.803875029509292,17.48147581820369,14.565195293244487,14.964579551052203,14.091811862735447,13.114282004764153,16.732615104109435,14.048012046593614,14.718266355982117,14.002281013009569,15.239002004798468,15.79466005039249,14.147479399266965,17.654786755875833,17.09456303208834,14.53371458089789,15.652181245187101,18.48765681202819,16.32883821432732,17.93381141760904,14.008728325343395,13.316294704860862,14.954471421484063,15.474353707947643,13.46935024213276,17.01097509087061,15.497587164271025,13.818931970403298,14.428796732049708,16.701800691363292,13.826903143525774,12.297983613579452,14.436687820872484,14.585591805433683,12.051052842100628,15.755936733617826,15.829503151608304,12.099850967624745,14.315628013235894,17.505175812184234,15.047215178773559,17.336508881633605,11.115887018402905,13.274036037024494,19.896653084968356,15.482770058615316,17.91746913546351,13.817631606857141,13.37709990698487,15.245883640086932,15.22730815358827,14.543872852250978,15.86948828690215,13.713335001841612,17.515223923705133,16.947768973578455,13.715278487070872,16.189913171219025,16.303383708465983,17.905753136891526,15.104163849279752,15.90361915141932,14.17480921566082,15.943763099900451,16.560490258002876,14.274416494229875,18.00897073766356,16.7203422928033,16.282069814179454,16.68798555693546,14.394659718407734,14.524815500532252,13.893885767857011,16.900148953661233,16.282486124037252,15.278330278822772,16.1385832755826,16.93036512540986,13.42102907606687,15.777773695537396,15.373128940095977,15.356402134379241,17.5501268292694,16.762071299057233,13.859252048616147,13.634348156836326,16.010493803754212,13.211605195104813,15.448876052715736,15.214233492226956,16.603400867133455,16.487213963139315,14.994809300006997,18.423055396371772,15.25629038857147,15.581316008958517,16.3350801232595,15.147862170614781,14.13088808091755,15.058868187840856,16.6158304022863,16.212026904859876,15.561366715876877,12.715575073009465,14.558495859344672,14.522212930266448,12.588696456422484,17.081378917075337,15.76826333784526,17.521461424844286,17.997768885829515,12.498270917819353,16.204633871682685,16.891711161877765,13.549068846248304,15.697954995773825,17.01504720854995,15.888753632251568,13.92916785364416,15.65334942485112,15.569014752259626,15.920344987202528,15.978821157768897,17.311003605856882,16.04380310937866,13.155480172792684,15.649249383441735,16.869462692478688,10.868984680628051,15.76226165545101,16.777084363413145,15.611583243131868,14.48982411486908,14.477856057695897,14.988834060988745,15.074384311015043,18.7134101256523,12.769842867460753,15.251384924114232,17.18077389210864,14.83155971270738,12.60803886988435,15.329329699617306,12.340630917965035,14.53287594662557,17.538871311800754,13.83345138816876,10.8113599332625,17.174466292593625,17.286980947832085,9.957548217168679,15.378609020827602,13.685472329966279,13.37225107062237,15.23207534155426,15.168551496583614,15.565963917719309,17.3145799313899,15.653409091082965,14.914610998035036,16.40278925456228,15.99965632606945,14.69640729063393,16.098496689988142,16.627366823572288,14.342438919624064,14.921117680673712,14.728050725925906,17.192154180780335,15.831159885784253
15.90634689014041,16.942529039397343,14.631883658428524,11.27847558615777,15.00455710579601,14.30818648992227,17.598858094810318,14.583754252137881,11.549057546798947,16.0223290432003,17.89593449837135,14.567279522907727,14.017650951795243,16.2557594637561,16.386659360554166,15.078651226696454,15.742073844530372,15.905654057711226,12.38984913409466,18.39625145667224,13.480013912970366,17.459959137169893,14.85370826930597,13.484091319795382,19.395104758441228,15.662231937654088,12.974906941159624,18.85987333534279,14.298129666981374,14.448139458706077,13.827121486531919,17.46081044788994,14.541465884610417,15.004872248055777,14.067554504991243,13.153069040189909,16.91271778807882,13.835838514870744,14.837933180433104,14.221155394045867,15.411026158834462,15.908156091369616,14.329652021455962,17.818711983240565,17.16560972141017,14.547871443584897,15.807049047038596,18.60277638792747,16.23284868086795,17.81255109224045,13.987578112086231,13.293976275371701,15.102000356165998,15.504106832756868,13.483524488134215,17.001017351514708,15.736479796488632,14.07734976757087,14.463503960257968,16.814662257012365,14.13921887200814,12.366553742035082,14.782387877549205,14.743548516599795,11.859474828940952,15.714914007106053,16.09793096100328,12.30264274632689,14.494020503838083,17.516852045997407,14.965846445173916,17.16919644736544,11.100123096242775,13.238546224375659,20.14626193948319,15.751282233466293,18.126186343223544,13.80268327337482,13.434247725283182,14.984681693468985,15.273948773327746,14.605466884611726,15.770976707124358,13.753734324853601,17.44755587315132,17.009258233333572,13.827591425460344,16.483213615959684,16.478724126796006,17.957113056009273,15.020856792913364,15.882549379327699,14.106331472306694,16.138392740230874,16.738048347489656,14.266027191302177,18.058234535430564,16.53152269851777,16.562220151217975,16.890088441872805,14.494932330526066,14.524514257349798,14.04664878344597,17.01035221049077,16.497496918061437,15.338110401511026,16.141907218251138,17.064708618308725,13.375514049287894,15.775944463140025,15.243878417749315,15.209910787436673,17.71866013968062,16.816866989527558,14.00850569540332,13.90053943764848,16.199089364335016,13.23523373442013,15.499109693363032,15.139023898529137,16.468835275138538,16.62322238245683,14.917673561824245,18.383401990629235,15.386502027468834,15.802484020499122,16.312378791151108,15.448819854942734,14.05978144829858,15.221186652744278,16.603501895638512,16.13515541059544,15.58204155391331,12.878173320342707,14.457211588108692,14.597674706112915,12.76507063192144,17.066532364855654,15.871631980926843,17.564609150689584,18.023648851315006,12.512466748362634,16.225496689175408,16.909901934555663,13.758560102260883,15.87535082697885,17.09787957241851,15.78654475842984,14.002573817627878,15.658584244583086,15.57849379746533,16.07958853030209,15.927786402978583,17.13504260951923,16.019563602202368,13.062218066349933,16.19210802492313,16.900493180021172,10.74089923029106,15.667332124991097,16.881964129536943,15.833952234061602,14.580823432081043,14.564537300907034,14.875979554839665,15.15180409968451,18.787879236353618,12.650952084037062,15.340919659535276,17.3275179527925,14.793338325743271,12.886836852509651,15.241535171591776,12.54161606931845,14.57981378329291,17.60712822252643,14.009034589802082,10.78320495702445,17.19782814805027,17.25277627379746,10.22259152451608,15.618419278184847,13.809186508217321,13.439707457019201,15.26793005332771,15.239929029994931,15.612033393307954,17.52773721813025,15.877435878892335,14.952377769321512,16.635208582759436,16.171901027290172,15.036859077140981,16.166605933195154,16.51917507792075,14.550375551705233,14.952404949383602,14.736703545267803,17.347388718448208,15.649446318129558
16.025933459410453,16.924933563615802,14.657943779554614,11.350077320672481,14.942799922271844,14.2018479747514,17.565047099771704,14.789225763958337,11.70025484379023,16.22742628717396,17.926150441702468,14.636391158734384,14.249413132344518,16.3149767438829,16.555490020754068,15.12289493436494,16.001792822679906,16.096615358884787,12.465670426884222,18.363571509032457,13.849863996524482,17.394462105991188,14.775918952481234,13.661387262615953,19.438199402649424,15.655876779028413,13.265561644015547,18.861835187786216,14.314365744119243,14.641229118078678,13.94972356590512,17.681707176982442,14.699674739501445,15.293840838678566,14.230182266906093,13.137256185373802,17.0543458717866,13.917503532289992,14.808396113889406,14.341181135122072,15.417524991712936,16.210943196299283,14.519174128057287,17.813452423360342,17.28242491457876,14.42408902656455,15.929214675495489,18.549634236807655,16.27882292550423,17.929613208302737,14.157800603374332,13.448757860422559,15.210154446828437,15.514150495734626,13.583207331860198,16.939498117596017,15.879811313487552,14.114117728138467,14.540145817006712,16.92182743825484,13.936690109804864,12.317999923701445,14.83032171127957,14.667391244182408,11.799710376300593,15.84824361755664,16.213593508021802,12.409993957617797,14.590659141988299,17.4718522216222,14.984827476361906,17.377492329189963,11.248723807358777,13.195393021391475,20.323148969487377,16.08335823175863,18.131410973088748,13.791832331253548,13.545527642913383,15.120763352591812,15.436059022088669,14.774795209514679,15.915339152546121,13.971716533225928,17.567547361642628,16.93644929505542,13.46778297259145,16.822877101632084,16.581629216563044,17.96969295783409,14.974809669868373,16.069766752365226,14.182281571244378,15.966932963854786,16.88682850532771,13.960878684787748,18.139582940707083,16.68687438137532,16.534453178392134,16.834691496729505,14.372373175002664,14.43995560225617,14.060959926563285,17.427521976351294,16.448746852409077,15.438290202448616,16.34257239474496,17.214155061816427,13.468093627093419,16.0428887545211,15.281439998057825,15.074783917327338,17.65223604275307,17.014615905928068,14.103331855761093,14.027471062964713,16.563326364196392,13.033181736106414,15.489538293749648,15.201560361615282,16.617158829966804,16.681628685047095,15.138269700767445,18.553825100699665,15.4868528007906,15.843240716339086,16.488633121921183,15.36050219604754,14.130710143638886,14.984742987205516,16.652491052722883,16.189928670861445,15.418848995665645,12.928531062430618,14.569009675922416,14.637357710108141,12.635379670582605,17.047182334490756,15.753344726062888,17.59924191368208,18.211979627643228,12.691236574008654,16.304110793431107,16.9763907024523,13.72458904888205,15.91796622742243,17.028284295096526,15.949432400416763,14.285965440460346,15.81714401614467,15.47452609206615,15.86644143436347,15.878543367350257,17.320635058196036,15.797242465460798,13.050937084131595,16.18254410599642,16.9484284362285,10.786085676412274,15.881545031088283,16.903503854700464,15.960479796698891,14.848122370317668,14.559713949488149,14.873009429812852,15.269863910718946,18.951783441487375,12.676483114456417,15.694470315620972,17.349116575923237,14.721542118279341,12.8867163882327,15.315252782306562,12.507631187759669,14.773839302229884,17.7783961437926,13.807099374888748,10.756462201806643,17.388455044890307,17.337530680816602,10.201805191401908,15.731553025489314,13.91660143163618,13.409988690126779,15.317825128170707,15.322450115267582,15.82117675862134,17.685167065668075,15.909044333170216,14.981246474280173,16.816562146647794,16.21893073864671,15.106465839141645,16.051798688879252,16.638051264912047,14.619009288271164,14.957066424220022,14.579233706398155,17.33257745615219,15.715279587860614
16.079118496482607,17.170014968988482,14.824694194666414,11.229654229622493,15.015751076304682,14.276168424626835,17.694726684608323,14.878145016163897,11.771463854408042,16.29974004154384,17.98871675365332,14.548013004385563,14.321215489015326,16.237177379456003,16.754377465333572,15.079351891438094,16.169831427302903,16.365528127101523,12.292984248542762,18.58261783278615,13.987463521097482,17.333585266486168,15.010116208268872,13.437027722679032,19.50130317107371,15.636139082647153,13.31047303221624,18.704614720252142,14.112766125685027,14.520014568034638,14.220848139860506,17.608703696135603,14.875981195435044,15.427765328079717,14.278659084918496,13.165576416060532,17.04431723845674,13.999645577381013,14.983783791412666,14.400676789860489,15.409412142181552,16.26998966878957,14.603359110647716,17.92676348763282,17.1004604351015,14.334704782021557,16.157798064132937,18.66724875027701,16.538474337965834,17.89104469548748,14.042545821340264,13.247683225964959,15.141186342548558,15.38094563092093,13.726673268684438,17.024105334881042,15.746921791364732,14.065455310438056,14.496956922281225,16.805572000751127,13.798317610541282,12.43500572311717,15.0044733645449,14.702959198425932,11.704149166361798,16.011154104585795,16.379790542368973,12.542455092098258,14.527170169001248,17.721062150151088,14.828836253183283,17.501094468097246,11.299271657049333,13.246125358538142,20.719287208181747,16.11853392239652,18.070769788378946,13.750739143405099,13.755157668651758,15.319699209434466,15.496949497777122,14.7900823125908,15.752359882834304,13.884181280000972,17.755292642390852,17.10536434308795,13.545786088326915,16.723933051844107,16.391361746042083,18.046216196524362,15.054029755920316,16.055455860242454,14.28968747372148,15.951469440750401,16.928780309005656,13.95107339425923,18.230840380567898,16.82550028607606,16.49917019863715,16.642288755655276,14.410367872990404,14.507984727060558,14.03758111488785,17.597246211170578,16.63492288719848,15.38264238293949,16.325763623844477,17.61226344669708,13.555593882903466,16.082894815111896,15.484503222901294,15.114660644536922,17.824885429924752,17.484194742216896,14.06556102614878,13.96918755096834,16.633820613117546,13.181160389013536,15.387364862630246,15.223304634211877,16.80184778249111,16.504802975960935,14.977223527494509,18.443080044279988,15.731093741219594,15.820545681020688,16.473788503734998,15.279383637672115,14.41617674040666,15.117056829902856,16.74969854708568,16.10084192015251,15.59733095373438,12.725309395571088,14.669008469995907,14.68711129518152,12.687636510782685,17.0180792171479,15.729740423302822,17.67039523827359,18.048298984006866,12.803001259041332,16.241657686694694,16.96744466257472,13.993823340154382,15.599576975367489,17.260786725770917,15.797517411410935,14.20743137746178,15.929165101768374,15.83033004343944,15.982095934488976,15.82699643714505,17.552987828121584,15.822271394591503,13.314478094358304,16.55453546896914,16.98863884569376,10.91308329873652,15.975730874093438,17.01647375953812,15.992407238025343,14.988462944464775,14.497829680257045,14.903674111960633,15.52605181077438,18.9774565063998,12.82066492731074,15.861197362673977,17.22570400156093,14.85646858255174,13.088667176421627,15.504100756583465,12.442451035114926,14.930686053816729,18.052545927657203,13.715782747716222,10.962646601672947,17.215806054031997,17.480917584363898,10.31274164269412,15.892579254524161,13.861656841920242,13.269716107196663,15.453583015280856,15.365325471352424,15.81906695400007,17.668236217944077,16.06962132758102,15.121527638989999,17.011262422949876,16.331425769332952,15.172421178814961,16.230448492403003,16.75905327573212,14.688156166646854,15.069904305185778,14.670848346292892,17.36281475645159,15.92833628496636
16.21538969204088,17.4344739695494,14.959611645974952,11.156420298680507,14.894383430590095,14.51565830500122,17.756179958339487,14.921461167281471,11.894922444884521,16.322486213546586,18.07167450461744,14.520105528696169,14.484506224936101,16.441220982095036,16.952730373465577,15.210640934707365,16.275323858272525,16.656278799679235,12.396464322905071,18.63471637623521,14.113791472887144,17.51105931868343,14.99930692706006,13.51033632023473,19.758465511779647,15.690680993804465,13.338353110569516,18.775639707585047,14.111972173020952,14.73361533669049,14.318550016555664,17.6140202597603,15.148948832853279,15.359411709903195,14.46352054717424,13.281574032498844,17.30261161422406,13.907649586965864,14.925521901605778,14.70770251663555,15.449246794299642,16.56623846254593,14.735350486672596,18.09520899930214,17.110494616407042,14.399464595842261,16.48291980928354,18.92001786848976,16.713762698663654,17.92050000905061,14.182003250202495,13.193502559783635,15.32982502449018,15.476546051385927,13.628566729580431,17.214287559501045,15.854544527082583,14.06779811000716,14.394912054484971,16.776307647033548,13.891933483839134,12.610548016888895,14.974379230478991,14.7742926781693,11.558475311750666,16.084315942655287,16.830370224446582,12.640901088571615,14.592913042988423,17.748708670822516,15.067126999450211,17.512682679459928,11.361734758062697,13.165812482245745,20.937801604933174,16.19756274234941,18.361939676658263,13.667227946455991,13.634968839926234,15.084372162544113,15.681767294748315,14.846484252631397,15.852674072068309,13.764292219340827,17.979103316810626,17.37171685066604,13.61465017612398,16.65222533850901,16.690615263535552,18.31805207216957,15.182077065765975,15.962755489422301,13.958795924457473,16.21531976901518,16.93622695123385,14.163044659413996,18.15550128644947,16.863867388316724,16.368505441675964,16.644771769194698,14.449134057723175,14.735396123919294,14.070008324622883,17.634480296398674,16.693922122034035,15.858534598027122,16.61730954463915,17.748058525862366,13.635781154758575,16.03300869133822,15.61303639830881,14.915588090781707,18.124709356592525,17.88536433645362,14.252748899501992,13.9689908436817,16.711926518827696,13.251874057504507,15.426719503664954,15.233215972267004,16.86060999231285,16.551613391708578,15.142973146034924,18.610059924534944,15.74571774342014,15.732630862849993,16.332432964508218,15.328929587834647,14.36886374685464,15.358170367752363,16.90134037767755,16.418550779549488,15.68967770714122,12.910596449151038,14.41999616508514,14.915179788063913,12.720890642248195,17.30476829741583,15.646754769781566,17.740436031581726,18.260064053838093,12.790809519664105,16.39434006359189,16.989764790234403,13.991955231671326,15.495346184342486,17.477712626154197,15.776608863792529,14.487026366670161,15.922251239365696,15.837901010248602,16.079030490062046,15.806550801965287,17.52819599257024,15.772270694614003,13.375912560833399,16.74779413480998,16.87892166271425,11.076789610282828,16.320293272404278,17.25291959051508,15.974262483246608,15.20608729907826,14.839296195320468,14.908633705256529,15.577249194424352,19.235777612247293,12.99223696828108,16.087276159722066,17.33704461362318,14.975143515018095,13.204338559057566,15.628307325712779,12.214592503993844,14.939430760766196,18.17982168351249,13.840668247248782,11.19520608235087,17.293648392088027,17.624017313742193,10.489381123836585,15.888640477920005,13.741950863226542,13.016399320768185,15.56062738341431,15.306289898217141,15.919526880462804,17.66960264492647,16.088655787218197,15.248345418258818,17.121371026187116,16.623996263530465,15.14959975104943,16.46920885896564,16.99505994238106,14.664853885138166,15.099680171994754,14.70197416798566,17.56865478798062,16.042034721562125
16.302698773755143,17.391173938631262,15.150594815018259,11.149448612704184,15.097428374353575,14.768939487405387,17.701472916631513,15.212043551704603,12.030207541819264,16.28781148615626,18.009777942944805,14.458921349512433,14.565428992336694,16.850242944970454,17.007489684656914,15.32596352696351,16.478582117716133,16.906143951477468,12.528290964426414,18.667765748702003,14.01588161117855,17.613990004202183,14.863476583727332,13.15698301332047,19.933209629237158,15.57835466328134,13.501859659531648,18.797938951017663,14.189561428631258,14.790652974778535,14.33213369951407,17.668879646328907,15.32639244450138,15.441957241044136,14.540328870617742,13.08456306727154,17.394776968731282,14.211666983401916,14.80382411909236,14.715722136208853,15.47953253295943,16.49407442813349,14.854313179764734,18.261502705055182,17.207046075028085,14.48313745000673,16.470881362102855,19.018915674516762,16.944495242279686,17.927998780791604,14.242809584698191,13.325694664243935,15.440090485422797,15.588733696145686,13.655236804995596,17.100304718956544,15.939647854417007,14.090082299579876,14.471327888809231,16.94891894638334,14.327356472087805,12.577298386721768,15.054763825433033,14.740770722968357,11.695307913219295,15.870994254296503,16.807230782066632,12.666030050893466,14.553417339556697,18.009898158709394,15.157715471488931,17.57839326207428,11.623421492947504,13.306358072345889,21.073959840471154,16.28630515188989,18.450699451227596,13.825067532091584,13.676886709688954,15.162729056613564,16.145408779979892,14.97032808152863,15.85455364044548,13.798320933838719,17.956572996013062,17.365503669033163,13.600786029263466,16.712264817177847,16.86574503132111,18.395578192276563,15.321192646793683,16.131779867489083,14.037125270804195,16.391817795288077,16.97623903470018,14.06071767117845,18.138117118858414,16.838800258941575,16.265829725890278,16.700557216436145,14.666393048706038,14.680961622671415,14.201278772555941,17.755868479876547,16.801523024359334,15.957931251857804,16.61658166792378,17.900487135280223,13.717637768650047,16.21209027709897,15.809545268018875,14.947808998269874,18.237228894301865,18.011548441526344,14.177707635984492,14.081630197735048,16.793610775597863,13.146889117867502,15.36043697398697,15.291589819189179,17.030868741516066,16.460839035456665,15.199393651689016,18.70034561687769,15.869315681692983,15.802333688130016,16.243860205980365,15.39693066461793,14.706723021644393,15.377810387920288,16.935618334810773,16.402115783614565,15.983609843728548,13.067249032598514,14.47181523682817,15.196527775174683,12.748056661402588,17.291601908637002,15.627979811957708,17.685698229067743,18.393832453389344,12.736059277586593,16.3986798087212,17.08191339300646,13.933038526097452,15.689508842818144,17.565406988461724,15.546310749154667,14.653976912141665,15.907976997561757,16.112004064840487,16.092460721205082,15.787541609972964,17.71662543914708,15.782546736123363,13.45507657520577,16.78445095990037,16.95057852856447,11.267453017373942,16.475022815516834,17.32426849404324,15.84605428223752,15.448916462184481,14.658132433794492,14.93945500162867,15.552252141126447,19.48068446057713,12.99398287545165,16.304457201437167,17.564481738663446,14.916045877175748,13.33268141599341,15.82267208254246,12.195803255595875,14.997356549844422,18.344894319728258,13.927734530619151,11.235598350232275,17.38253578134329,17.768370959380775,10.537956797839637,16.177071880188322,13.812209019841193,12.952645112077043,15.634405895269225,15.345028395183062,15.860879115437431,17.954774788168148,15.973898104384794,15.231330990174875,17.323170685641852,16.668980085648524,15.358157270266659,16.572881059039027,16.82011087393094,14.813784192032637,15.167071797911822,14.787914488733282,17.57839998585356,16.252149788454588
16.451083396126744,17.266480767432817,15.089776529256921,11.15723591880092,15.109058598790115,15.02461138766828,17.734688966043837,15.140917265792664,11.963253023446208,16.456902348412555,18.12052538561124,14.523016860449694,14.892102384148838,16.864032124192796,17.0762105664174,15.336278100444101,16.65891905405484,17.18004311426619,12.553198761620548,18.57399497341899,14.064920900415002,17.619579801667367,15.197246563797245,13.388531224037239,19.963638765105216,15.632177118008714,13.482157264371597,18.930056160793495,14.55879581858156,14.680099626143743,14.194683351097861,17.842963862037827,15.535313841426577,15.452016634687693,14.498146871816036,13.16270017780293,17.462465428114402,14.156769153736132,14.844617097722505,14.930908554494792,15.519014631350275,16.41132180291249,14.974064730537293,18.49702751431518,17.450503485829177,14.34158551604233,16.406688735734054,19.06045587891786,16.92601555676659,17.891812876622428,14.247595582526513,13.47867069347725,15.520648930730996,15.666407624158033,13.858725865329024,17.036312390599548,16.001872709725458,14.218742425295156,14.63637349078139,17.085644216598563,14.309635172054028,12.515371600037719,14.951546168394106,14.822008075112088,11.881568923004043,15.797315429601401,16.74964456142788,12.603203113038367,14.79676187143132,18.00549245832521,15.288369371664897,17.4404001786489,11.606367613721297,13.242094521301453,21.15298650866662,16.288029158808193,18.60188784488403,13.819124596779286,13.481376997600629,14.986164627771732,16.12637299672951,15.29120284456279,15.92725073507881,13.822492008231364,17.998992911342945,17.641107327204324,13.611376437605394,16.732198296877765,16.691412207823888,18.44098025519038,15.378771497866886,16.14759140236536,14.100586419342882,16.514946472375474,16.781895797525355,13.937652267857962,18.510492259969055,16.70839901944125,16.381577989645198,16.87397076984606,14.712787680399265,14.38903651475546,14.235341569657614,17.934420726572824,16.83416264888817,16.088075567286587,16.787918198108137,18.093654426593467,13.943554172762347,16.310551458937486,15.724328654762122,15.188697756265126,18.319209593249067,18.1306338032983,14.14788764694625,14.130076849351997,16.807848469973976,13.01295770906658,15.508862536526442,15.192241304888444,17.0510404361723,16.327355030005712,15.327971568450542,18.77777792172059,16.126135984462863,15.893802480694154,16.291274537777458,15.460381491371464,14.643616636050414,15.537719606833615,16.939920391365504,16.307549113767095,16.042826869868485,13.143277792798417,14.382074986627968,15.182527766603062,12.624307253183643,17.422038764361105,15.49144590228726,17.7495607758932,18.713837452065146,13.018232725918244,16.32405866420495,17.13225895793456,13.889912922205292,15.67166415461308,17.569102426387722,15.630521617866135,14.79903057923161,15.94432803992084,15.987234383685454,15.927771018364773,15.709264885902662,17.91290855679741,15.706536603453445,13.586073795795697,16.61054895247509,17.161907479877293,11.224518838702663,16.8034252148725,17.537188039369966,15.84238388177743,15.305658469374588,14.834320073047303,14.91855586684281,15.440032237903138,19.584327184116397,13.098267764228034,16.40336510993496,17.691791529616353,14.79096665647005,13.449347933223796,15.825742106027127,12.22867406988457,15.00763014205295,18.55250703048003,13.82460143554717,11.36668793532193,17.35738769113701,17.918107585202264,10.589947451853435,16.06648104318548,14.031625766711574,13.243024482650672,15.715596944782286,15.252856968158671,15.9196904159329,18.107866020669277,16.0410705730798,15.045296103333543,17.30321620802142,16.634051204905415,15.40943788546,16.55172893793145,16.914768172619908,14.712972408968705,15.464150481308272,14.913047880524745,17.84008171036193,16.474984277832903
15.792251693307055,16.505968525685404,13.911290022612768,11.199539528469918,14.879531885628818,13.872942347490376,17.65405811509963,14.681808891688036,12.035229226973856,15.277440292782453,16.968758661703625,14.163845894446986,14.02220295282322,15.787757576471975,16.109743537554813,14.65703928413623,15.47323084790858,15.99392474248573,11.61361674667865,17.579588497465526,13.283165012969112,17.214587134612763,15.07069813135237,12.671882930091138,19.23991820569045,15.579928048498038,12.596523249422964,18.16492112580597,13.956679918127278,14.310788553020675,13.912031778783644,16.712879993432058,14.8222452856903,15.247952060364081,13.763892535746823,12.495637365822402,16.73416298486518,13.518338080401348,14.531334282301867,13.521292181180062,15.147981972353946,15.539764053164541,13.8792404136028,17.508720025563797,16.564875457561673,13.915401221314234,15.322967097628801,17.768264500713993,15.977304012977624,17.633228211327605,13.876899878198987,13.405693210052858,14.629772089076184,15.218398900759725,13.014972965886253,16.933245335685022,15.574264861826968,13.746020455489768,14.369611006682868,16.242425985566612,13.849599269742335,12.076238221525013,14.53571395598978,14.431408789079102,11.701801185163792,15.837672349257915,15.918607320322119,12.038070472414827,14.120268827255636,17.22779725818161,14.477590066032548,16.913611853281353,11.51788337263041,12.600819957021193,19.747520455079464,15.511875398912853,17.79592904298745,13.313985133063628,13.417423906281172,14.738806180271283,15.318255092801264,14.659322469373297,15.302540039827317,13.53931897246855,17.68492215304334,17.159029172217924,12.926893471695607,16.604029429262784,16.107407008178015,17.187721252186712,15.138093166228227,15.123026577890471,13.72501124722453,16.271975213995916,16.47954407029377,13.974853026055584,17.454461630878157,16.207870451775538,15.248206763048737,15.808149996382916,14.100349024364576,14.132018888363401,13.6143474149494,16.635865284471393,15.999097281841626,14.70929984654298,16.45339436513718,16.982178039554125,12.76983591770931,16.023023121052674,15.25954055394727,15.097323073752069,16.8919651886897,17.02065543721818,14.067681197128964,13.175530398248762,15.715673013072369,13.013396618871527,15.063227310903942,14.762102875173008,15.771892850076256,15.785106959034637,15.199115806075898,17.24640259820413,15.471057968282864,15.397094073292504,15.827539364667889,15.001259738539737,13.469106865805177,15.046302810815037,16.129024567957526,15.984485063311336,15.229306923041587,12.652301536880675,13.80066418743095,14.229953223957832,12.518225294689726,16.963472667605973,14.964002591379836,16.98548435152144,17.594257946435953,12.3937073847811,15.808379188056517,16.38084110822196,13.423406904901874,14.987459849352168,16.813645689204503,14.889661075159204,14.524165842727381,15.705407191237176,15.069853304908595,15.81311470462473,15.586030615001347,16.965236834363285,15.296642976669434,12.922138719124387,15.206595029709765,16.201632210218012,10.985378882073208,15.883016579312459,16.376068835937435,15.719053579044497,14.877701517027504,14.448361539722017,14.947193238316657,14.996169658754406,18.71101850637851,11.909744244180061,15.017212024760742,16.553990962358377,14.734054259140366,13.000792600040407,14.503878555819515,12.098782043935879,13.872155405976004,17.720963079544184,13.69090232049368,10.31459810144746,16.87672469916631,16.50629940401103,10.185035640102331,15.012929487888153,13.767293503177308,12.938283002309769,15.183820841388004,14.99019644658299,15.141984072538051,16.44378414596986,14.76985166256367,14.690253072267602,16.4884157218151,16.007671229410512,15.393952641823569,16.219031877749327,16.667786547733677,14.007247780619945,14.658689718577584,14.730878460075466,16.29972600465258,15.45626578991531
15.226329518655412,16.21590483431212,13.215511926413827,11.201209806158635,14.679451466224837,13.228672517393234,17.588818874760857,14.535801810706605,12.034736340563077,14.505302452749403,16.364083064501664,13.799347360180194,13.54443226287733,15.418539733182557,15.394042727713392,14.171074996122687,14.918530720543611,15.372725774050148,11.128986608221478,17.356992010525435,13.001023282863223,16.874950075879827,15.047801148980136,12.008484182922196,18.75532606194179,15.396752880938559,12.098938628635262,17.76582075240301,13.561614736660038,13.752311408880502,13.736369318872773,16.24573585776204,14.756501318610882,15.11607515770832,13.318950118982963,12.24438299722771,16.398912910453937,13.154143480740993,14.51323198588569,12.981215035078783,14.704352622432504,15.109009599019819,13.516159199151662,16.944041175360155,15.886656276392522,13.807127786242349,15.133697023398414,17.00035837068974,15.685427298807351,17.56297489569899,13.646282854307602,13.40605657131113,14.21911644502908,14.994238415328851,12.750990234009041,17.091453452160184,15.22601940161056,13.450522345087904,14.251040177708585,15.641601035754707,13.359140470005826,11.91263445953872,14.004770176558772,14.243768352915229,11.38797154737789,15.832038332309853,15.41533759741017,11.681420801137314,13.65451163884878,16.996053421439335,14.070416706597618,16.382536657612842,11.446585389944866,12.071126826246111,18.686629429599826,14.78442775888325,17.223303881450853,13.125759034214719,13.399384609890586,14.351555907536481,15.02770988770956,14.181855775973023,15.254469394813533,13.478944276123519,17.57731776382835,16.867938254929037,12.756765544030646,16.469615042306195,15.567694659440823,16.13631287155398,14.863848429910533,14.34360060003798,13.381343953276406,15.87150554950003,16.48871743870635,13.837956249912903,16.707442349470703,15.93843891451,14.791220201903952,15.303131854834131,13.666992127703187,14.014877442056253,13.122856638577863,15.965372901478576,15.512627572741877,13.665583249398141,16.190242873935585,16.034380896837366,12.068843338583058,15.74634483536546,14.909028526397544,15.302947190530588,16.08481402835268,16.69206126208234,14.175351404802562,12.7422045339431,15.003946652657458,12.93903769864362,15.113677215305858,14.453581825479402,15.153736402625142,15.617226142854193,14.947584182548415,16.35553983064303,15.205916051574462,15.181591121110941,15.533898598146509,14.673436090937585,12.667053617404026,14.687472107286066,15.726209078230575,15.908110923969016,14.772927767170273,12.304510377327263,13.753657251535538,13.748803788133964,12.36967792299986,16.656184366164826,14.422783192006559,16.370104679027186,17.005909432529915,11.89775846854813,15.561105558416763,15.916903202542029,12.912873354837535,14.805015274937874,16.706622262246,14.337316479567587,14.16975140265515,15.345727051872533,14.800810530201538,15.559392533593092,15.398944387110337,16.20124649426729,14.949822589408665,12.434973774269245,14.279903681184747,15.53745788970861,11.382891188536439,15.298902675547213,15.797160189112933,15.403743856872982,14.787769518261046,14.04651090719466,14.910929511198189,14.671179645054773,18.02869752229046,11.430426680994694,14.19942641214167,15.9970708288099,14.70605648969527,12.640872567964562,13.95004144611985,12.102629588766455,13.304190651237974,17.349944918386278,13.71182548894611,9.812891170561088,16.725234433199716,15.275697069937303,9.740979994946436,14.406937487621231,13.574916166702348,12.467934051321565,14.779352530392202,14.843917809655172,14.334976844923105,15.80004819698068,14.146261886770995,14.552247130461025,15.802223443180953,15.674801727094263,15.366941741425395,16.171880245422262,16.378282456102504,13.594744130579713,14.162211731614269,14.42868886530759,15.402855893971896,14.810798500397054
15.044807913917484,15.975612527430451,12.777729968895265,11.155011386278844,14.861606844421619,12.948269655731448,17.524258762065145,14.348896081652539,12.052692911255646,14.317564765745933,16.07646165233725,13.736448372176424,13.128883492198858,15.101380177685284,14.831447772680443,14.196273998974782,14.710845533101432,14.859840641764793,10.796477314249945,16.98699102280057,12.715747484205734,16.635097626343473,14.743990116735707,12.06114006128432,18.31329531989632,15.241088620311922,11.953326903360786,17.218248201347755,13.299181832861427,13.59993292153966,13.816381636312544,16.1561089565659,14.208408715439813,14.92578793940845,13.106989737753281,11.849645135826732,16.463609416468802,12.987106829560789,14.35934340442856,12.557047643469096,14.546997450257944,14.706307017540304,13.056313748879088,16.710544186630887,15.740549596916047,13.72262726253756,14.828744255941734,16.77664147302525,15.457253858818438,17.607840477504457,13.72305476679575,13.302563219588748,14.13144177664488,14.967874376118663,12.466841771274815,16.9812597004868,14.87899588476337,13.419384326909523,14.208025820929816,15.345400006397211,12.942528514028941,11.894725628703084,13.633765776796146,13.9354588567049,11.208787092218532,15.939077485101196,15.072640746214589,11.45705330988964,13.253851730362411,16.861462298615425,13.737399117912055,16.233662914489678,11.351814296359265,11.996765007561276,18.127077615646087,14.510101818708996,16.986063919544772,13.164312881908979,13.242853752633204,14.081993295073477,15.030081593473252,13.943214014599798,14.964188713691966,13.589101025828043,17.392080929122788,16.66785934586481,12.438789219329681,16.43694413173163,15.631308721542524,15.86883260391268,14.476829710623402,14.054993045419199,13.339497288963859,15.51950000784836,16.520243167140315,13.948919920900412,16.477026919505715,15.800157649695675,14.566166124666996,15.172103421719143,13.611716266473147,13.910162856260209,12.839953108433921,15.215232397986941,15.063338009207003,13.193542205560666,16.040497289449917,15.58967241350391,11.881601854440282,15.530332770611128,14.853907079783163,15.42951047885552,15.737140424409741,16.370446301660788,14.184068674512652,12.385592469051886,14.720419231568645,12.859542421768822,15.151396598079883,14.563528365673388,14.736071789203345,15.430212914485232,14.9600814534001,15.837075810715893,14.895790180832057,15.101696792559823,15.359812759238666,14.641810556843337,12.164617867354465,14.591726602660238,15.307533700450835,16.002795327035784,14.371298197607226,12.263029280627325,13.633526885504788,13.379438456144891,12.393036904534643,16.538846286749727,14.17683833299656,16.177682189929087,16.51320743635013,11.48611600060141,15.292964839214552,15.550330052283137,12.798331676801096,14.716323195333512,16.47767950156518,14.133667320498036,13.75448783640577,15.215902222424498,14.608403444485344,15.452105432004846,15.414890200805154,15.965858798120408,14.81934903474877,12.242114234330197,13.831523318088312,15.177054094727389,11.345711286209575,14.559523443454424,15.27441273499584,15.041808675157665,14.588061682546256,13.65836495711129,14.980060091286195,14.513612781835487,17.623922552419444,11.03439252452164,13.822738036798702,15.745364033479982,14.84200384844412,12.46961900775035,13.550392079054625,12.141251600663203,12.940156453004453,17.121226476986507,13.666962109160725,9.281563612619216,16.69552920289692,15.088025508298502,9.72856268434227,13.983410712310317,13.603953699323986,12.41319823980823,14.690058596347448,14.840116920212592,14.175638536046698,15.65127630080848,13.727539698986588,14.632395639711108,15.50286437154145,15.423753245882596,15.208472877038352,16.128745631393116,16.106782031369196,13.290438276792948,13.885687114788874,14.045395343219386,15.007048990080918,14.219612439678473
14.783988011580208,15.75934148719783,12.56136643697521,11.44710474478356,14.92929046970817,12.779957615201676,17.553111400691034,14.211381347289402,12.033777492426708,14.325779827691537,16.041858482698448,13.675080622768714,13.011441217835916,14.693828317577248,14.537572260632926,13.969112408641548,14.480870547020645,14.4290717987876,10.81614702103518,16.925769052746222,12.515204192863141,16.641903574652066,14.774711416818018,12.139935042553995,18.10621799087698,15.186584313109075,12.14964667575083,16.790222871430306,13.077058687374313,13.160777824071344,13.55268495992701,15.810196634819278,14.037150281617633,14.889716517921233,13.208778081184725,11.809468728072579,16.37261607571159,12.831585801867288,14.223190712855391,12.214228292388686,14.488390712264875,14.597703370237301,12.732038148926453,16.508317293358893,15.363093869156634,13.666039112340389,14.65975081226579,16.362902123748917,15.167632211936663,17.237342023380126,13.654624903818005,13.409150786536511,13.795866160936479,14.587516841160577,12.453226872046141,17.07773692128874,14.830352424896303,13.275176010807977,14.042884889649152,15.35444626365378,12.47082311850905,11.825468538441598,13.28073529750005,13.887132837287888,11.277914240317772,15.866551793481284,14.960747193375578,11.199079700262626,12.764798558490751,16.86787752189907,13.68661170359307,16.21386248488975,11.221988915475665,11.814662542189705,17.801080387239047,14.596181851069085,16.864702823163178,12.935981062222947,13.342444191737506,14.203771558037332,14.808983706981065,13.681600129309235,15.036121653937986,13.561604161100847,17.032619468533543,16.656871801396726,12.351898857170212,16.383652787797956,15.388846537290528,15.585154075328347,14.276816489275697,13.774818882046072,13.24125267437997,15.366181900930576,16.43827987268211,14.008668538317096,16.352151292678393,15.736744321291964,14.423849171273531,15.119315993338061,13.628816606033233,13.964900227275677,12.603463116829177,15.041035640632872,14.837992526104863,12.652997871375522,15.862398575190213,15.319181952036875,11.629937811032045,15.661357919727264,14.462110098227457,15.17109578382927,15.447366439967901,16.030304702596837,13.99513985310226,12.318650791544869,14.584766761547316,12.636293512933332,15.229122990136966,14.72357727638022,14.351675136432522,15.249949403320123,15.050704052533716,15.79458476893587,15.036149322542945,15.008498240398193,15.305222032077245,14.50804424736785,12.049736856010773,14.6931935752315,15.252524191462001,15.816662174941728,14.356566835281264,12.027363247742889,13.801369684878507,13.392796718469526,12.179853270674323,16.749566601295587,14.248146258014328,15.85765900389356,16.292009570505645,11.505182774722083,15.058405788776094,15.403131281971874,12.825802378856658,14.621981851002106,16.40800722400013,14.264912450317325,13.478827677914552,15.03436629665526,14.611935218313471,15.313710918882059,15.625759253279504,15.55145174310714,14.599693073686613,12.06897355033837,13.680526179809489,15.265810511141119,11.176833993206404,14.175451352569231,15.061201977156546,14.96067166826006,14.547513367171272,13.582718945916465,14.998488234273049,14.309852791318699,17.664080134539855,10.921349763940315,13.502806820131164,15.519463640731953,14.843413970186022,12.680194237566603,13.354166013713089,12.261528779896159,13.236527544709755,16.720333921046873,13.598761076988508,9.052759744809281,16.80454922544871,14.745141939588343,9.478056303774187,13.63889131660523,13.687240497009382,12.368286080255317,14.337380910551541,14.784792602304275,13.70979358476053,15.355936655141381,13.245356120465088,14.59757440976915,15.198318039892616,15.338853412703982,15.21838968179307,16.199778086554012,16.043068229061547,13.020751907015471,13.855156485081435,13.986642881631902,14.628988596339791,14.164887899239082
14.442956034804997,15.86519702009206,12.530910335862735,11.327430559001941,14.840735191490422,12.687543122047629,17.60966236488947,14.238820912688846,11.927058640171877,13.98015184311543,16.021966643816548,13.467834573323803,12.811421111484938,14.652058673481584,14.66799108349772,14.068982404512248,14.301725458034166,14.227224890452531,10.82516597605553,16.99871798526754,12.479745372915009,16.803622804021096,14.780277981592363,11.966574437237735,17.93381148736287,15.182817096481568,12.011592886866827,16.666583667583023,13.106209649447276,13.322560431688876,13.428853195912714,15.725149139928634,13.703644184841266,14.848252630433148,13.216660990536912,11.635878150428635,16.347302898428765,12.714311146685612,14.237306695946264,11.951264643859476,14.291468188261048,14.558776698093288,12.487698630871026,16.42608017910881,15.385392458152456,13.486657782019924,14.55133988508096,16.400026794882564,15.204589341294474,17.223665254027715,13.463952512457974,13.425558777234928,13.773525119670712,14.562164534502312,12.371729204552995,17.163798844084123,14.43772503871156,13.183828784882792,13.977648694718008,15.524615754494777,12.387731508103657,11.953968443677196,13.229190618192506,13.735362215036155,11.24615716265232,15.910982991081942,14.688760466338783,11.035636107856435,12.713473860344198,16.865737756919497,13.40970328474726,16.188422475908485,11.218350785401727,11.807726240651734,17.524960844922305,14.60179577464278,17.024868166673524,12.836576947321744,13.331394416630241,14.163498102754977,14.608918859830613,13.702458535112877,14.974660774359648,13.458045788663723,16.986101003559664,16.622193543879746,11.95653587361271,16.499693562990952,15.439790971686921,15.603811647234686,14.231355573217968,13.821328362379983,13.296890800494273,15.314444427446649,16.197210795362828,14.072079788087636,16.25575359360923,15.85148238105495,14.44138916754743,15.054957406915412,13.336098978565575,13.98088531896759,12.580142135666703,14.772950363463162,14.848342530691513,12.603429647042912,16.001705338446744,15.069692076126167,11.35534024329387,15.75817629612299,14.34400056042731,15.261608420060417,15.26170351377552,15.93860890757079,14.082735565759801,12.531730012776144,14.344843420028495,12.715899293144673,15.09652160227013,14.751170457666547,14.202334072285575,15.18766467206429,15.012908841574522,15.480157875553006,14.993437305526577,15.087567610709476,15.297675865623065,14.541716976082773,12.021160257826068,14.701129813790534,15.26124769532031,15.754120565687783,14.014189043953097,12.17220690448693,13.878378720504866,13.218265655326482,12.225441726084288,16.634510752190696,14.247212389334985,15.710251956300057,16.362462158887567,11.265991377936004,14.860848680482572,15.269493044848085,12.76313204171713,14.444355936595489,16.261561489743556,14.024520579159997,13.648913747595547,14.833498096999195,14.554311259965628,15.247393058675815,15.410810201439471,15.555319059153488,14.379384319101273,12.065960603412693,13.232799061046789,15.14509402952527,11.128030074851296,14.216931209508159,15.103518859528378,14.89321434481201,14.500549543588695,13.64004978705045,14.90431455334417,14.254721784044921,17.457166813388362,10.919334090748759,13.186778542403218,15.474719229103512,14.785938017689228,12.874595407950988,13.522730695544716,12.33197841248993,13.049267213761409,16.61174553225363,13.472918376927865,8.973577560825648,16.531572099174923,14.573533479691267,9.551578283026341,13.642941758897814,13.76636517309676,12.325362540863965,14.183556278397885,14.709949848762514,13.499589112886902,15.177865291092266,13.036046809560538,14.47583438582708,15.211296961948154,15.367242501866858,15.20113637155571,16.072457167712173,16.187626887931337,13.085607985786483,14.009725897639543,14.1057595403507,14.314287167002902,14.462091275892957
14.404822210303795,15.773358876158976,12.49476921637902,11.528125179089665,14.96072797185875,12.994794944410952,17.48513710361301,14.240220831756952,12.01299012242773,13.854837763017615,15.787245497527271,13.588566113533386,12.716816605040123,14.57373521251801,14.486973728881424,14.10218601177946,14.15820946096111,14.169139917188087,10.822653904955198,17.12099205444525,12.535631365648506,16.934027906603465,14.694453721994767,12.000705629092947,18.05447184769336,15.0516810232289,11.898882108496128,16.871632187462673,13.049313062506856,13.195562405101187,13.57541398051289,15.739877586079018,13.664964934361164,14.886779084248762,13.249090908221929,11.538965249344821,16.47467180964177,12.662160080502959,14.202821277051415,11.857864052204965,14.250148465193686,14.534489575164896,12.574777248283471,16.358340538649195,15.334330954185662,13.504614595780918,14.649726908935774,16.221442564145796,15.1276845842783,17.359077058507683,13.711467499564984,13.413755973253163,14.016989078534115,14.560414243395476,12.30205519224426,17.386946166620866,14.494435658850497,13.195056860516958,14.114278919532707,15.321200006594895,12.336623018136613,11.939231550871922,13.290295960324043,13.800556655781715,11.19394669724606,15.987037419562991,14.795130295269857,11.127231534489258,12.711920765566742,16.557216322973783,13.326559778830418,15.962695821995714,11.128407229659999,11.834177410630668,17.47242581020511,14.539559100476021,16.83955548173751,12.866026540982732,13.33938472240857,14.242761471607102,14.603600544415277,13.706130459021864,14.786594450839106,13.413384247509867,17.103107105036834,16.57540104277653,12.04474310484252,16.4193109638468,15.436691301224126,15.789367152023566,14.247306087321265,13.637032934655949,13.421198880466772,15.208745276493692,16.306892777609278,13.928807422730394,16.251967655467475,15.821154303029084,14.484604368604877,14.9964529333465,13.16386324177192,14.030890931569203,12.63240436344775,14.635419612047977,14.845117186640174,12.472121123246728,15.960510836141536,14.90630785078548,11.163978616248754,15.65726816243362,14.388190761963738,15.295923028754459,15.279232055072365,15.96621458576108,14.095710249188949,12.362021834229353,14.222488394677859,12.772034105982598,15.248434623060257,14.86549150028355,14.271423082298341,15.071217162448333,14.972214848667877,15.39779905678979,14.99846202289319,15.007005421775698,15.244943114243293,14.358433084855752,11.675878696765926,14.586561889371243,15.177811590703643,15.764660547558844,14.074512758639132,12.16783275671675,13.777841896702245,13.13148670876649,12.346687818043366,16.520768067180516,14.278030691001591,15.72162551781546,16.380690204072305,11.238789567281735,14.90212507176724,15.229174281019043,12.782558414015105,14.735212518574349,16.198290603780958,14.030049868839578,13.521125148567155,15.070204310261497,14.27780239577925,15.258806378469972,15.58581015227313,15.443505138160981,14.406595504749527,12.260804969198063,12.909720389612902,15.108884217348471,10.950196102117285,14.069874239509714,14.92507380609708,14.872075182838737,14.38397267143728,13.61608073489461,14.875441296457097,14.204524859509489,17.443649060911078,10.893930275960736,13.119170195147877,15.298736620331027,14.947819658774584,12.805214416323135,13.444306400542745,12.432851718151996,12.969101733418654,16.447779980994728,13.63927115329058,8.903898114187685,16.3598741250096,14.364295631834882,9.571551353460663,13.669494619849635,13.745208139920665,12.236684806735568,14.282893393942668,14.637276041277781,13.419047289948308,15.163453172289806,13.33277360387227,14.410892728947582,15.047134005292744,15.410159188529262,15.122294184876392,16.17408851164319,16.34107557208855,12.97041169941925,13.87899190193029,14.13442078968692,14.309686595936641,14.409320422891195
14.169618970325256,15.900153737373703,12.448073142727475,11.689975951726023,14.928981351390531,12.951752815837578,17.3707748211858,14.230182435061302,12.09808825761165,14.075243448542684,15.900738561571362,13.57105819470682,12.614278244690015,14.506519953884277,14.596642416813204,13.957732770999572,14.162218772645222,14.391413384819886,10.840582732111647,17.14905615906098,12.544152109305013,16.968316156497952,14.80411305038985,12.064683375510812,18.195494768883126,15.041857183909976,12.060837482011507,16.72582105243907,13.041947670010924,13.113059991344054,13.542508700039223,15.840590300905268,13.73064021584544,15.155049297731876,13.224831205411414,11.726470981411701,16.380633951147992,12.621686118640136,14.254743977662146,11.726065460463383,14.346482980233517,14.548759596416566,12.554337928536155,16.259956401246036,15.352360313024546,13.38404805233405,14.731084777782037,16.20092540741486,15.143103215218355,17.25178339384856,13.928500495335454,13.327924241819417,14.123339249685449,14.456067543070322,12.459427442552592,17.585862994247506,14.452396841881088,13.0557698696935,14.131343642442378,15.220730518224002,12.519874826278325,11.766948982043461,13.329579725529527,13.785550562756393,11.199490420556081,15.89306700171375,14.747733357243884,10.815859236228535,12.545538900837473,16.441699585752,13.350109979770448,16.069574564624702,11.265608853295086,11.61518128589978,17.49451186119066,14.302345694821119,16.595277631999807,12.946606469432746,13.33505750518743,14.16913611641158,14.545392995511026,13.779516368163492,14.919956014095462,13.402227574940262,17.035144913321876,16.493155688651733,11.925251579034873,16.34602537034931,15.456927366837121,15.771349496136086,14.321008084449144,13.420874088736909,13.201126052280665,15.154226919035496,16.389167386663015,13.797923616552767,16.277160429304608,15.872140335571359,14.485058683303926,15.010503698296539,13.15465386391988,14.05158961824369,12.595597355688863,14.782982589830032,14.723313087768519,12.233862867825508,16.04727528455308,14.911642066017386,11.403034524137102,15.625937305236723,14.392161926947209,15.395728845019896,15.250760816665576,15.984716402239739,14.108380467058685,12.289726649143283,14.19324772852044,12.773548457624363,15.40208899609937,14.958144692582803,14.297325120940997,15.149958856601657,15.03482507341621,15.388505450874648,15.09616946772671,15.118523964056521,15.059945726755164,14.229992443518755,11.384294269201334,14.417053439928809,15.116441666051834,15.574402367990073,14.08793462541518,12.125737031277591,13.811543965934744,13.123702321321469,12.344095878133333,16.647463078995056,14.302323520021714,15.616838116776474,16.262550420490875,11.16727658758364,14.934113114095027,15.396349458212331,12.680227978077417,14.797737985457434,16.258591331335353,14.015896702817878,13.384402677712082,15.064450985433846,14.47951081629382,15.362254954089673,15.751703673033104,15.478007301041226,14.59565218432203,12.010229218192675,12.933240055815094,15.025239307203602,10.822368519602444,13.999314661324597,14.662099782938737,14.887690716937712,14.533085444428162,13.633055868169805,14.747024420510506,14.201717120869295,17.502968780583444,10.809170151014472,13.286117332349527,15.504046251405581,14.816447162763064,12.811425596013724,13.318162461771905,12.404024043459955,12.986948825424188,16.24895014504495,13.657575791655573,8.687748759362824,16.271981600324875,14.275026497648263,9.710682512849727,13.745749388218785,13.556907985104,11.940011830133848,14.273499722905276,14.75237337718847,13.45316825604886,14.742401058536128,13.280858813098915,14.382595664998892,15.148076245173684,15.413311700773194,15.05454281918784,16.14553221151295,16.188863764276245,12.902708877333115,13.87234844168738,14.108848603303729,14.350200748970153,14.3267313164238
14.263113499547053,15.84413760884371,12.636223171045518,11.453570388825213,14.928327266049372,13.09005973780462,17.236886177980075,14.141397124103836,12.104311265364132,14.01123460208965,15.750498517966667,13.551821938896914,12.630823707440411,14.413653310156615,14.538085637327718,13.889457431255655,14.150977163050424,14.50067368544896,10.750950601541028,17.10702964948673,12.590581965398737,16.960609431674893,14.903859032955772,12.036592406172527,18.18565414468189,15.0415057911798,12.10655279721841,16.462352703656073,12.971936465131146,13.052868131250376,13.511743364271226,15.808072678865312,13.545968399368904,15.050472238986767,13.274335767836593,11.650563071205456,16.426291552701063,12.7479044639398,14.220340848103367,11.8299028115174,14.428984102590846,14.732477151347297,12.559359124429951,16.447989117408547,15.161569037495738,13.411811076886252,14.726349475909073,15.932755444250297,15.08284429629277,17.147521114647294,13.80193041460274,13.337370897712878,13.822684507922167,14.482623512001803,12.47147717421766,17.72882671336329,14.53289047685566,13.120614114181246,14.215268266540736,15.282967504608775,12.442092171322688,11.937607468494738,13.453208813323347,13.672862498159748,11.289749645748735,15.740728391191034,14.901256487724217,10.79031669642119,12.576740047217317,16.500591939147053,13.325243132784108,16.159727806783632,11.323505002535827,11.511385314165981,17.563805612824602,14.2939458554081,16.60564590174235,13.012816598963179,13.307391582397216,14.116239053567524,14.48926394494262,13.584596750350567,14.591665354835163,13.36695422342278,17.12011470157001,16.597228586962355,12.026201027751826,16.275036427327432,15.438344453094492,15.700557099886792,14.446787982989356,13.541074157131469,13.35657603296027,15.224385746203128,16.304804958044656,13.73458380120281,16.411855352601073,15.848405849006584,14.471776601721858,14.967779125474427,13.120119759209015,14.142644787023196,12.714152220260052,14.823542783795668,14.737568461331755,12.112705422538824,16.02021037037916,14.71676488238946,11.19556364338004,15.550203864167228,14.254870715249774,15.390963457279511,15.239309091943571,16.017001026032933,14.178037997178928,12.354037605726127,14.068817824485787,13.01499967295766,15.444900144500409,15.021243762461827,14.407316639329839,15.236594612544911,15.103260166361942,15.254882492620307,15.148216561046493,15.18356885042141,15.089804743641084,14.187442831996256,11.454633701174693,14.396667380420661,14.917599963753007,15.501158144045707,14.12719878060185,12.142321623155429,13.667616454885472,13.082647679797523,12.348550730458589,16.58176989609577,14.386076919201894,15.573826666376261,16.19528722795961,11.031135273311326,14.975179427293106,15.571274483173422,12.678889063551233,14.871376169717097,16.28263460759205,14.14294408445507,13.383072896208379,14.940817381537459,14.313796085510509,15.350619929369495,15.79514889175432,15.638906419350503,14.395101879383002,12.196667026130724,13.093187308928094,15.039741687593272,10.938285189475092,14.043424398417734,14.686059197519459,14.981623306609105,14.450070358264758,13.601858065640299,14.75023029322993,14.064130282235029,17.580808786082308,10.849329990165304,13.291753046289525,15.36221952032339,14.841161805736883,12.628615205462795,13.414271768125227,12.29887397983345,12.664300526500947,16.227998487188238,13.649136105268134,8.609482614641397,16.38551766694967,14.455272006579317,9.719007576732256,13.799945782872092,13.584283050038081,12.050556220047193,14.259408247302504,14.785711890863597,13.247842132873892,14.776640788562421,13.08048713226916,14.558192800374984,14.903475676231892,15.538772912975041,15.08628738740124,16.122025339166072,16.08220023292837,12.936511844655863,13.868608258799592,14.094346858364377,14.346533778942211,14.416305559293143
14.395446682989823,15.806824650609505,12.695766881649739,11.414304224627735,15.028797759878897,13.0988128633682,17.26190968732249,14.09525838257495,12.21881865415954,13.875867369490017,15.738874027829839,13.442209230150215,12.679626572815978,14.30766792039564,14.459260201404273,13.840663668406815,14.222233165908033,14.599991058872192,10.694416182176765,17.117041092951816,12.585027440988673,17.032942659369798,14.878480121490608,11.964962459621336,18.262219963600085,15.1811169721682,12.048723873794488,16.51319718207991,12.966623556006414,13.056477751790878,13.492225727674608,15.720630993659945,13.52410946595461,14.955727593399208,13.27072336434902,11.705510755320189,16.51686733808717,12.718103768978954,14.213952276831598,11.68685807952973,14.397102367505191,14.912844772447071,12.36759262899249,16.63503849803132,15.06885101213103,13.54684390443837,14.717963604553237,16.0632800259414,14.855634727794643,17.117696805960893,13.715253402768404,13.370303576643934,13.718752184172903,14.439016007546757,12.534619143351808,17.690439967354923,14.507232033694589,13.076944823705066,14.122331151999381,15.447504627441338,12.566947369908,12.037110808487974,13.23885266835734,13.809975799670852,11.251278207770655,15.77298062927265,14.85932986155217,10.613749554059128,12.537345894461554,16.61915939794679,13.306782077531222,16.149426228363627,11.37676850986744,11.546792051341287,17.517952555853498,14.400479190196702,16.57038127595836,13.15581085917504,13.420295710551821,14.235451513523307,14.637420834694705,13.739379825215138,14.60290846947815,13.437969454372363,17.008802924212944,16.69087483722033,12.072324518429122,16.196810701487586,15.374259660414904,15.479138192259843,14.533513483772078,13.573642034098082,13.390276156958965,15.271527166993648,16.117904990733148,13.671996929263448,16.60648465860513,15.854479861169025,14.344994919733995,15.054533729793278,13.075814411671098,14.14798482141631,12.860688191671244,14.946122146314663,14.701739201357173,12.114721296164658,16.177337921798888,14.633835279388107,11.310507344192024,15.470780482700672,14.337692309842641,15.386540579772774,15.211999601533126,16.022458663060032,14.226552595044193,12.131466177797964,14.09896435246054,12.956507254103832,15.380011050636456,15.059062557677315,14.36426559084293,15.340296575851868,15.0731718255377,15.354111130815498,15.285055093276776,15.224613946439986,15.215984837901045,14.328353252879467,11.381535605927505,14.33491772345794,15.123573287536635,15.53502289353917,14.23440893136664,11.99398455348645,13.703068023087726,13.065654846759113,12.30031662166138,16.40597913606289,14.369996099002087,15.720626374072953,16.136897422835382,11.01843785355904,15.008004414794861,15.40294775963066,12.576290287809814,14.962860979723489,16.18228534751311,14.180452877682269,13.209291980130585,15.051011766037817,14.32577346327973,15.449154397946431,15.765914341022073,15.59341128815347,14.476536877770947,12.287748958287592,13.124652970913218,14.91885906301692,10.982863373287843,13.874088079849267,14.637355789204225,14.987432115697436,14.44052164616764,13.633058947679233,14.652545193011264,14.057181929437379,17.53101890307072,10.968384447682178,13.303986597723556,15.259284020965348,14.773810821260104,12.63993840887159,13.387986696954892,12.34126992337278,12.756704867549319,16.22788955787436,13.669562616838748,8.618223331368544,16.32827920354508,14.450458242778732,9.676349532064373,13.682222801995648,13.415161337895867,12.268238899280055,14.319136172370259,14.785069954652048,13.277699743829274,14.82749628388491,13.121206639617641,14.733296833971995,14.823751867841407,15.598561545562262,14.96773934362164,16.16284457782974,15.958756894402237,12.893816528166267,13.683551642716862,14.150878370859559,14.058570162007978,14.429828750101724
14.45683853302642,15.744100732639424,12.701044905366981,11.514874729870947,15.053315760952287,13.010906683962054,17.343222606808077,14.000062713308616,12.260792953509943,13.933358958193923,15.908938508101638,13.396052850768342,12.750843020746707,14.26333317953313,14.486610177569139,13.846254146859996,14.303246863649994,14.744191513625188,10.562559140913965,17.147507627207855,12.535668188304342,17.092178529149244,14.811227305893436,11.784968757644583,18.21078346252292,15.243025658796801,11.961004768216261,16.484353620101505,12.970663291868261,12.98644601079664,13.567799294607324,15.727928899327917,13.566108370061722,14.855017734124496,13.274330525294758,11.564198100642217,16.536124432906337,12.717886857253365,14.291874693128582,11.696488285306957,14.450736222716266,14.817084605649825,12.414591022026245,16.43537518835499,15.150166559134066,13.709930297824826,14.704089001013578,16.042619870352574,14.893012662514122,17.28025707762176,13.5217384155568,13.459171202812918,13.853202589489122,14.384396114559195,12.574512515771143,17.766745747299527,14.364086694007637,13.074636750085332,14.101442563750568,15.470012410389662,12.586131806266545,11.958640181321494,13.26095781710605,13.716122864887005,11.242533471736117,15.696399813385938,14.756802463101465,10.69859436868939,12.56131565245588,16.617528238962986,13.280026320456054,16.135325746695145,11.368655797854062,11.533585069694823,17.536590969578352,14.23041293103777,16.633666351687655,13.146418527017396,13.396086281887218,14.17393937998314,14.637074119542829,13.57578428135573,14.576774275972868,13.439417501463694,17.01363411072468,16.76928861438304,11.96978679992011,16.303173443635227,15.26703613566032,15.370185062603833,14.514186798531714,13.607126733461474,13.289899370117482,15.28069162742721,16.14825448611629,13.512812102756161,16.467635577098946,15.866742680273278,14.321264869662667,15.065849314511066,12.88056068896356,14.256419797352905,12.832487219679011,14.749935880967405,14.792304642350016,12.098020493461496,16.18884818381429,14.60915550924793,11.244550347497901,15.536109266086147,14.328581890660182,15.289038095230204,15.118629423350283,16.20940188614919,14.253881654041564,12.100551519524842,14.087220728766706,12.948037704257631,15.471908316065285,15.056315606316232,14.313904012043837,15.41453714478177,14.941560815449678,15.338122743621511,15.214074723900712,15.256975061065676,15.190225332934155,14.313634609348407,11.27637546159629,14.232436490587288,15.208736645982485,15.46377763925882,14.226200748887651,11.87692471249223,13.6750324200821,12.984298394576921,12.239183869987954,16.51673447665359,14.415801912321339,15.882704598029004,15.972126737311315,10.935051487019793,15.032906518614936,15.409082921308407,12.615403602750124,14.911700867812007,16.265879169352885,14.106796414081598,13.204442777412252,15.003576024385024,14.39334862271881,15.431023518044041,15.806743776271505,15.566547390767017,14.55321635768223,12.305238815754084,13.146280243683844,14.85880489107198,10.966198209392571,13.900196311916385,14.559513471984795,15.046935873507403,14.469953410125349,13.635753346615804,14.735741270617225,14.059022855278808,17.51289070379703,10.859745231998048,13.288758256376212,15.105526217769194,14.768127005544251,12.55813199365091,13.253177361828437,12.282729118045843,12.717051421685007,16.24692777184101,13.610798150500116,8.556841518132925,16.11255963083639,14.497313433363543,9.739869522068453,13.72684583981128,13.507995635288175,12.346473571199931,14.403435339501295,14.820957011028632,13.19297415608752,14.934540097948759,13.090284326069284,14.769140209533248,14.859319256054254,15.584042027182226,14.970087073202068,16.349907144122657,16.254202375392527,12.955063194920045,13.911605848125296,14.124473587662187,14.247553331998121,14.372378294496299
14.384590343901626,15.788883331744993,12.668544888658214,11.486545011212257,15.01442649138062,12.982812136427714,17.416044640279896,14.032958475631599,12.267507708468138,14.061575752494937,15.83170957767563,13.281992242686714,12.861601499040633,14.245134906056405,14.5391427605576,13.78901298576115,14.245593929386926,14.81313359025297,10.649662787912403,17.086079421857317,12.585798077804997,17.11245658736971,14.756556165397447,11.84516216909486,18.289147333646426,15.286205817526396,12.060131369337784,16.460203880398435,12.841984221237288,13.064705465136099,13.574919341365035,15.811812482069314,13.599751518692656,14.86763748693572,13.09745686430774,11.794081944321777,16.45597362810317,12.74298980924066,14.131234141481627,11.728564431246246,14.581708628878097,14.798664541875244,12.498494418280451,16.279236731496685,15.036509226304885,13.74508149324335,14.794940659793784,15.931428827461835,14.997424721230475,17.158819703959036,13.504308251529178,13.462464887776482,14.109145537093054,14.412340055301065,12.750069584575794,17.868072897060657,14.306767333037214,13.077518050364876,14.174996789859923,15.299462244325534,12.46829787999358,11.888390933781652,13.382234603541228,13.759046962056969,11.309713609397832,15.781822440472752,14.705445588516463,10.797990320421054,12.561055439821907,16.66875367021002,13.383945108851004,16.02384195614666,11.42429352603062,11.733665243976281,17.85665275833488,14.189882026885316,16.596827163482,13.098264609842083,13.373224957023217,14.210419020797742,14.792471698761808,13.656312501309836,14.675156392105238,13.508172611772567,16.912936364059753,16.64697889303383,11.91655693976459,16.38503026961603,15.288893067246931,15.311332519456812,14.45406240275862,13.925968340411584,13.270297072792058,15.326065658242994,16.130738377100272,13.631733026177319,16.4321542797909,15.855107895030168,14.25886279721034,15.07714206309383,12.985917914846274,14.324445724274826,12.779401770659518,14.945072999123713,14.911435261427481,12.209227439310121,16.123578464271425,14.673895899274678,11.248833995202352,15.435977947448041,14.245630435451032,15.294842735439902,15.1002074188882,16.242469648937618,14.274539025861198,12.008484389018868,14.002575749657325,13.049691906704167,15.466376633137894,15.138313313525092,14.296225710098637,15.297973635757685,14.92604344694595,15.3567669697394,15.20987640931181,15.224429022410193,15.153243928305324,14.3786142817655,11.229399039723592,14.156349083538585,15.269170983586331,15.425580551319714,14.212530941633569,11.898726732491197,13.660051421220345,12.967321140401554,12.057867860626546,16.552297489241543,14.421719515903336,15.872574989623303,15.930456024103929,11.165247984302974,15.114887050532761,15.428618721174676,12.486374017484287,14.839100630115981,16.299162056878245,14.167501185348897,13.21046620083567,14.998051010762225,14.375858781001265,15.628824653689788,15.696116865094439,15.649568182993145,14.563082049667148,12.274372933259366,13.18746223475466,14.84262301685523,10.951457359258999,13.810910150126494,14.664929048413,15.129119892703446,14.374292045162953,13.65672473592283,14.732342919022212,13.928178221245656,17.43520754828216,10.903841592092643,13.299822788973197,15.180382425918923,14.725586285410344,12.592703080911551,13.190635297109903,12.37228204042602,12.809195806119208,16.260987845983067,13.540513195012208,8.577578885084945,16.171584088273203,14.316341756603974,9.710302175050169,13.774864833849385,13.461240951019676,12.294987440257671,14.343596653045145,14.82238192040037,13.233872239386145,14.871447796827361,12.964334203052452,14.728734453977061,14.781031842196573,15.592480653479901,14.9603582810557,16.327555497205992,16.162872867235407,13.001509389028165,13.825196169402806,14.081084398503808,14.141649945780312,14.434468114063852
15.143292883715734,16.67107156805475,13.742309670084783,12.538149556819597,16.153325281881934,14.089156178176838,18.429109675861483,15.126866113945393,13.268635584967267,14.929760047998586,16.797263276269483,14.353959057366728,13.908059745873699,15.183459544082652,15.467813842434586,14.575263723470481,15.371081835074708,15.738969167408708,11.626380721406333,18.11375959681569,13.653976510254328,18.19927838856391,15.763540552709998,12.83658562987343,19.327392691621153,16.29139232500201,13.086192463029432,17.358606915778672,14.105646994950197,14.006565303195163,14.656283925964441,16.84913309547886,14.640022856301156,15.944852102551273,14.082016032498048,12.676565196402658,17.4012200814636,13.82310441808568,15.145859499098679,12.681896486065282,15.50618782406459,15.745511341168502,13.635076708221147,17.39849880152529,16.121561422560596,14.667184574475504,15.735756196939972,16.832051342243595,15.830291105181077,18.17749052134457,14.562558406177981,14.51487433964284,14.812719560396166,15.499511582247381,13.651388598084342,19.00823357872966,15.205821339196618,13.99218936988145,15.106034311194565,16.177576198821797,13.533565020985785,12.846980643933877,14.32518816429573,14.752176201532084,12.307093755471795,16.920116051247952,15.636178543258122,11.841300937911695,13.422460407291746,17.745479118692092,14.411616602846548,17.112922773652567,12.533759313728652,12.738502635962481,18.528926678580756,15.226569823348596,17.609253168519043,13.948937885593718,14.2726958963196,15.103090931633657,15.73470122936542,14.65804688370778,15.578369028186374,14.5519556087146,17.827298767095613,17.609851693467334,12.918970652507648,17.583191060885046,16.28674211570894,16.30064345417275,15.471694874274903,14.88989714480705,14.224654922043426,16.391125818125115,17.085169839711828,14.758321435907055,17.47093589935352,16.847356210694194,15.301280240221622,16.14153294040419,14.002261288694745,15.165524369528391,13.821334424953841,15.768535332498642,15.861896974084232,13.386088295578574,17.178986691269948,15.696494461260258,12.132425472330448,16.38562974201292,15.118500268204844,16.16395990723553,16.248711924365477,17.231303130558796,15.295110079395767,13.079122178984017,14.971541452439606,13.987143076018144,16.488791569439456,16.237229988563946,15.409302591862435,16.1300812099375,16.015204505394568,16.462368785563086,16.273469409031975,16.299964402168698,16.357996193631656,15.515902318336966,12.233451937237907,15.090957716326658,16.271781626340932,16.503935438695244,15.194402233897497,12.860898010950113,14.802064943839365,13.832575895863092,13.146064069828556,17.496371982115175,15.426442316884945,16.788357752533408,16.923645163732594,12.134427588281905,16.286283377359908,16.335387877554304,13.352816655118229,15.757980479027465,17.29252857598395,15.22335529166186,14.250539683964815,16.009115856423293,15.32756929651832,16.645009059455642,16.412332258331766,16.659931082980165,15.551573465362669,13.226271358008477,14.260783966499014,15.795044971826925,12.0828033750529,14.8430767416044,15.6237888022366,16.199659627364298,15.241340245664928,14.748630446422332,15.720451305618816,14.844659366979062,18.434228673822588,11.810914317943972,14.281821163836161,16.011460583252912,15.602035919357233,13.528001263616334,14.217281751018737,13.381685147215528,13.756962677794233,17.20144098634054,14.621601738797395,9.587562674399265,17.146007757972246,15.33041441151416,10.787082203643346,14.791438454424354,14.498691212201662,13.292109394955565,15.398195114512415,15.656906450966956,14.326219887018203,15.800487091648398,13.876235316711613,15.618351073216834,15.75222310718832,16.5358057831368,16.06734424918564,16.933721338586096,17.19701771484436,13.994794382265205,14.937646825625711,15.1829278190156,15.17387181798364,15.338342079675384
15.333516982880305,16.867150937480734,13.752493818736582,12.545475720231329,16.18165104303552,14.1708144082417,18.693988366850995,15.1178212918648,13.18350439291913,14.978520244761686,16.904021458618743,14.410724333916912,13.81830438625764,15.255787419044676,15.427622322877266,14.5086658444654,15.537270690393493,15.751811898676111,11.69739531225994,18.053003267188423,13.872866739063454,18.23085259641879,15.824911020654717,13.136151999748309,19.434855821932725,16.266772685292462,13.137208016618475,17.2814867407552,14.184622276799582,14.122845587671701,15.018627413474185,16.931519938221175,14.582924412697407,16.092385527068203,14.15909918429769,12.849418939785311,17.203695177062354,13.698022019754342,14.927934078516257,12.711384623422546,15.599289878750623,15.971386350978953,13.521649381988253,17.29938641462775,16.145201352921806,14.769491696384389,15.804084013293553,17.045662729980457,15.819899591381853,18.036027546952667,14.74320590954841,14.488605070728482,14.755505113361707,15.745733183687545,13.836072194968805,19.002120231405,15.420015567412168,13.912151775675646,14.884096598691158,16.390851555069332,13.601048677645439,12.799898443969088,14.489567314928394,14.783267485847016,12.428592696835624,16.979502328623415,15.565422888607417,12.035680224306054,13.319804011122667,17.812809200119233,14.42612408294803,17.140254660847383,12.390641838334334,12.875546866691336,18.38648547452403,15.2434815520316,17.660990248618866,14.158378983088223,14.430664770397234,15.200725230005066,15.627002233873379,14.651097120768231,15.460575156814237,14.689691258873617,17.96987313180468,17.839656865043754,12.941110842167586,17.537380251344572,16.304126716893876,16.315506942495016,15.61068721334125,14.89342197139607,14.129338960286283,16.13434615919531,17.219094941899996,14.724031495007988,17.394703436805603,16.984424880019514,15.236029018918067,16.073096831958644,14.228624802771893,15.095390962304355,13.988114098151081,15.830795397676459,15.683533291111498,13.487234654841469,17.23335654150646,15.914097312260523,11.894222311742094,16.365544707102302,15.352260580217651,16.269702821097276,16.283969300757654,17.156788801230622,15.52662166500885,13.25099781429157,14.897782826828092,14.103099492146512,16.461168125826315,16.222450910583007,15.784755825676312,16.32271888808467,16.054962902839694,16.48347998640873,16.160360955387766,16.22834266618195,16.375890607667124,15.432011844544483,12.343194374953805,15.167778156436896,16.578610458671825,16.681700899280486,15.248490919157621,12.762234454883197,14.86166033618238,14.128395394714364,13.20268788868501,17.688362689666327,15.607612750146334,16.842205723591153,16.904991447264322,12.094588923776621,16.50948752706053,16.45402975253711,13.309899825558567,15.812641213019738,17.171072609294324,15.430926509303632,13.960627976073607,15.977816084316688,15.37981165882448,16.70644806739788,16.551282881237,16.669503784645954,15.468736375050634,12.973864274095513,14.275562653402439,15.748661242007932,12.046045840250262,15.029654094789116,15.804424779157245,15.896216823747352,15.22867268792779,14.919877950531218,15.984853741793026,14.615810544519196,18.37331223263264,11.895404987717116,14.429330486044371,15.872157219561283,15.628992231994655,13.585115913567003,14.300810099270171,13.40896620903604,13.714876589153754,17.47495983072043,14.364987536058669,9.817837559952256,17.17036242886973,15.278045430384259,10.928633691504407,14.711271479816611,14.377987356238194,13.33997396272904,15.366826944732354,15.645198332367697,14.245375671465728,15.84973142494359,13.867844353482846,15.638472453987914,16.025615827282188,16.628156163892772,16.088166441078798,17.173198385507536,17.580018467119405,13.926218760841788,14.93512617341542,15.382139954812796,15.30424999604612,15.313432892921576
15.213375495320324,16.747859087293246,13.705804128270245,12.562028052925445,16.276903482704387,14.017592738277871,19.027298702238607,15.157094780661108,13.278971572793095,14.929880726994021,17.185354193688298,14.355284121233428,13.765732844500652,15.364697628017176,15.551592145480504,14.573007561191844,15.812183404771561,15.84051905457823,11.628490203540114,18.081250964186957,13.994563538903414,18.348339976519906,16.015097877990268,13.293592373293666,19.516827471170885,16.036046606444327,13.25926342388108,17.22639348625049,14.129811837738878,14.298958657203041,15.091589879065292,16.89255561984971,14.595141670082349,16.108232326055223,14.305403836129301,12.998255806855305,17.228119170696672,13.729764356738368,15.060238739970586,12.669876654081875,15.800630793886091,16.06141379980469,13.561051314548914,17.42647888513707,16.21829067847248,14.731258363366765,15.931399882183548,17.326896607495122,15.860253756890662,18.287409088049724,14.913343309458876,14.639666306376213,14.92574921812749,15.91452226945862,13.990604445099622,19.076288257153063,15.447526447355802,13.836952831433061,14.95794252063976,16.41311457377386,13.70314852460923,12.84132423237696,14.365732812213098,15.011963090611228,12.444684119037065,16.880968902370547,15.421642827968668,12.112899668690336,13.321274357040815,17.816258524321547,14.521643951294951,17.167349033754043,12.328876007726493,13.009470714372037,18.367424206609087,15.340467947456144,17.874862472131312,14.263402508063471,14.517856331918448,15.467803055993329,15.842675187836722,14.366484328231946,15.473328064203306,14.70536334532058,18.07540328709174,18.035942234174108,13.109451412541452,17.705704968489,16.288739551923012,15.988092421689123,15.559845557796958,14.868561573648773,14.31792364695344,16.28121709224073,17.334011163515623,14.837323566525436,17.540149310164438,17.23779666319591,15.454945350246014,16.028327536019454,14.247862492855338,15.023841507673943,14.126472292637349,15.54107199175182,15.667839873626628,13.33628909165057,17.274334064375477,15.931253350431152,12.108582757324122,16.2389958357865,15.46918667679414,15.988523342195613,16.320952770316143,17.21217231651378,15.365055252076429,13.473218164399587,14.983707584851672,14.085826019375915,16.470978205556808,16.26382686936129,15.788441041889314,16.129651933943833,16.061955147086636,16.69186110677347,16.056366241716,16.40403037114833,16.566522889423407,15.533942693425667,12.431107595567003,15.469862799751397,16.925077697753654,16.766325927909737,15.51638619136986,12.752233738945087,15.072618657638905,14.010161459043902,12.99612407798001,17.79973662796586,15.681802682787282,16.829833389349588,16.865198691783238,12.101686695099161,16.53083464560009,16.501972507136617,13.459606541846846,15.755519281543801,17.216759332790105,15.516422524245401,14.029212291108749,16.042797133766758,15.476084224975185,16.825509093245195,16.66444283503539,16.632955750640058,15.144164636699132,13.185232863134805,14.214578820003286,15.764493406529605,11.974049062095029,15.104722300432629,15.87020977356623,15.98780242134524,15.286211429425657,14.97115204110086,16.05902616366898,14.497822088251743,18.386177726903025,12.057985268446988,14.712373673340098,16.048730022548696,15.434624871845747,13.645113962603622,14.499381620870665,13.405226259619024,13.697443423485144,17.52247384396466,14.424369957285915,9.931150076675753,17.184821744754203,15.285843815003094,10.89667638392973,14.766141187250621,14.466103796408996,13.39975373913323,15.538787064668698,15.679889294015371,14.242539677451832,15.890122029453957,13.991383890465446,15.730568682705032,16.110033095895343,16.55476988049466,16.19276499671324,17.36170576558436,17.720901243826987,13.956770171340809,15.038233660415946,15.2066749743346,15.393464881952383,15.290850218751313
15.38797303427494,16.899694776670554,13.74520120600058,12.542342140026678,16.373916179935108,13.933427488591594,19.234139705568264,15.369703478547503,13.183564617544754,15.031405928429786,17.249397325956743,14.427958739010704,13.878534300249804,15.380352600038103,15.444993252507448,14.576678040244788,15.651269068285712,15.794966803773237,11.524496770753048,18.079051321555614,14.186486864810442,18.31482590155622,15.907232462170573,13.535911208807185,19.376938927532997,16.08321174718575,13.150408427073263,17.440901404081167,14.194230943801156,14.428453392207281,15.017233511283038,16.964343384397665,14.688352221935826,16.00028314885727,14.465050534829542,13.079869212557002,17.234604659056156,13.741302971262565,15.167522665514937,12.772823699626741,16.109786026313326,15.907051732846503,13.6241262334728,17.605018346427315,16.227869186727418,14.797047987199644,16.07513608446061,17.371683084282797,15.854050400552032,18.359661735309135,15.183000510111683,14.809320292724633,15.273106423809057,16.057097066542127,14.04206754974963,18.979734402151163,15.355697943312238,13.858766390602042,15.202063739805919,16.366606099510587,13.545049819342971,12.970488851531323,14.280732619182057,14.717156495072054,12.627396777678618,17.07691849629731,15.628897091228545,12.306465030028122,13.44159756088026,17.90972979776047,14.576050989276114,17.294339098462267,12.340645398543268,13.177114811201648,18.30470621901944,15.410191588194643,17.958746221883665,14.433296381968205,14.625298507678858,15.448279437012001,16.17962315168925,14.415954742943265,15.587250367465552,14.983680736990733,18.413331359483895,18.002530917474584,13.200624883716866,17.877129058568734,16.356093108147647,15.840953455293072,15.652415457313719,14.659813396265161,14.41037973685825,16.183188029350674,17.515504876594857,14.901787809820304,17.48904216774153,17.431926385181768,15.264991627422305,15.985478383038316,14.296746126594355,14.988381654895242,14.306277464688037,15.519111961530562,15.739929923125523,13.57727966407675,17.459410834144443,15.972892378864032,12.241961691367253,16.055578380550855,15.715024235783027,16.297585352440006,16.348675696314594,17.449010615554666,15.338029439979131,13.554075558255695,15.079164457943895,14.229642639975559,16.771434357177586,16.39540832912157,15.978327695543316,16.20280067603911,16.291463199443903,16.7646779040785,16.02495274406338,16.459494632301844,16.554744065957507,15.609497058829074,12.588040848183505,15.422146138314208,16.845199083628255,16.757915138704444,15.612839555044237,12.597013376198067,14.976951869975707,14.012600404962656,13.081433483579081,17.911692128492753,15.65909680228668,16.951650666215507,17.072398132036916,12.289587415862472,16.741965741790143,16.473609065553276,13.448514774727819,15.909845536349405,17.149639326780306,15.553765520377915,13.799225440609385,16.285974931095673,15.550367651496838,16.779961836327352,16.693580931673512,16.467631997033628,15.281742767276443,13.310273558583052,14.237506132546278,15.879391591967444,12.005323801337013,14.936522813354317,15.926804511105553,16.00505954911415,15.468565942903567,15.085197131467844,15.838731252481978,14.662300012132143,18.5429952963273,12.122501895214025,14.635017558052844,16.20926820756715,15.540407639808327,13.710838163050674,14.503851092877074,13.522656099952833,13.820953461082478,17.41901667445196,14.364192131575088,10.070920922724369,17.324563504258563,15.421862356926201,11.180432451024819,15.114944910494446,14.278310175558818,13.461994172970522,15.480036730109525,15.754394199942361,14.207180130657704,15.754143621065339,13.904008748196972,15.608500754893312,16.117116930143947,16.54649683184033,16.261481091690502,17.42569518331561,17.88769370793943,13.982173456389294,15.19419217672143,15.146313054514955,15.40950098504475,15.312236862715494
15.39460129123318,17.026763694488245,13.854624351733548,12.56504863374363,16.5951577715019,14.39302292357051,19.06907953011425,15.252176105813053,13.069130338869215,14.967699275568837,17.464260553846778,14.35030545389632,13.93422685734666,15.5776793561697,15.555597195853979,14.636816778460076,15.805448292036967,15.71123275134663,11.715596769073247,17.95604017624792,14.318803834823216,18.49437899199536,16.10667524751198,13.716895743474295,19.297332024347025,16.129528669726753,13.25282268284195,17.30574791259675,14.257464777196219,14.39652104118244,15.036808430802605,17.063418204918435,14.759099531353158,15.9255579083023,14.577428921805433,12.949829744693849,17.332626791871387,13.706436546154537,15.271921454124701,12.953201168549143,16.344808250557037,15.784254489947791,13.634358264296386,17.61384365441356,16.453941511871907,14.809470753034217,16.066449793496762,17.29522976460956,16.018828581641984,18.55221615776976,15.247517495144697,14.835646057996911,15.262923719318369,15.996527724326107,13.957241781601397,18.956630802244188,15.410947129965205,13.922693936804933,15.338971440006329,16.475575617622255,13.426820738088262,13.143708975147003,14.39994982077369,14.977126714136668,12.405434144790682,17.170031128980828,15.733105032522117,12.503018176404419,13.780395053357127,18.03444237929418,14.55358100756278,17.14385978762455,12.346354919250503,13.27682543961024,18.30603601041871,15.627391022397846,18.06655504493478,14.600699507403569,14.782534189261334,15.607990786059553,16.15373218288185,14.51350249141243,15.458334468798553,15.061974350245375,18.73670719283586,17.973806632590676,13.217095370766476,17.91294158684051,16.437255886233256,15.870637709673932,15.51133654367602,14.472621504715352,14.331396940022387,16.447729104195364,17.576354823964333,14.94265732969607,17.392369438720237,17.457252506270407,15.374506928182075,16.039384446869157,14.432429328354356,15.043715027726249,14.408707098387241,15.517932769923899,15.888587200719568,13.837757211804648,17.410062127949786,16.250010399915226,11.973898711850353,15.934071339804008,15.565144102274754,16.345914732065534,16.57729376326724,17.252068458818396,15.465113875275716,13.628029160813677,15.370251749800612,14.13576837799809,16.88789564072167,16.354289535223767,16.13536736498381,16.140042820476943,16.076782679338407,16.591381140765108,16.01506593884114,16.642108108615,16.74375883031565,15.695500215118143,12.552026155104338,15.645607850510604,16.79764671870944,16.932932308125828,15.682713026887578,12.780371381740647,15.036820664687209,14.426261321709584,13.264625755937367,17.752004947518664,15.891950377355947,17.07557555173715,17.107918736573264,12.377115720453656,16.917592501667123,16.45947473994536,13.436899716072233,15.94971778509954,17.1470585738543,15.649155128234309,13.797119863208248,16.492162479744174,15.707404201808357,16.911396793833767,16.8175388731414,16.629836589985448,15.34286550241007,13.135623347837992,14.567609734624723,15.879992447385472,12.31126335521521,14.949115450157663,15.980739196967862,16.216012625364833,15.676765726171075,15.081816952512703,16.068061569804318,14.726469885574204,18.729026809013067,12.153259320529527,14.572153855330331,16.128578267922475,15.640847751472185,13.99309518368768,14.71922015549568,13.67757268842465,13.894630596363445,17.214092399826008,14.265240018683539,10.128681149383837,17.350202985925026,15.646364348014654,11.26620228593986,15.292911822729003,14.371389504733493,13.512984068163329,15.36405042836361,15.868294066069021,14.200948535619279,15.579212337544579,14.256558789551166,15.669439429164258,16.202797467144265,16.79886964171714,16.293886626019432,17.725994258409706,17.819713733129078,14.010528419765281,15.219884517381827,15.43691527428127,15.458289282134674,15.18588633822219
15.421130939412828,16.96046483155403,13.76870310800412,12.51801957592675,16.38824043355215,14.471093031816178,19.162014915408815,15.065665265764578,13.102381542070846,15.059255476107989,17.648239303796437,14.391641349813588,13.950667876375485,15.753639952821256,15.71004192737385,14.693379957703101,15.8521720274565,15.680907749932354,11.748019519302934,18.03845569174902,14.243652306944194,18.53426634184455,16.058135670680326,13.613681817782027,19.291950130037563,16.298538505317854,13.30536968109278,17.291138484282886,14.348577629280966,14.345258703889387,15.190052971051143,17.28513394550556,14.714545349097122,16.014234800072288,14.502584685232687,12.89705613150737,17.3438378979816,13.678666433068562,15.21990260700779,13.138410206035378,16.365277644551924,15.763298520599632,13.380689718903735,17.691042672493364,16.60947139763412,14.825158635021827,16.09340721706859,17.583173101412463,16.191617794619436,18.741345402522434,15.504729947676807,14.900459974410028,15.242681513524088,16.063105965515657,13.90832486808905,19.263816079001337,15.153508539983852,14.01628015126,15.461500035137822,16.54058532810314,13.503236323932008,13.271868468987673,14.408945886153678,14.978635022239002,12.503976593936553,17.205502998907587,15.864801944836277,12.441467562996596,13.780027428742189,17.95008116823705,14.570873136937934,17.211039544265546,12.419734502996922,13.593577805588223,18.4105462177058,15.765502738977348,17.988778311653665,14.418041494927857,14.895942531406556,15.840548695142827,16.146338547485573,14.602554585804398,15.3916968784774,15.046497672866185,18.820452653197506,17.958406747794495,13.37761973898409,17.74612016708679,16.601086266064492,15.774800982271906,15.61540312173594,14.496390230506659,14.339612677470816,16.295432276825107,17.779516432586423,14.836454645914705,17.52519978197314,17.281291238926244,15.21141423242161,15.861317642004888,14.541701028804887,15.227005188209077,14.5355504169904,15.557681844461772,15.770483505441716,14.13985376343155,17.47781588704662,16.478463275872137,11.845193404404208,15.80562100293601,15.634533436015987,16.579118882924675,16.556270628680227,17.185937665793297,15.441092376649513,13.539565014516624,15.27346324460974,14.11495040922611,16.95915968393256,16.24045369425876,16.353030180040772,16.228573708775283,15.873111899958529,16.38129040830149,15.936649712590782,16.91875092010105,16.850250429530174,15.663354765797154,12.705132933295321,15.687922325841221,16.845540412130532,17.007149872381184,15.796328086184337,12.94623809367285,14.969877270755394,14.561487187292473,13.168219779319193,17.774471290283877,16.023670760224352,17.025697822334646,17.21239990628733,12.594170909978505,17.09817025754012,16.53061440083822,13.376494624925769,15.827873597549207,17.05014604262518,15.517068118599596,13.617199843249125,16.555897367067473,15.80681188324778,16.72375442846404,16.871665674666534,16.62293750268318,15.295133189097252,13.516273089660004,14.472409790042134,15.914802765112071,12.567854779381596,15.031308417154683,16.124389756905572,16.203793083548284,15.69718697198115,14.996393866428491,16.19502162755291,14.609969189825119,18.87898998340707,12.225283697746093,14.63084505062968,16.186102053378562,15.640206982390612,14.174907148171249,14.875270036776934,13.791207644811093,13.91609849106341,17.16348325453838,14.186439236760847,10.252058237221988,17.351617718305125,15.710423378189569,11.323939814074627,15.658783179631854,14.62079144474132,13.45846298252302,15.24835581989015,15.928426523558121,13.82293504928545,15.523376001067286,14.283277895337898,15.595737667496083,16.11619972341351,16.97004139543775,16.251626070625598,17.8800799982034,18.09533855045615,14.002169849703707,15.313692896451338,15.586885772928595,15.489990529844471,15.430690256895485
15.272932377420965,16.992783346865924,13.79308905998582,12.544991539746153,16.46767900719694,14.57403325219326,19.271231324450934,14.994502971449187,13.165051469046867,15.159352928506145,17.736831153336635,14.446121755250978,13.892759699959804,15.944948137730748,15.76050183975657,14.515863397322986,15.70213613899182,15.824661479623535,11.866662213453107,18.19925361891241,14.262079724128848,18.56016778036911,16.126827991405168,13.729386929345537,19.265713914685705,16.405189424854072,13.373808502096512,17.268269625097023,14.310799188795045,14.485861350808928,15.209237971293152,17.101310143165698,14.720731467081958,16.279011149846166,14.68581488645965,13.378953862688572,17.42312880291519,13.68641568189163,15.289328582326252,13.214804187617194,16.45499665781692,15.868447465805687,13.392283819764168,17.726252354138257,16.58489021181328,14.76553763818484,16.30408452286969,17.739500735751285,16.07595166801563,18.749745515453576,15.578454365765491,15.057487153373103,15.42165988545005,16.133644242194922,14.010363519802945,19.353784112034763,15.26274307695967,13.861755037197499,15.573292844672663,16.703028545301777,13.665746566542403,13.154679058344772,14.49889190092544,14.995638170827185,12.470254390384321,17.33599397017994,15.93537025644695,12.604474090137515,13.796592252940616,17.87615973206597,14.652579777500849,17.479305993236977,12.572279411334847,13.867473704223826,18.530165022826573,15.713918421427604,18.09542329467611,14.620147715650269,14.670909574116815,15.851635212944384,16.41553123072847,14.661857020461568,15.340697839204399,15.017458796942774,19.1336100037774,18.103205461658106,13.425313141283196,17.8494278516072,16.912106386235084,15.840842508523181,15.920864541774375,14.542684512541316,14.418749433042573,16.429194363789644,17.93661293454923,15.153332259485992,17.503832453913027,17.384731744964352,15.097842536602801,16.144260731198358,14.546086819542326,15.253970699804395,14.568246537023533,15.680739532702551,16.00058402936745,14.089511509360838,17.600915308872025,16.61570296276247,11.823931897609373,15.818587867018584,15.863767053132847,16.6242313355623,16.770181261867805,17.12857538630184,15.70148304894952,13.53939276609012,15.377966620918377,14.006957911889533,16.853411588002338,15.984161718979863,16.43667145850329,16.370562871532858,15.86059419318755,16.569060436575956,16.361331826384564,17.090725026871887,16.92262358251555,15.737489746774894,12.522422953056944,15.895302862908407,16.84783948842167,17.034510601648844,16.00719686029177,12.951970434917271,14.89679035147564,14.485270930436613,13.294429294810932,17.950150693250393,16.076873865507547,16.985177946973558,17.35156699539021,12.852476075331086,17.355619140100316,16.57892471880477,13.403484779259523,15.797692161686772,17.035669871568892,15.366734351645691,13.546866275215027,16.66130856485454,15.693103635583357,16.934614696680978,16.863656763733655,16.683011410703813,15.305027264263424,13.735330378773009,14.48632118853171,15.986402303975781,12.672521650269685,15.026095875831508,16.18091106129589,16.253366332198567,15.866445348224921,14.816093132711265,16.45383286686933,14.651584022889649,18.939301058420035,12.137626122571817,14.648715968377704,16.232655688230004,15.58559785548351,14.276530828817833,15.050711813457271,13.92830888072201,13.883543180812733,17.10370748559916,14.338419546329337,10.455889520206712,17.695988356990508,15.948478007067017,11.390244621764229,15.626773320726672,14.90016335538927,13.6114324960565,15.591632433125396,16.12152273825471,13.827235648566868,15.421294553965279,14.141303781217404,15.874297088007381,16.12301829239178,17.16649140769612,16.398946169454117,17.952544787104543,18.150591700181042,14.179278976283127,15.511461987622935,15.770875399323991,15.227296166770316,15.703705995509287
15.355274429316268,17.030400199229774,13.806148810151956,12.481094910923536,16.612685202222636,14.56019791015936,19.24347890947604,14.999899787218968,13.06337093382879,15.059377361138537,17.840936219020733,14.598918395961585,13.776875324016236,16.094660185652472,15.694877280337803,14.435608613485547,15.804528152528576,15.871433449164073,11.979731487981013,18.32206725176853,14.468702717993304,18.723633881288748,16.003177526523196,13.634612203203043,19.317262749722303,16.544093963759302,13.416908571185107,17.199654071279916,14.498605635210264,14.652332377322999,15.247616385771476,16.93604690756952,14.943546545218176,16.17427699495269,14.893159156997227,13.43846866120284,17.478656304655946,13.598185112284787,15.358449119815493,13.345598813232325,16.67264757031507,16.05298834749898,13.121830223684691,17.732269474419194,16.903965150207313,14.96945256494726,16.56690594224364,17.87701694499063,16.39779383149159,18.84688475005182,15.583510994123037,15.013131924680794,15.433898586393084,16.005790171499257,13.833787316355679,19.292156244508753,15.263998466659041,13.78140328442006,15.93622692779697,16.586685310960995,13.73312619166213,13.05512241965714,14.601290410694958,14.923089902264314,12.444895498215184,17.461778563283485,16.02476786357773,12.656580592438328,13.909603134768242,17.91612309168297,14.515870192370395,17.607643122409407,12.57725918301577,14.033973787164594,18.725849176671417,16.174143643042427,18.30413306043894,14.506354281677742,14.575551196181234,15.753617437611572,16.434869649113775,14.564410499986689,15.389942587487337,15.03832335025024,19.416650500563915,18.085734508741155,13.387467139933822,17.77656669347651,16.918838168117944,15.707362148987691,16.05895314049704,14.719941801754038,14.354583964012805,16.509768414619508,18.125946475716646,15.261336553776642,17.688218846855047,17.36460759249572,15.127465333130717,16.50519501767138,14.552139938092706,15.2487470120424,14.781323774467303,15.67612210405473,16.139426515237684,14.18799385412361,17.78131345404827,16.701425112176288,11.820137655955822,15.835179872391395,15.818579966246412,16.47707930949106,16.7105734561667,17.2700279245988,15.78639067774737,13.576265828931618,15.383069271369864,14.170297616755251,17.121311957154024,16.102185415684993,16.516364145630376,16.32293325045555,15.985523961731532,16.607263632399967,16.54298964968107,17.320701711064395,17.115530982293,15.84006871021529,12.767465533320207,16.017692217722455,17.018701593296086,16.904745431295,16.140059896539626,12.859756929371603,15.017976699109296,14.613045659830847,13.273988763993858,18.01014841065136,16.025815152516433,17.16588416810576,17.509667958885966,12.805062557996186,17.537923105470583,16.703671559896776,13.580271202061565,15.640174627386198,16.921383812163704,15.38168134536625,13.633200510103048,16.7019819907853,15.760573739934566,17.04987701887042,16.809412145263877,16.687405292105694,15.435697344160731,13.822422853258214,14.524086945760851,15.97099920048921,12.622697816835814,14.991664747474298,16.327295078880816,16.32226173882289,16.041352386055703,14.895476566213695,16.485866439712517,14.587937691962702,18.874841055467652,12.199922629400161,14.816948693824244,16.23234976510803,15.566125006411728,14.670687401028584,15.202326836193311,14.100859832504788,13.84907754430908,17.054183289188092,14.354178348105364,10.73024309731009,17.772058871848632,15.779724174927223,11.428734068917809,15.600373365145375,15.142265371185001,13.903275466793037,15.635902664367126,16.11232263115996,14.05037999195755,15.665955351947973,14.333447537575843,15.886088844276248,16.059059793839985,17.368854441475104,16.662545470289984,17.73922101407713,18.510957688770752,14.295535132060468,15.606470734871268,15.671784203020698,15.404376036374554,15.857318794896562
15.40181225890583,17.29143377823471,13.788656184266243,12.412642142388854,16.582383191825393,14.588936424730946,19.249084855494555,15.059945113246453,13.203391437638734,15.03820442230284,17.953196219660096,14.764408672328768,13.892334274641264,16.353860007855552,15.685426583784908,14.40906054510979,15.659600851351387,15.897484744227338,11.984646204149197,18.397483078147527,14.51636499101878,18.686585359260665,16.22606101406194,13.742371347051252,19.41399380353998,16.534470682503,13.371927271694233,17.28730866491241,14.570963047244424,14.86024890265986,15.473082713276941,16.78692629747108,15.081082792819654,16.280670482438666,14.953753885861916,13.564133532796898,17.40708040896007,13.543879523356786,15.396050205402846,13.360111331983994,16.87550934463762,16.069633267449316,13.10576886312586,17.759152876257925,16.893464910223646,14.873699397948535,16.607476878471687,17.673388686465312,16.228118087496913,18.9081760932175,15.875851090611,15.28517504594697,15.317886282668193,15.999124908184982,14.016503341754856,19.3287085121539,15.16714617648845,13.94941081029984,16.32712451620839,16.783447414589208,13.845515468264237,13.406689531552766,14.78005646143947,15.095755683459403,12.497953969224486,17.446981061076784,16.07393313773403,12.767748032182064,13.958859632016232,17.996767505512764,14.588325661218091,17.724244039610678,12.505872799719482,14.16172071848126,18.63927065770058,16.400790534133552,18.319184190082517,14.744679180752458,14.646228801503993,15.981370372266124,16.63074056996025,14.731747841097588,15.657830906407378,15.172326195591857,19.579654610683495,18.319432472686202,13.653053246545486,17.8921270459775,17.33412223720491,15.65847533288831,16.06861751956158,14.759029738318617,14.474612589621605,16.564691359764833,18.247046595454375,15.557206401467067,17.329362444782465,17.371186695676265,15.068843912583485,16.492243846603266,14.645215490887509,15.226127949320771,14.847992866487495,15.762691427294744,16.279414763608226,14.234430051906124,18.016749890389143,16.899028225422768,11.94241813627826,15.849423782696405,15.87365143783459,16.434973531924495,16.69500469265217,17.505324272531208,15.771923648016564,13.808363038872756,15.208381289162478,14.183400478594505,17.109522196086697,16.11132490353438,16.356797781635784,16.51460164767963,16.12678736299658,16.568746467660706,16.63732063135407,17.41367170614275,17.19259063358788,15.697861211244042,12.88393742465924,15.95647637278827,16.915433045320416,16.848151361589803,16.147987111190282,12.93043812960186,15.318061592197168,14.765129548237212,13.519321011339562,18.027290216537278,16.04951514354744,17.15411301556602,17.73107601411095,12.67160775468725,17.222978348221424,16.806421440735697,13.477773255173217,15.587237315394187,16.974246524238072,15.392256287663484,13.751095244022867,16.91161952666538,15.792459805665958,17.303201555016837,17.019272833025642,16.651353766767016,15.42487226304144,13.810679249653813,14.637874574432816,15.760859802304719,12.647240826248156,15.079665993225992,16.435595183871342,16.50969363235287,16.060318408297842,15.011836338100657,16.437812156426062,14.546062064139464,18.81915952425934,12.371879959800143,15.010410278860233,15.996802850070912,15.483331704811727,14.792655661781346,15.420773861295805,14.204729582597887,13.997701785202956,16.884115509805408,14.338350044330882,10.791304514329097,17.927933565237275,15.760810619542273,11.508645021400316,15.734251503183925,15.232754533363378,13.899443889814208,15.667536524325367,16.382488853246038,14.109544740334371,15.671661999956855,14.579734024319727,15.831264895336215,16.063309200936985,17.592996418092113,16.70780688268421,17.799548154800227,18.725153398770622,14.447097291886392,15.541618288277128,15.753886550221546,15.510061222373926,15.90699565538261
15.420556376600562,17.647773815379846,13.916538613644176,12.434699845500148,16.6186341103494,14.695927480606912,19.2956176222881,15.18917721543971,13.216195741593767,15.03774932820662,18.232947769240216,14.645994127748766,13.932937144015332,16.48838833961277,15.740632491182547,14.473160461473471,15.54740863991465,16.208838261957908,12.176684849168495,18.38821597018738,14.471897615254223,18.68291056900468,16.061889158782147,13.769542266725482,19.441853092232925,16.618093823101393,13.370559339597868,17.402322924560075,14.89972977638055,14.780302088955436,15.211629897997264,16.68905471508661,15.131195151428866,16.336905664612654,15.057960480813465,13.598671212096544,17.563878020055665,13.358567503133909,15.473489108951755,13.218304395692961,17.072843158069162,16.17774870837506,13.03268879680916,17.80759893292755,16.965082437322053,15.140243259591,16.677722132275633,17.79919279779361,16.33740945329113,18.953938240652196,15.884793112348227,15.448692227762512,15.412555426400058,16.00058371958358,13.970115027219238,19.556281450372232,15.276353221160296,14.0578136430315,16.093223388129182,16.84459498972234,14.023877476708899,13.327962288628397,14.962130573566538,15.382052825751318,12.446883458024043,17.762205168976614,16.182622890325234,12.916234294976176,13.952634830533343,18.146908210814008,14.667942983079843,17.686294521878857,12.54378900527212,14.29880954735459,18.71081783484792,16.5642817970444,18.437239668220087,14.730578089564707,14.811519211487786,16.134122434547887,16.618214234777493,14.836723273030225,15.816037473870756,15.471348856197391,19.52348318215123,18.17589684159044,13.785454977123587,17.786620990860023,17.641383936858716,15.63942500103854,15.903512124077555,14.735844440192436,14.681618500611167,16.62626418946231,18.501208989521245,15.484995923712418,17.214452964645858,17.22074167609651,15.20258624281578,16.570655243775132,14.546009244640913,15.275103685056912,15.008308995443695,16.02120277832711,16.629209637010263,14.307214184504529,17.94224968058042,17.172287256785147,11.912417540798296,15.842999076025428,15.816852155349851,16.366762047130972,16.91333575183559,17.391875768793817,15.966667559985325,13.916923298862415,15.228461435463249,14.248701347415942,16.983259442248595,15.846560461435528,16.51820045459046,16.518955530061017,16.197471554636863,16.708138672649255,16.802572078069957,17.533250662322764,17.297700268914454,15.6532226348363,12.893387975743487,16.158333229541512,16.94619949950162,17.005364952052357,16.444508389825376,12.870995599652018,15.426899610979659,14.772381703343392,13.749559252523197,18.00833475524422,16.193646746617798,17.395200134625508,17.836526862880937,12.973650728076398,17.19254970810592,16.97330780741431,13.594909438645319,15.508320046748825,16.892787592483945,15.638670148389416,13.71139798691886,16.99841324548417,15.843382444477093,17.424906779820606,16.899285421885438,16.794219939336095,15.353573730213945,13.702737551887903,14.69898737219771,15.972511088290142,12.64257740640857,15.208838057786933,16.525872382546403,16.637054965640267,16.05473870566681,15.332801208750817,16.617785240478103,14.592870820509663,18.996655474361937,12.381970683403344,15.014638429410066,16.169954840348918,15.40054179831187,14.900634916547691,15.574086457922395,14.197318815247845,14.066487596767725,16.778098064747667,14.251002284742935,10.780515548941537,17.96931274611942,15.8020385347838,11.433638676760513,15.66564751969065,15.39898682737776,13.99833539264368,15.536631836053441,16.519382997183854,14.243913246012522,15.685127629020347,14.456490102668736,15.724896408425906,15.894583993297784,17.80694365650969,16.329752544621527,17.913378716597435,18.78663690303533,14.472248083912662,15.591987726035356,16.06648434294706,15.728811056238493,16.215928601199675
15.365747219820328,17.702169990068697,13.98119408918341,12.347666424672843,16.72553888611266,14.48058920966813,19.242341399226135,15.422905217577227,13.14955172666825,14.807500103957793,18.472741024670658,14.661370090318705,14.2688417197423,16.548069318322824,15.859489745701232,14.435678268925557,15.533090198669273,16.416375947652973,12.004957109842792,18.425070802049714,14.528035568262997,18.793444882367922,16.04595337774161,13.656927013253988,19.466456786370014,16.611765048386076,13.450136823115631,17.61737684000543,15.087301586232055,15.080754930230814,15.417404255256798,16.995208218520986,15.3657150784206,16.44887397922587,15.156235473237189,13.849868782433173,17.634556329368035,13.384823818782825,15.459397336454856,13.199657743100197,17.045979351521048,16.178106650582635,13.255592494659318,17.838192879612908,16.942199445821245,15.266387048111635,16.669805143172717,17.896231753480656,16.27962649929755,19.12963597232821,15.731233606779535,15.541659311519254,15.367485273701604,16.116448681626764,13.857725909323063,19.552009188469718,15.347466525979662,13.942593373695605,16.17127377855224,16.890991764486362,14.038415897313039,13.473921527718977,15.128439386863226,15.469952044147956,12.250032669485044,17.98402363572937,16.14106730545587,13.054718684137292,13.890489281052053,18.36408020978384,14.856560317169002,17.877086918929425,12.95940199448473,14.518685922904327,18.82280821876998,16.6804445609641,18.643942316464855,14.73393502695889,15.023061198717862,16.19012644729214,16.70341612071528,14.894120135541394,15.856561583094333,15.53075607195429,19.665272249940504,18.176722780794655,13.751271597647689,17.91565066473661,17.438863195724004,15.63503999889959,15.923696160462086,14.938112451985692,14.554095225356644,16.642127920087184,18.57822450714116,15.450797757653378,17.108233193228404,17.274389696742617,15.243526097055785,16.711291576527003,14.601132980135512,15.408144092335053,15.20336832107755,16.131019561759114,16.65451361998508,14.527374855979325,17.934329947279245,17.412659364109075,12.136553139663592,15.686005277338033,15.869487480437952,16.335905326570007,17.08887249604316,17.48670298414778,16.058835817359434,14.0690347876587,15.245641245918033,14.274953504113173,16.903785642564614,15.83980858762739,16.67334117289524,16.551620179673684,16.245068726038326,16.66796706513321,16.904119519882585,17.621244237560347,17.383532037262814,15.70223535989806,13.039867799980211,16.32137477978879,17.041397434949804,16.998754410245105,16.76221284838451,12.926838414808568,15.138147234630901,14.97077914771332,13.76934433765648,17.983486879140848,16.142930303651568,17.428681734741645,17.80304636927839,13.209077968000233,17.036643008388328,17.014315091150394,13.562182748553777,15.806729072126382,16.836403792692398,15.611608265253881,13.804218800620186,17.117268621271904,15.90019996698743,17.56489425950015,16.845525786075402,16.75843462327756,15.21246228368403,13.660073607342408,14.744187930411606,16.127212906657995,12.705765773771681,15.406782292205575,16.7199462275257,16.935958503371626,16.111937507860272,15.434429285743567,16.732862623217994,14.398723968005562,19.08719972134693,12.295746410661563,15.26290513112831,16.33562036254297,15.366892005566706,14.966823326907317,15.49895518425057,14.367614481365008,14.084262994527709,16.85390132292844,14.42292715232584,10.672482483699586,17.94804886154756,15.974111812049529,11.404657986092655,15.761284916526726,15.618236890838384,14.062592918332971,15.454104530483272,16.65577906149634,14.369537620681683,15.694261790575327,14.476704741733114,15.897458652979317,15.697386222371525,17.693092175470387,16.13285586625495,17.927194882665628,18.912559846565486,14.557754183979895,15.718443931695434,16.311228683304325,15.720563302838025,16.2249662073976
15.461637582374873,17.77875620294615,14.157224277537372,12.458974288915478,16.740648512386727,14.383636851819107,19.491896386003916,15.59209269883725,13.236611712191975,14.877400692823807,18.343086232613118,14.779080696193782,14.130732138038203,16.58672837711489,15.833903407446671,14.667791122401518,15.569643275482994,16.431004698216125,11.991697681499074,18.542016500813983,14.708991491947742,18.963504851312127,15.878545582842564,13.71318957643124,19.58097060933171,16.66999568754596,13.349905730550958,17.691262448054772,15.088075959678605,15.278920322188766,15.683420488561907,17.14501239537622,15.233676463398924,16.549164055704015,15.082548084188604,13.882541522790788,17.710555151875877,13.349034282246635,15.4842473804451,13.518243585333147,17.20977719340596,16.349225067353117,13.388864814249338,17.692597828646164,16.99122728533419,15.419297409330724,16.66406412032956,17.790097064819193,16.42542587585821,18.93337090227984,15.879852493878653,15.687667898688023,15.471185343877417,16.425464902858185,13.87025685983234,19.684356638113904,15.574721028496926,13.7570860588223,15.975040039282357,16.731026285383486,14.003088213527004,13.510416479509582,15.098330218144792,15.331463171676756,12.582316194454828,18.10352126522547,16.15514336647976,12.797767015116442,13.888282419852754,18.37069149886328,14.893416692552975,18.048983841188583,12.900232973235994,14.569307554938778,18.86947557574581,16.71941724607351,18.686226447810004,14.970584295204976,14.976242872553417,16.2485144593686,16.67712785717123,14.79891470693828,15.809256747231345,15.711551555569683,19.868095353008716,18.35703904864209,13.752759055136115,18.172729587667938,17.502837410247444,15.746817229604682,15.906635525224807,15.036649911044114,14.560173985416245,16.71005166552271,18.43128956852229,15.480858474590145,17.150524852809763,17.247075542788945,15.099455013662931,16.70246874708739,14.821477490836031,15.372754035436792,15.334770326298617,16.516571028168233,16.73937569616342,14.568476930824765,17.975340427638297,17.354644374807556,12.201378447309896,15.575756777239993,15.903486389018127,16.43304621122878,17.10100077605342,17.70230840362437,16.318716613031647,14.25428474732087,15.430444663015152,14.195399072373986,16.792087099167514,15.751737245494288,16.800603372106615,16.654400279142788,16.539631015358474,16.76772195214591,17.031330803885997,17.942664031613635,17.281423571848894,15.771286604426319,13.311891815799697,16.28623496116031,16.94483564950484,16.955968863856018,16.94398711853755,13.078662465869115,15.034204846180023,15.182298895333517,13.888236839249675,17.949523539108576,16.34807529927785,17.428337976025738,17.565202452038626,13.281137082322505,16.761675368209037,16.786553588237158,13.36004579763026,15.689845688725024,17.091725330036173,15.531797750162433,13.939225687316755,17.22731211245901,16.06092160955454,17.578941322701805,16.861892459443258,16.590772849814606,15.39502446735158,13.686520058571796,14.534116484535016,16.167091683868687,12.726337252444091,15.479281101558527,16.907803494284444,17.10033077876952,16.35834194215094,15.334219687535377,16.39812221387464,14.543659275334479,19.25580826805753,12.233880776327574,15.314590333660433,16.378948322734686,15.395298953225142,15.245857423448552,15.632215854566969,14.495222935636175,13.96985777224711,16.822044138613286,14.226841982512099,10.865332785032306,17.9238556144092,16.067137842329096,11.578922148800398,15.715487275694889,15.696644372438726,14.304026115631643,15.652459081361426,16.66456291638717,14.280346939058418,15.886009975072131,14.54903579899473,15.79582095156767,15.624829038956793,18.02821308419182,16.32434731586182,17.911524890998834,19.24377604614791,14.580557425746004,15.880102999368281,16.404161765668817,15.959023216226292,16.41935532794447
15.552446607255927,18.1141101927022,14.303441913516709,12.621861699204405,16.80105634379796,14.661741421520144,19.606917829494673,15.713681077337174,13.45514936186144,15.06811800863308,18.42381920882436,14.784378635252029,14.146329619204664,16.77213258024417,16.071282734358427,14.671176506967926,15.523992393222944,16.590485886765542,12.059828383741864,18.70453607328848,14.732521038334825,19.198332243925584,16.05493807987583,13.686014650196338,19.75016698789241,16.63795069256377,13.602370471079167,17.640856781600394,15.121881294511752,15.608841246719276,15.572660930692638,17.218333122270106,14.990893225860514,16.495913334433826,15.284440976856699,13.829326384968436,17.405446612448543,13.271128419458519,15.351626102835796,13.641799124890763,17.28519474962286,16.26970870472239,13.460775200275377,17.80686365506125,17.188644524861157,15.514367922691871,16.873847045511347,17.97975339954547,16.38603415873893,18.996612502804275,15.946747370200052,15.741439357967863,15.7259063559855,16.7443893283129,14.175493442966358,19.736718400102564,15.650069465913212,13.619505444927825,15.89779193201749,16.83547839065676,14.149874325723177,13.807912206362133,15.063602638708533,15.346081174848049,12.662122720886604,18.17234403724193,16.038527062746578,12.870192766111785,14.010275751046478,18.38966267530263,14.665268659718258,17.91267555265439,13.010308940922085,14.971802429034065,18.934288916821927,16.854450592556372,18.846940330969268,14.848852650089741,15.064910407014994,16.389537119910063,16.805923320021694,14.786757683229917,16.148225825204662,15.789873995918258,20.102021365774583,18.221996118275268,13.793930983271872,18.13519013959968,17.646040732809322,15.809925609877384,16.138922581230695,15.094429948132554,14.544703188345764,17.004008836783424,18.418590338208627,15.740790930101499,17.417792639521117,17.214461620158676,15.272851953653685,16.432088168740275,14.920533160716518,15.560579479653214,15.197623095775608,16.845102813691433,16.929585781089123,14.678614197166826,18.054965051311783,17.19440271170116,12.34360879692321,15.59648274423372,15.895373038444532,16.481620590484404,17.350055425662145,17.870530415860152,16.283583331791903,14.304870314476226,15.462703037233517,14.156910513064116,16.731458529321163,15.463459454786491,16.981386912928855,16.909653680188505,16.691050447296426,16.680157151761485,16.820455296331797,17.881158930375943,17.35084339920044,15.964026722778925,13.279155573822763,16.397468009214002,17.17890317154906,17.083401111184386,17.037539453431513,12.86191207067338,15.178340735111192,15.323998400873565,13.846995912376125,18.06785709778754,16.383122858655614,17.31521902937901,17.95606746305394,13.366481649956786,16.587625377174163,17.014130280991846,13.217766758477524,15.765249360461565,17.25505925829348,15.668830162957244,13.980088252553909,17.217219555047873,16.1036941336374,17.54454853713178,17.006593311357165,16.74169711211336,15.75463936022635,13.802135306837059,14.674906535476753,16.386757962376635,12.581558833804419,15.581198408574059,16.990648942348827,17.186202282771234,16.47147403297074,15.32812699679537,16.21567581219058,14.83789081459608,19.325957122964873,12.322229423708249,15.288705009063651,16.56044909369894,15.506507490864358,15.349100578041892,15.688754765114464,14.727041048682915,14.029283236793589,16.823154866066226,14.492738760909203,10.887459462052304,17.96133924989041,16.23384214814035,11.751442641882896,15.647546201269229,15.771411535254916,14.438594560976952,15.848751752984178,16.662447399809825,14.218773072294002,16.012543768372954,14.876599322669371,15.846079393087185,15.677048340769923,17.99638210378072,16.356406300412093,18.07038562065746,19.35729749888663,14.601216859225287,15.836391951580852,16.38486054941807,15.92358828264732,16.337185520545418
15.560390198753913,18.138190105739817,14.247076189875548,12.940805352316211,16.861110432480917,14.905369808201312,19.759118544555587,15.73186090169431,13.631813566913445,15.183825645018848,18.311654654228693,14.82665124747039,14.169650249425866,16.744010852024232,16.06013508942133,14.892278613390722,15.402242286983263,16.713637540299487,12.004037169832213,18.721328716726457,14.950552622458348,19.3152706680895,16.03515773972173,13.639619852166618,19.920837754261555,16.780280616387834,13.607740962788553,17.739344228781675,14.950259870178744,15.691919149045921,15.656519803101942,17.176108941215322,15.181020707299446,16.579304065631106,15.340445607184781,13.953324828442215,17.388231576486938,13.254096542424188,15.149006033812707,13.667934194001694,17.462233613575073,16.461361877789255,13.325805868747883,18.124270192556253,17.420467643701723,15.671562164445719,17.07561675700291,18.068470542352152,16.307255641670768,19.163775836492228,15.999337171702606,15.695916118768904,15.749428578558335,16.89485582537953,14.122261609028948,19.870686825874373,15.596232728338459,13.924489632419359,15.946340976205393,16.922265170143476,14.348915916726462,14.074434702745616,14.865910722241994,15.464269159311232,12.675529465260215,18.049735207841326,16.066554011514288,12.928320492768052,14.149289109636044,18.589593288824766,14.730465984000228,17.882227827378017,13.199364316006754,15.237495951215934,19.034913151181907,16.86663839471593,19.140746344019366,15.080511063310075,15.285502994693482,16.487881284093024,17.266807063897954,14.809941383944038,16.24231459743025,15.78346068518544,20.26201404174013,18.4294708448918,13.787158197835668,17.934151102352395,17.901880740275743,15.954817566775024,16.361341632336106,15.271011789248444,14.625747758694589,17.080317567443515,18.290330561250745,15.637341660105207,17.596807939017314,17.092108483966513,15.341267162010691,16.534982389072223,15.06034286559041,15.386214332725919,15.249092446566408,16.82739044304288,17.223489636147697,14.807328473129823,18.238115803285094,17.2751752096627,12.435803562824436,15.679958913173968,16.071029460212145,16.584163318357717,17.22187823280691,18.02292386686043,16.279143127809025,14.568700204456619,15.395812683369671,14.317919854074436,16.743978873304904,15.448957084316852,17.174824178535637,16.93796880268887,16.908902816389542,16.693034693354512,16.97457825906368,17.956739607647563,17.194364787725945,16.04929868630943,13.424014405015253,16.475714170756802,17.070776634674896,17.200353394580517,17.17861959517515,12.9000200320477,15.459906221418324,15.394133702844346,14.038741699809341,18.206067843483694,16.62494834008204,17.390810487096452,17.8769915286789,13.6067668722882,16.557664375933875,17.08829326334644,13.346925400701954,15.53579999416795,17.16066100791269,15.760595326375253,13.968383546852479,17.266557343933822,16.221574429888964,17.752226749042986,17.06622735163524,16.781037181760208,15.847050781801308,14.03700530767937,14.612932883673297,16.336852529498916,12.803846148283329,15.600342271230895,17.042039511048365,17.119111500383454,16.52285008688628,15.485548595227622,16.12311826020789,14.858263478261552,19.221714609744033,12.397884255962213,15.33874242476645,16.5901075269726,15.517948874435017,15.438042566845787,15.915453234366556,15.037110443102247,14.250481277869259,17.054713235012443,14.26124055401137,10.909403945210418,17.941853776387926,16.213582191679087,11.99754990325895,15.67482637097346,15.800993365365471,14.495617804694911,16.12010322405471,16.687589027033496,14.42547558236209,16.038518045126114,14.902818864465,15.990765809439786,15.654728888658266,17.983763141985925,16.515362689701924,17.935855860923056,19.583099233297894,14.835004027707868,15.8479887568962,16.400780992892646,15.869805765239263,16.433623676118017
15.773618133713516,18.47410714520157,14.30500268364535,13.240321131667153,17.02586769448078,14.96689272980309,20.03884310330723,16.02063242177955,13.44228009792354,15.231706977693896,18.35627763636198,14.872139859015608,14.174657412057487,16.78639028701211,16.01755656190098,15.0911230543438,15.252973965294936,16.94060735291683,12.069415535026188,19.012083439494045,15.10539121751174,19.43719281618943,16.258998014121083,13.863569148272706,20.072438119139562,16.791109612055855,13.68299654357358,17.804251818700504,14.968362297628428,16.077662427073676,15.64953646898078,17.326056170895203,15.349694257555976,16.62576123309939,15.38969910152201,14.416361208227677,17.224447627965507,13.27536552894912,15.15291732520533,13.811918837619277,17.51426766233779,16.670924905367006,13.435835665179466,18.170841540940554,17.610771780012158,15.891714882660121,17.230863224363326,18.096023305442486,16.375716317946146,19.062336168743315,16.208409709312974,15.821396059301334,15.833567102189303,16.919866844039873,14.128571084983909,19.82893691299316,15.655775722976275,14.10487968968074,16.037931172849873,17.061051331056095,14.28463312462891,14.477037169484507,15.14191566252612,15.401898176199618,12.667660948703329,18.278753748915026,16.05880955016681,12.850014156867863,14.120896381269667,18.480840844389743,14.639275491003541,18.10939226233161,13.264135590025099,15.08646877498512,19.191125634306278,16.88461324822854,19.200135698265914,15.116712878480573,15.442000020527525,16.49328552544466,17.446107915134185,14.892969783855964,16.35813280733101,15.855088731848838,20.463548066832292,18.714577682810155,14.091677758211057,17.98195122353657,18.143797003132438,16.248533993931858,16.410404640308,15.10672073904857,14.68578825218342,17.433586574042913,18.278004436738023,15.493289742911116,17.543827801175023,17.118939208190472,15.259602638916373,16.377547930811218,15.289096041079063,15.515704542818327,15.512687017527133,16.766750494964942,17.358351890432544,14.864631293835906,18.371948761588097,17.40579489280672,12.713474884499131,15.579951961542289,16.388008309370786,16.53389251027373,17.512224357107925,18.1517527994373,16.482205498674666,14.56184357482966,15.454303502960446,14.343342080235109,16.73132914575659,15.425104638674494,17.184166504167276,17.199446561555206,16.935612961899057,16.808778227996385,17.08500422073105,18.08393938982314,17.178773879154313,16.29250427107843,13.800149320797368,16.329424307225953,17.100592117861318,17.27330770966117,17.370489507716975,12.883979093658075,15.632899725637973,15.630902701502617,14.149221530312804,18.263892812883924,16.754061929419457,17.596097551138566,18.002618752250704,13.70411332733433,16.297688333304826,17.294431843451086,13.370298197892058,15.643196546531003,17.555141313422876,15.683395303303783,14.028504269728161,17.275758843287868,16.218428457275053,17.862338755018122,17.055085456520438,16.743752307036154,15.568832554154834,14.259637018958868,14.637661431631182,16.21136276900636,12.86470607047328,15.737699164827028,16.97744873644218,17.2980287657431,16.65849744245503,15.642704878258819,16.076678300651455,14.716740463857596,19.589626391152326,12.272073811538082,15.489647680145403,16.67546581290543,15.565769587439602,15.654421408133521,15.915558238996292,15.079959575662624,14.311403307954132,16.852988244932423,14.172335177559308,11.01930302771417,18.128971406178394,16.51297627886577,12.258351176489676,15.731522290292364,15.782518657733704,14.74839572293754,16.038792543248704,16.812517598854903,14.469248194997943,15.95447321988379,14.833831227724243,15.951577493028289,15.605161573275897,18.37010239873134,16.76182924361897,18.105433293638498,19.682625467294518,14.872856311667828,15.954475992612368,16.545642084507204,15.790209472664964,16.47615523484865
16.101204102949914,18.69429727430536,14.343430223785644,13.224276451337122,17.3913174155365,15.198572080785588,20.35223657799761,16.142236719262346,13.696212624169391,15.489804258377553,18.663276408471496,15.184739609276061,14.397574346072112,16.99959129799219,15.888317413868208,15.018521178492177,15.132489822460169,16.923686080522877,12.078817539000909,19.140945514507486,14.95743387342038,19.61298287321683,16.256370661640815,13.867728109998136,20.238056521249163,16.935960840252417,13.675043340761334,17.961073342887673,15.14274843945977,16.035632177615994,15.642363949464567,17.467732474560766,15.319095180439211,16.689687031529974,15.390669823645919,14.746906486283297,17.208503964787944,13.432310180356707,15.136839351963387,13.763705530193896,17.5875403445486,16.889021237620618,13.627651810541504,18.432034630483898,17.676377913664517,16.11050473223914,17.20993067095602,18.14952878666496,16.24414577566342,19.184386138860503,16.32990082586201,15.90706309513136,15.789570599038601,17.012379171552407,14.295596077097105,20.048859881413346,15.800278272742988,14.129416528102306,16.014405271692958,17.193236044493034,14.467358284786497,14.851353722764927,15.247783201698537,15.342433114957181,12.694729144342928,18.43872979653242,16.026740878025358,13.170435991324291,14.132770814810518,18.447073787456326,14.454577764577943,18.206481885207893,13.385820313775525,15.06977634292434,19.096687479952607,17.141478530426216,19.445115044193596,15.283524134793065,15.402183841283401,16.591868505136958,17.57357184144054,14.927463463444644,16.355370294599314,16.01793810737677,20.67909969666641,18.86444342118687,14.307136290769153,18.051538936927447,18.292699030209725,16.29755688543901,16.749732651020558,15.141587577781106,14.878678322673856,17.4452731802454,18.10986715927399,15.6780436671096,17.567025413439993,17.070911440443304,15.256489665530442,16.220903516351036,15.432948418224967,15.627310897894368,15.580218649254572,16.917403950778024,17.55244477317429,15.23650595128765,18.774240000111636,17.494704029717777,12.789580265482629,15.627897116058609,16.550939435711108,16.70541263367138,17.7721719611887,18.125746266170193,16.502746001330785,14.738904700087254,15.794484010117836,14.560140720131137,16.802313671610364,15.370900414036699,17.261774004757218,17.312171130941305,16.983923530379528,16.937086567299676,17.463825362660824,18.313729975769853,17.142867619819892,16.62494201255844,14.049692760626428,16.369726961300906,17.207361175293794,17.33477638586323,17.2717950973743,13.109678779048624,15.712194252904101,15.668853849087977,14.240438186718194,18.405883442923063,16.82431506335259,17.60854751059083,18.051356090929083,13.86392688129822,16.338637079508008,17.372935383232818,13.24413460140712,15.842347245039416,17.667662976310567,15.604396731119722,14.047935660131117,17.489340246801245,16.2698092704692,17.703169347019276,17.098805550620213,16.876374755154856,15.502249842708451,14.15467349108153,14.676361312374143,15.988905044441236,12.954377610956296,15.771438714004061,17.011394504134522,17.363461684833624,16.95306728581444,15.816423269615656,16.22701800723801,14.747942989657421,19.557509118869508,12.264512466913525,15.429262847457473,16.87077051585688,15.653071444429006,15.88594225110877,15.94898397375259,15.20815414502385,14.39518542122633,16.971912802683534,14.197499811658407,11.280160644303216,18.00651772129313,16.75956616651999,12.36910617681643,15.837834611398144,15.70477732333418,14.703560503763272,16.361717725941585,16.87589984383513,14.514782611986831,16.10940399014681,14.812098551200133,15.768465151739232,15.878227649014958,18.52544074335734,17.03162386272261,18.29664458053648,19.77257761188524,14.99701980891973,15.921853924591291,16.533742432329067,15.872609454714725,16.528144074460172
16.099746808426275,18.84109607725385,14.417364236911606,13.242593263227219,17.523224249938824,15.329314716234135,20.621662280865404,16.402884450394904,13.893404417880255,15.542980737050689,18.9276993162773,15.28176713919031,14.325112772976608,17.372072190229385,16.006069679174317,15.137385396542285,15.10409782880656,17.38793545194108,12.142032892636651,19.215976832813137,14.946323992777476,20.011843179862463,16.300722271260508,13.907411140033183,20.178996965431757,17.121320073971795,13.796869402083104,17.98924653761641,15.178705449521546,16.322326913911436,15.77115093694928,17.479371401255076,15.189107440873055,16.86048044990037,15.660554748501182,14.897045776591332,17.259442891484017,13.47017248873497,15.24208056844298,13.857270891321384,17.76650497532795,17.067397509761708,13.549688330624338,18.54893181010975,17.65168438812605,16.163278552981552,17.285952393788747,18.070194363286777,16.293220304658146,19.22394501946637,16.41428908154735,16.104839344042336,15.672495403553508,16.91015046609547,14.613324998834198,20.14413751386756,15.909579224288708,14.250021772369827,16.0142491847551,17.426307770563017,14.526755001906448,15.185491780246668,15.40456144254354,15.463078519111896,12.865175955401517,18.706852481613804,16.03905505122098,13.16463985908343,14.184870912136017,18.481529692443623,14.279369433461405,18.108199689180044,13.409601277807845,15.192440603924485,19.157034638849535,17.442499710016087,19.527987817689834,15.356829418823907,15.50707888220304,16.97547638308828,17.76763320203718,14.944253341130718,16.274885552107573,15.992527162235085,20.910289440314635,18.986421042030937,14.395907584343968,18.43547790297247,18.576842014156565,16.352586584230956,16.85075933082839,14.960516240752105,15.1593862777592,17.65955298754316,18.372702765722757,15.94991380750877,17.751542019846948,17.186012320916408,15.622766307226614,16.546202211007,15.616061795366212,16.00583462513681,15.764335947152421,16.968078314384265,17.716192950345203,15.455539863173748,18.89286402168431,17.744926755496774,12.972146289680149,15.564661911572932,16.480273335168114,16.67035464392111,17.9373019322689,18.255675250712947,16.38532296286825,14.750148138627035,16.01692471903673,14.589189410023405,16.956081270374916,15.411707937004955,17.47251720930749,17.34014727417596,17.102884940557473,17.00167461238857,17.483986122723934,18.525210159857558,17.015594646946173,16.833370861841516,14.262644643101321,16.467421171593596,17.32346460044518,17.36593057082957,17.139055996411305,13.2369805978292,15.659285053403982,15.674064730325664,14.36474464568407,18.62645904424949,16.83915763165912,17.74375703808872,18.119988863073004,14.060540210723893,16.19557679361667,17.4280139941611,13.141592039651467,16.079424681537425,17.593502262986,15.600221850981338,14.245862842540964,17.554940632588693,16.441299044539836,17.887639433292133,17.218037195255725,17.00974060789193,15.573545827144535,14.172251949564693,14.812440070533514,16.258825646910722,13.012203388871397,15.838821522846946,16.990309723727638,17.559158679526313,17.06569793114821,15.855876633027313,16.098957978127984,14.682637074499306,19.849560503512556,12.108446837782306,15.502242511442127,16.97076201090139,15.808990720692355,15.860113101400211,15.907020317548147,15.398135883871104,14.77834829861619,17.092979314822188,14.445712596134632,11.477891355284745,18.05377958156377,17.019477225093617,12.369297875291608,15.886125503163814,15.81172556047748,14.742190640874506,16.26511576854354,16.91308392310201,14.664701076427654,16.164389964414795,15.040478963003896,15.868217154842464,15.94649605503328,18.521662421526088,17.169557761249823,18.329131316654586,19.810452129110114,15.28331222051072,16.16685598652748,16.687216844490916,15.817148407788808,16.52022237641955
16.444909740631232,18.880091558717677,14.483539959135053,13.160848672604926,17.679374929367814,15.246638745645956,20.77374031055113,16.571679222184112,14.15352991543153,15.766021658098978,19.126220191846443,15.317811016825424,14.320357535748027,17.373586840859247,15.843621735171176,15.252536520740842,15.09220205824107,17.392213419509787,12.053835978918789,19.10681068804751,14.801212051519151,20.24281441721429,16.5091722380912,14.11505086911151,20.221373800528337,17.204534752081116,13.934136794299409,18.125010131688065,15.327463557623187,16.217066204849406,15.594447734114414,17.512114895337767,15.363020928886518,17.028947170175478,15.693189460179248,14.960303232186526,17.313205057178337,13.50645083109298,15.247439076240681,13.947326284072195,17.876589429930792,17.020470879374322,13.646066709641303,18.384080316902732,17.898319255563997,16.43021688952201,17.41402642029699,18.11705848471517,16.485809037324348,19.500693441800703,16.2171633576397,16.1414273612669,15.671398741951686,16.964188853736605,14.72961435027807,20.030324342619025,16.131794259648878,14.139111093472563,16.26811436777691,17.702632066555996,14.572662214632144,15.260029624680701,15.71379455764407,15.540985414112122,12.92749203842919,18.54660631027408,16.360500778704914,13.077909093398818,14.064078114291032,18.51408351777485,14.411832090394169,18.395223380765245,13.42034169023353,15.387259414782399,19.29675976972619,17.484196058017396,19.663660963561586,15.468874415733907,15.551669972872194,16.965636028960418,17.869147198101548,15.185437723245268,16.32188051277067,16.22560557485655,21.08245147849792,19.120913646677874,14.38965803190178,18.234714001974655,18.760622161095394,16.130860140574754,17.13285267469345,15.215345694162355,15.07243203553036,18.017314584955844,18.421296835484718,16.183924404256096,17.847599868001904,17.180851137987332,15.697508409017964,16.672587082445293,15.8082831834479,15.964476052259805,15.888684606302247,17.211286345742536,17.641137660959757,15.574288185182864,18.807189827341006,17.732968470215837,13.05263524196072,15.762964322101622,16.56984544230461,16.683173617244073,18.061043604315802,18.380259208188974,16.64382489818245,15.006823806241558,16.29115613904483,14.71468605178029,17.186175423271308,15.562781855173442,17.771893483809535,17.371151332269477,17.359579235702842,17.421022363286994,17.450833295106044,18.54362663406551,17.10296603680818,16.82800321011252,14.260569709748404,16.301579924536323,17.41234295764398,17.56671496880909,17.204047160151703,13.287817559986575,16.008050924258498,15.597719474272612,14.408093386371002,18.703258096047506,17.11523119366026,17.72911249994314,18.20878327633683,14.07196496911784,16.154453461608146,17.732659413199926,13.10111200950263,16.079194154331717,17.790849052539613,15.608728710257314,14.248195968208138,17.68008394452187,16.474193421521267,17.865407994246247,17.430836827940528,17.003859935876097,15.78035913683266,14.103000450779723,14.862392413122752,16.218483988507252,13.269830231740979,15.91781683807356,17.278172222581592,17.454630858159287,17.30759886031413,15.975594229434593,16.15692375660094,14.79551028448097,20.26395368057299,12.184306142463697,15.61922090040579,17.196363552867275,15.851270633410401,15.985552235263365,16.14348487121883,15.481851277152726,14.73206650640344,17.248618447158602,14.422857852991358,11.70371706956227,17.846986114499153,16.801326063069688,12.491717466495288,15.893607120325555,15.890636551973795,14.902997822475333,16.28314938254538,17.190223801959064,14.785020226411959,16.468197092720583,15.380345816841109,15.831539600750435,16.256290912615725,18.632677780184935,16.926202910697068,18.697824001818518,19.800336571364102,15.29248341911014,16.328720754762433,16.875316138110016,15.931450923475658,16.5184909245798
16.57337358504071,19.092528734032545,14.324394892804472,13.179537327545036,17.86513669662466,15.229514740352146,21.087285068322462,16.827243068865936,14.1917113007207,15.672724634007531,19.439646100203554,15.49628257823843,14.342753296577179,17.589797809912397,15.903238790605885,15.64442074853157,14.747429515274193,17.420932690988405,12.280012066665925,19.139858878177158,14.693946695719823,20.490549914547877,16.757419809594296,14.299890809607477,19.99404263163805,17.077288248435607,14.011894780907737,18.224011844187338,15.343449127724947,16.33843211285105,15.736125592395672,17.43584443571021,15.46567200722875,17.173111236535306,15.851665124020867,15.100807010568023,17.46773081880264,13.33494869316996,15.439617221317013,14.1823120801734,18.115065110671118,17.09815353393976,13.647460567404345,18.385777977067683,18.11515942063541,16.73295404187766,17.535525074824445,18.135294975378898,16.528541617377492,19.532483683194908,16.397947345538764,16.23782847683373,15.741694045574915,16.842806583646613,14.911258088730355,20.139476729279572,16.35856495082388,14.297054908546194,16.315966860371304,17.78439537431419,14.62819580423253,15.38755168960882,15.985537773586554,15.587618244337785,13.019548093856898,18.48347591507624,16.556922894471832,12.920906394532103,14.024308064723318,18.45390330054046,14.4333980770934,18.50427474784925,13.357973138350353,15.3494799440086,19.310789668255346,17.324488266376672,19.796250998768656,15.375144091801097,15.423374815268934,17.111809576061376,18.20157169664105,15.034599425296163,16.371103834250107,16.042082981809894,21.43793693402629,19.409110380760943,14.54078405924017,18.335098018654946,18.96376838832664,16.02620085680757,17.172371674230398,15.310288887710627,15.329409035553281,18.216917085844337,18.305983901472707,16.39339582505356,17.885707213398035,17.185047168193883,15.684349115675543,16.84228606803432,15.921548847626136,16.00137153501171,16.097829441769203,17.205545666595896,17.517116019959673,15.653794064970553,18.951676147930208,17.86923402096194,13.440356401121035,15.553186694852325,16.684116982493183,16.90336138938702,18.100169397201174,18.323719117840156,16.839725091555373,14.94057350973466,16.50409358060013,14.759006486222479,17.355390904017646,15.299374514267383,17.9265414023461,17.206886983549992,17.375134147853426,17.33786732933216,17.4933101956069,18.662429691922583,17.287821891130456,16.80313297323768,14.307476810488163,16.34991441664728,17.62545602863323,17.542216253701866,17.256398772782536,13.446117018892405,16.098306105365314,15.731109414028335,14.484725661139093,18.773453945118355,17.340670289137073,17.77579461904377,18.208347303558583,14.019086401817376,16.288586631006332,17.73758333338224,13.33751021526036,16.216025214700164,17.698926396270693,15.809802824079654,14.126233304493894,17.660524910849176,16.715084016917288,17.875310189447163,17.524945536947815,17.187410523535227,15.917063620690843,14.171356954707395,14.978994907298176,16.066433583467333,13.469971310073873,15.966265674047857,17.37038948497625,17.682138180950588,17.549508430698943,16.020250331338403,16.299500068564026,14.820036754594431,20.348179935104756,12.342536557114862,15.772811523215463,16.935082198236817,16.046548269978643,16.156585276851317,16.283825060123505,15.512213334085189,14.977529622517919,17.249473600717366,14.460264589816632,11.839882724231078,17.959343197749067,17.032073636455234,12.584684274634542,16.21327096685573,15.975422457863585,15.086738388422988,16.42746064128385,17.320729380426137,14.796743648301003,16.79398429467899,15.471220682537028,15.917222746715119,16.424997569790015,18.694234011611346,17.13450887835295,18.826951292474313,20.069093130952105,15.275889861714116,16.503790248937452,16.799852158510614,16.129882068101033,16.630308869730083
16.47542411881102,19.07507004111762,14.263394392716323,13.164895532190291,17.815074133787547,15.106508498437865,21.204153485341873,16.936768927143277,14.32026733954361,15.84182623494159,19.563770816059375,15.633457999880424,14.333589906311195,17.856307232643694,15.842572524691171,15.697731472175974,14.873974991961374,17.49608835514526,12.591635321780972,19.258298403503545,14.672065629250373,20.717039630742764,16.8780144901138,14.556780401717061,20.10574318838654,16.896745386833143,14.31065101322759,18.28877002771691,15.458730208803829,16.346381642740226,15.783116074829508,17.42297520804785,15.550084122407828,17.049669477086315,15.915425541837138,15.203215089007882,17.455170724880972,13.398967031753022,15.219844263100642,14.194833586153495,18.246219678133265,17.293537268501126,13.854583404209157,18.55026676156491,18.11118392201059,16.66490016129298,17.69426016579056,18.113821752155605,16.375363558348116,19.532889416494967,16.419845721247714,16.60660886787922,15.782714602820231,17.025945839222246,15.135229512006154,20.120849452000122,16.399776765550644,14.321801692840735,16.39840654631243,17.579698256596032,14.675280784074593,15.495385840514956,16.237214171306942,15.656430380613719,13.050632032565634,18.646623589983747,16.714149970008798,12.954917381885933,14.157202442422962,18.739708252646867,14.675571234496072,18.550841308449357,13.629058227439469,15.539266577951903,19.346771660139176,17.26823548796616,19.89662687120456,15.57486265943183,15.432179417090802,17.23184035118897,18.513958549337517,15.028773403213057,16.50244814073524,16.033810921820415,21.5257363158161,19.547118768956167,14.387479199066547,18.258248904367726,19.227520918931756,16.15205138333585,17.196980232200413,15.359385213344076,15.387304709675819,18.378322996517625,18.186984890899943,16.346931228682898,17.78833140021045,17.300379490269243,15.846280849984637,17.042913965171074,16.209860730284227,16.126729719269374,16.138637173804263,17.100768846230363,17.609658277731253,15.715975311493938,18.972602199964594,17.98821705052723,13.507707975462612,15.685682592626275,16.727864974414068,17.041021491861926,18.266137359760805,18.382521371459188,16.973883625402756,15.109475153351251,16.760046005754198,14.795827218297056,17.48520801744497,15.40548352400949,18.001605774293076,17.166659489450588,17.59865948850472,17.561367784232633,17.596651645454454,18.884080100188324,17.5839010057329,16.793073930756734,14.601959704622185,16.547714658941594,17.827300412483638,17.584650989371905,17.599158105484292,13.222319968038665,16.38198674763495,15.766755428467885,14.581522600115305,18.74306315125579,17.596690395392148,17.68845158935219,18.182590688953475,13.887213137804288,16.297314607033744,17.7496283517998,13.417635514585653,16.158816179769367,17.744454126857775,16.00113142258668,14.186529909562637,17.810825821768375,16.962476147257906,17.968141557510787,17.58552266003486,17.158636706585305,16.03174957530842,14.214855215060439,15.275292833134268,16.099633152105522,13.603452073105533,16.006926067363317,17.49129137055939,17.69340751086387,17.531779150159082,15.956193622543251,16.445311222636942,14.88292942736733,20.24757754306279,12.264229923000102,15.851855807541217,16.820664271456284,16.14207551948015,16.173732694537094,16.356983261973266,15.599434974388988,14.870046641470367,17.570513486431402,14.401852833465362,12.025917250828467,17.897131806940454,16.84062589012602,12.862993778797739,16.479873316585568,16.16197375100828,15.174031535487252,16.541856085515978,17.595033355372394,14.796127292437138,16.89778706031696,15.499479994581586,15.795453452089411,16.53349693657589,18.85458759191166,17.3735164051022,18.829902683228937,20.290708862072673,15.270628851201113,16.592965358315833,16.993335576366192,16.25718165190851,16.820555250967615
16.677962466770545,19.09766510893358,14.303609747611905,13.443308821452927,18.05049955795681,15.239268048503682,20.995666346752298,17.24626419535801,14.398744653581218,15.791639407460853,19.54546827888688,15.938565317617636,14.305187113536368,17.930891065985563,15.875277070413624,15.780367616204176,14.965603636647181,17.533671957505817,12.442487289226078,19.29766052920413,14.882776263704812,20.841007830886735,16.945515601781683,14.729218210522477,20.178601955430757,16.972595790941387,14.498113594219308,18.494061424727533,15.369035614744622,16.631123532112664,16.13785589581173,17.473922776162585,15.646433830714328,17.025849096740632,16.20793356516465,15.399023391653328,17.344991166751687,13.444062613208446,15.107744453576105,14.581873670377913,18.275820345525954,17.467515688546204,14.073978430124619,18.660213532045848,18.050517844807324,16.65582674745936,17.86527975606077,18.05833852975459,16.39913088839652,19.515055843305365,16.640320545179957,16.819368744182473,15.727015115339947,17.292980755730333,15.330968312049402,20.23889683252626,16.472321354324404,14.387594504600308,16.44817580830247,17.437811018487537,14.540457030096782,15.584485914876895,16.25283419135987,15.804326808902927,13.156219302648722,18.757942559607162,16.9224861330316,12.803470155490489,14.368423724632574,18.90942592795506,14.88017561020144,18.50829731605515,13.41450195240856,15.677666751311007,19.29530420374412,17.35981181398772,19.87635432771493,15.79295938413177,15.532298940477506,17.580491108120274,18.850632183483853,15.108710722647569,16.795516693674315,16.07412754267343,21.830626565236223,19.671160585873455,14.512717709442441,18.02725635373748,19.382555431122835,15.936041370957104,17.197226605121063,15.484536471556357,15.555238855502461,18.64574078882193,18.161670957503524,16.597140673188555,17.862439311100836,17.30294420336267,16.00395702405544,17.273808849797845,16.320591839076677,16.143598175143627,16.241882079760543,17.111054632567836,17.669077761713986,16.09029274503372,19.080806402703118,18.219692129908175,13.902598124721482,15.845022571901186,17.199138339606066,16.95963396292418,18.346437927783853,18.333785997039023,17.250877409038463,15.115418636635795,16.923708856226042,14.8299992116165,17.52160603650892,15.511913157318647,18.21745011121903,17.238493328880356,17.636525227620933,17.541589754271087,17.625754007121646,18.934799930296737,17.704968642675844,16.993565169360114,14.590882370079687,16.724787820504204,17.978234654876143,17.815216048202245,17.870834969128023,13.101182117362868,16.479706575916353,15.765048250523988,14.70765531228508,19.06140816239974,17.559012173589522,17.809204563207693,18.565613699264073,14.087066886989668,16.35181856750289,17.770777894796613,13.562739451893188,16.308673076164595,17.904967928255545,16.069681685373148,14.17683430606133,17.986570009690013,17.09907401339156,17.994228070997963,17.745890536624973,17.034046598300787,16.149152040325347,14.228803738787716,15.464135842084483,16.075939881496872,13.53238995643497,16.416646654915183,17.657728499189123,17.867579991087915,17.78521244111999,16.117111263839778,16.5241952382942,14.936740496745529,20.4573525781148,12.414636573514072,15.922860402209402,17.010624367679377,16.415901237586098,16.396247930693313,16.277704202295737,15.590328242976563,14.954370740768699,17.719735108804453,14.249781879940263,12.057883350836955,17.951709651959337,16.864517130129407,13.108290392257235,16.50623507200099,16.236703769073056,15.453451291327752,16.590332272297516,17.725153721169626,14.809770042848896,16.73798278790117,15.701594531776813,15.842657139007628,16.540359014934896,18.90943878041907,17.73445649401151,18.937868721450634,20.525365951946224,15.357593071898933,16.713063109604928,17.11564548644222,16.334285838411407,16.883865685872777
16.946012096573114,19.05843078661709,14.321300159626212,13.27815325219075,18.181140499005505,15.153244741129742,21.289898177926304,17.190195010805216,14.50287548775221,16.03535237081369,19.474675912486894,16.057087051663977,14.310099218235525,17.904222806175355,15.853398887643275,15.984329429542193,14.64451262209496,17.559156746518816,12.537353271506593,19.42543816718567,14.993370504331498,20.903316488954534,16.97502341352227,14.837899494352653,20.372822675516606,17.07285421993536,14.660957789031329,18.48634157919411,15.595145931901074,16.841882490585782,15.995495108212443,17.73354745831272,15.525057003985964,17.101078370585412,16.153266072595414,15.504688068092126,17.462830736876565,13.417529903666846,15.231646547691128,14.750727581543186,18.546996164021323,17.462867093262517,14.029032352690306,18.711694628207937,18.212530326141582,16.821621244427554,18.09359489063426,17.95927296330354,16.282974763794467,19.695823219810848,16.918570674224043,16.960255310180706,15.790782374141893,17.241653087281477,15.371521869781244,20.285867027982757,16.84616863897669,14.345866457522817,16.484946889196475,17.537451159467516,14.611836614261899,15.9262226198584,16.325838092865915,15.892169020817652,13.411856615559335,18.899615496487996,17.021122555588903,12.85242834706192,14.49522176126343,19.05720483001263,14.96757880978719,18.786298889534688,13.586830180964679,15.903385976362307,19.1964273528033,17.571367667212733,19.973495687687006,15.674877673090172,15.375479529050661,17.515950155950165,19.079959188939025,15.43967642148182,16.881551992735133,16.236090104943404,21.953179504021858,19.618613606538684,14.84481566924963,18.03100069790014,19.69595340130086,15.793242345061877,17.411328588614055,15.50566461217247,15.683546227840084,18.74987800520842,18.210054780312127,16.743315668010133,17.988926487767934,17.448622554919407,16.1857858546473,17.51204944628123,16.69838293878628,16.298877466421104,16.344865900346793,17.219296238019396,17.81668288055082,16.468088252336706,19.21365477435641,18.237591708923098,14.16313387092892,15.849611135781021,17.303708754160795,17.29011061866713,18.38345852813515,18.548126748950946,17.56396252013511,15.113564264943912,16.995288724768997,15.099232954075344,17.333858790882086,15.533467710476721,18.373262594401474,17.266883050360512,17.751123564612588,17.321937062837577,17.845516779644093,18.742454002831142,17.75050472261382,17.16639735076827,14.750234597588227,16.78554038591299,17.942598502322582,17.676922983646435,18.161282654271595,13.174264101568813,16.522062069300944,15.975051183846826,14.925424363242527,19.296665543618627,17.723909145872984,17.85976608650325,18.704776225789356,14.138373814360255,16.31273802474492,17.895348036100817,13.693733380760069,16.53495866406444,17.933952861730194,16.2236315349671,14.108378562596691,18.170650714592767,17.130541294539725,18.14204312612777,17.59533443288539,16.933854352381235,16.17458449326161,14.356114546424257,15.535656058815212,16.205768718368187,13.343505790260348,16.484145051073313,17.79511073928734,17.738244486972473,18.052129651200705,16.173858096726725,16.668923006095202,15.00081877160133,20.43960893397445,12.476444848193452,16.198445201331012,17.039042088271657,16.376755635963427,16.608780531985122,16.46637298802666,15.64092136639498,14.843572277828939,17.743314949894913,14.349987972958898,12.017645130513408,17.969491679679656,17.01004740667969,13.24466261267413,16.807866709210373,16.27240613097241,15.768791164965595,16.726154094024903,17.881697112188625,15.117656635855214,16.82002774426462,15.999556857153532,16.05575489169341,16.403000921687937,18.958596808406007,17.669543987644083,19.01415439757599,20.78816500928062,15.357104828524788,17.07367024042935,17.10904664094334,16.19439114287237,16.97840903270217
17.0956555530307,19.30810004685627,14.353944292445062,13.054517742320993,18.283415500032433,15.320467447194835,21.462581021102686,17.220535460286975,14.81618126495345,16.297401111600713,19.456436916628842,16.243982999958654,14.511528752685129,18.023993136513027,15.723791953040212,16.122540336094204,14.672792651595225,17.45000014611963,12.336765652309255,19.48016653211424,15.270357475598374,21.040379795943345,17.304940392373073,14.710576971142222,20.58732046855181,17.110412683277517,14.79299321167293,18.772480168487352,15.844357968367762,17.086865886669088,16.29644467156124,17.868593128989506,15.659653781211041,17.204048294709462,16.28852162569518,15.509711875022722,17.493569058440254,13.642149085757659,15.1743470657982,14.813729342744958,18.513302022102298,17.541617503708615,14.284204039249783,18.87036004009723,18.38045882389283,16.67381805996627,18.089958372930898,18.04203679865557,16.335400182727838,19.928813320367862,17.30511269842298,17.023986941828927,15.722631161932064,17.166039553953073,15.413722199033757,20.300665962477495,16.878978620953507,14.336328192365045,16.655203921286386,17.65997833453241,14.589470152108422,16.3260303194379,16.71634850980452,15.857435656073234,13.53071776529753,19.298011672219786,17.3143924649472,12.946624415584745,14.718689480787596,19.22419395039799,14.976480605158875,18.813934814032024,13.547923517714894,16.086430371217812,19.163835924197247,17.591770833085164,20.058479260799988,15.499930619447564,15.469765652692967,17.638778942051633,19.25000802193646,15.454581677945667,17.080115643249652,16.562175075543966,21.97633814552579,19.6708647166066,15.176034734999028,18.08104919404391,19.938220491223138,15.734546832410327,17.529417303778203,15.366535413878482,15.886998424056106,19.04731865351064,18.307159727475728,16.840383779687414,17.99487809733432,17.43528292583074,16.283946778465214,17.56354344733696,16.87352405241858,16.40437416268756,16.552568186701002,17.303550386326897,18.007686583353617,16.58399580272463,19.182034918474443,18.307959589260886,14.280592550082021,15.982540153382157,17.309097801119556,17.34168212189057,18.493191527071165,18.722038683694976,17.608907835313754,15.141143996793545,16.933101834651865,15.086236653248676,17.267547260215522,15.599345892879812,18.43182915017086,17.49674794767687,17.772581686997825,17.367554840473407,17.713945092722128,19.034477263581238,18.16716125187702,17.316583738548893,14.997478972310883,17.104385391564062,18.026293299619976,17.821093468791354,18.452383504462365,13.098057253699102,16.75390101151024,16.0289076726114,15.073942889114957,19.499712034033855,17.79452083179111,18.04543675710026,18.925805510517808,14.266158192229812,16.13763037047446,18.05793922105088,13.821867023184213,16.622777523670464,17.758904802852765,16.448274049004137,14.195598292698076,18.376117488025105,17.249699675622395,18.344390641688946,17.61204707964802,17.247527032928467,16.162518323542322,14.494464106249985,15.585884033202122,16.338839351240292,13.313921668470181,16.373014157069882,17.818356894475542,17.8922471197903,18.282073990177256,16.184672658346877,16.748243146078376,15.015663783445534,20.457046628756114,12.55644143875842,16.428464291496077,16.902473791031582,16.447810952324023,16.715891618081216,16.619894293501325,15.574994851720504,14.8821348264049,17.567824186969787,14.402308373917114,11.936799232244592,18.041214722332885,17.319557118401733,13.686683944389804,16.926247033665618,16.541151771450505,15.999136877428429,16.69179960021102,17.922058980917136,15.314431891891113,17.135867564018817,16.149430438064694,15.871700618355558,16.342132037452544,18.83843565228542,17.757129848569353,19.32325243181456,21.014274811697963,15.443600019264972,17.216461715535306,17.359130007814024,16.278665085317606,16.8674427036958
16.91769304913282,19.481549144245502,14.495424242706918,13.123110733454787,18.41083231189841,15.378852507258124,21.62519911328796,17.44646961134082,14.911784540375908,16.506219324475694,19.52599487698353,16.381316340132035,14.574180330760367,18.205228386493385,15.681021538849482,16.34231645943951,14.651332997114736,17.673159112478167,12.355097573284786,19.50104655358897,15.175354032419834,21.27517059599221,17.537617427312874,14.749325625946131,20.760164151687245,17.032888464901422,14.918300458599443,18.92070343118639,15.88111299026987,17.06225989103186,16.344863915613235,18.01110731009222,15.87050869428831,17.488250130803877,16.65193518035752,15.717842887414578,17.645183592931993,13.65107502105088,15.275625513208416,15.350676314650713,18.544157266650004,17.490625170128784,14.205997255366245,18.858931817490397,18.604494905393455,16.674908590305215,18.28387030148948,18.261128296712823,16.39449588214208,20.130036487002627,17.607200365848502,17.26142315930739,15.708049878092282,17.086616455282563,15.587967406678887,20.49046293150863,17.043939911356027,14.607709312962971,16.520255280605966,17.91596489707191,14.687583193902388,16.530586581209857,16.866275133960563,16.054083291890926,13.63922733890516,19.495910831428727,17.36114568733572,13.042448303136318,14.787954221227771,19.291335275389184,15.067925777582236,18.92787918083761,13.565689020253112,16.12576993286956,19.139984314787327,17.600687674606412,20.121851143131778,15.377863446152697,15.40728329034516,17.679939092965256,19.554635279107252,15.348440638691132,16.831736139211564,16.665006652070485,22.147931261862368,19.7259984437725,15.399814584008826,18.337718800763597,20.19966605382276,15.69111346839905,17.504175882668864,15.441823524825631,16.073039437150083,19.32678201926495,18.520880335902014,16.79971900422729,18.104662208517325,17.478901213351985,16.558949234602654,17.82872682777645,17.074921843972117,16.63915801088034,16.709851588240525,17.350269852606175,18.158581792625593,16.49936790144567,19.329030232389186,18.493910951017998,14.479498760384448,16.065386570939143,17.40935425364217,17.491787674799543,18.732290097411365,18.872650402609125,17.64350311809305,15.361102593502512,17.196052114404903,15.049956780710815,17.19868598519842,15.611097423062583,18.447650418208426,17.516125657226358,17.900750817072705,17.41520384913627,17.87946645406044,19.46523599022155,18.364966504340813,17.47523908680749,15.32792026901288,17.121197048286334,18.221470378337536,17.952195746837784,18.659216083144162,13.250931175781224,16.874363791112565,16.200399675116252,15.226805253338817,19.63976879355772,18.02136718449436,18.10700740661108,18.98844690316229,14.361004026818318,16.318579737723386,18.125889300210922,13.671135836882694,16.573107562888104,17.807146125606632,16.679369299563366,13.951771073960318,18.50134234781834,17.519936692918208,18.235819770119225,17.760052019271665,17.31758486738666,16.297203336024992,14.524615145870257,15.899846574348338,16.53330501072482,13.430113142178483,16.606675047081037,17.72091190449523,17.93559581283708,18.42796177900527,16.369185610006692,16.789961820933325,15.080029646768404,20.324460013427935,12.395943330539499,16.51789107328662,16.78983006370942,16.45916398295413,16.899841719484304,16.846580652332513,15.843179259636313,14.969871304361716,17.770132986541398,14.606621454510856,12.203873811073848,18.286838615609373,17.324558690957115,13.890624197473638,16.984525987189873,16.80408416325224,16.190608597865292,16.808879101347763,18.019237437513176,15.36512731053265,17.196195304373312,16.391136468939294,15.749455576113915,16.51774498747173,19.1993594263879,17.91212640161348,19.67878332821689,21.32117263901537,15.51063613485163,17.405893880558683,17.413892475451753,16.559420377612838,17.119251172578345
16.975797049016546,19.366721084252394,14.68253160712002,13.247460326007378,18.349671509124693,15.452356653489181,21.477277258644136,17.406741301123734,14.930231839990501,16.806311819559422,19.664621128854662,16.610778491511883,14.620147899007414,18.435883934417976,15.698598845623229,16.429253250063923,14.629780642249898,17.776442604005602,12.330673830713456,19.893295639903606,15.364024103300078,21.370842487874008,17.601672783811427,14.731349913237521,20.77254492672106,16.997852134204408,15.189673285206391,18.94997460281396,15.751123250667685,17.233771775743566,16.485837251468975,18.209290519371137,15.951002894905361,17.70706923058703,16.58874849135445,15.853588069198997,17.45763221048204,13.534961221301938,15.282087065446262,15.44613818923873,18.825794338013157,17.60747568385333,14.123936478204424,18.84664357307542,18.710541140773564,16.851578138018958,18.404041942312908,18.397033584469547,16.55681536576597,20.06799013124154,17.752515738339763,17.41166632320302,15.706573880672966,17.24289863121443,15.556124282867586,20.617882221189117,17.08208586305635,14.882879566159392,16.821917834446143,17.986375515960926,14.754612140522221,16.926303920499752,17.082817063856034,16.13210384503192,13.970190838773053,19.527057397687862,17.387576410585766,13.089349939842991,14.891467872653731,19.532608254084433,15.241996699056116,19.145028812662154,13.701585495693667,16.387222130222817,19.39683252395087,17.58000873084914,20.377739815372365,15.540317057695043,15.555431758195017,17.983725963946014,19.627254820851764,15.529526125753083,16.680017979003587,16.817117150191994,22.33289529556347,19.74940329789774,15.560349356649068,18.461659066401616,20.683451482773563,15.811638112603484,17.535249629175354,15.546281018799224,16.067190661914985,19.674038965563398,18.564748207184717,16.789087741533947,17.99163048104546,17.69380816845206,16.336555146723985,17.942791621942398,17.25449199575503,16.514024921383953,16.846868224530894,17.354421543049906,18.38756765788903,16.743401079818803,19.458995344647498,18.592656225788414,14.548992814600636,16.14639721594351,17.687244278050112,17.46100878449093,18.602885357526564,18.666249358301084,17.90568169993218,15.279773680176792,17.507488557054458,15.23975548123348,17.088881229512396,15.600641860982842,18.506298130430288,17.598910210258424,17.832906290478395,17.43512288294715,17.75270699621394,19.58995230541382,18.463186760737067,17.567366364011527,15.271579458119518,17.250807035282985,18.35111803098326,18.091961276274763,18.71713197975995,13.337245243847732,16.853644973065936,16.148699624392812,15.099546957465684,19.5862737400823,18.367219339536735,18.410638248925288,19.006050165692276,14.392920583654591,16.43134028265856,18.37042532420936,13.79326442361311,16.71660178850559,17.82466619014726,16.793859556472388,13.951594792832442,18.637635946441264,17.467637019283107,18.38055519146153,17.801744257478926,17.449185691373742,16.48599212377686,14.533005351295403,15.973635832479609,16.528548742831724,13.472696555147664,16.845157158924266,17.838518717155637,18.10017086203569,18.46274488332101,16.514782261237073,17.070607006195733,14.985034169647786,20.55569028006376,12.51947214553679,16.51156774023674,16.776906160945632,16.327200285042927,17.164047831628526,17.055385923147035,15.990649427788203,15.227113046566695,17.825048601571723,14.512010167906885,12.406827278343751,18.47967344039135,17.44155736639208,14.105172433238812,16.887327109766957,16.850895157292882,16.318881587451877,17.046370768137106,18.11952784661549,15.389420043274898,17.39754977278543,16.588203369636815,15.708424590014745,16.593151397397293,19.557385089646793,18.254311678225005,19.882096663956915,21.67595716904646,15.667668057909218,17.49278134428952,17.648710835598127,16.588116458525274,17.284218989748158
17.104260635013834,19.42044589659636,14.741530000216603,13.313818154261936,18.65880598432555,15.602726920266537,21.56809480552366,17.46594424236538,15.255119165077003,16.743092725690364,19.987799008865103,16.797602683484858,14.774718782506177,18.30474252953288,15.591675560945507,16.54787601482097,14.510971822659675,18.12162079555754,12.437618817926476,20.130899479001247,15.364675318120103,21.524483124154866,17.56327414799155,14.834450666391664,20.788174116325457,17.178847963993775,15.333122223892296,18.988914009917995,15.742089101608315,17.201376843940682,16.71884134591844,18.549637287783685,15.711237998654294,17.564530144758624,16.527919862705552,16.002338290696706,17.32230847266721,13.658270800940059,15.336259034544963,15.723553771434124,18.822392666831337,17.852299965534996,14.368025159580117,18.89377052183473,19.123119395356916,16.880713935018427,18.577680974830088,18.38620951794213,16.717019649880275,20.21037647447552,17.980676296620132,17.652309741396206,15.797647749801387,17.29634930655394,15.578842902287466,20.61161247177633,17.385627378898576,14.837507268938428,16.86573641433324,18.154852915643886,14.735201917084677,16.873494998295204,17.01342977839932,16.15620680845431,13.876760703684765,19.5907006202246,17.63120473650156,12.9901263899083,14.969755074332845,19.58978825225117,15.41021651274422,19.276732445199933,13.727859995543191,16.414028056171816,19.518456071454636,17.744891126745195,20.406677476809907,15.713086812839219,15.752492741424991,18.180380250832464,19.665223738819286,15.678437849687645,16.680549181609823,17.00102809217642,22.350818127968793,19.86332311535848,15.6792000742447,18.798477323958835,21.028388852021614,15.793705119564459,17.689490557547035,15.785060284274383,16.112880549682657,19.825789533347898,18.81781412985966,16.843797573295234,18.24921096798689,17.96938753583631,16.312372618161202,18.022904677530203,17.411091940550378,16.46572955396963,16.995215400189004,17.397539124855783,18.65548619009963,16.85096855083316,19.696687046079177,18.72318948731469,14.785604668727608,16.10954178504943,17.95685999197037,17.56757013730113,18.82932701142889,18.6294535413168,18.10317211034864,15.428125148076628,17.659601086462672,15.781070009460166,17.292336697032788,15.761939572046852,18.621260131795452,17.589358428635883,17.928581959204735,17.47466375852406,18.071266115949612,19.803520452315528,18.808073907037027,17.88161668683343,15.444642531799026,17.44050656806512,18.202396585535343,18.133776637572534,18.729120815218472,13.28968718012991,16.908384980451544,16.135420081728558,15.15508335689059,19.537839646144466,18.345558212671396,18.504653221448702,19.202948242265723,14.610377300575646,16.643935461654284,18.433540885101294,13.515889816525705,16.696301514392026,17.903168478460042,16.685107462246737,14.142093593270754,18.567263904743612,17.545672717358165,18.627187147537615,17.988776406430453,17.387591849288913,16.56108644649087,14.981844298412804,16.09684523315859,16.539649850874017,13.691036084609674,16.833619064660784,17.906846348634023,18.028795733786808,18.597506945558308,16.599664495434236,17.31012480063115,14.930361607886212,20.772569859983907,12.658123499317924,16.576542531213697,17.001703956340513,16.404329835733446,17.46406453427192,17.141855318029158,15.987486274371987,15.362086793130265,17.631757265220283,14.67088097159876,12.753861009865789,18.798621053793852,17.42984564266275,14.270990371873078,17.459154027241127,16.84083348096778,16.52359301436725,16.99394464882164,18.581745261518705,15.722149546788913,17.615358908430167,16.64252591745289,15.873194410652797,16.83389668575469,19.744884880337096,18.2535935466327,19.91841088056821,21.81273464377481,15.92036344777033,17.70269620742488,17.739930572340953,16.626904515835005,17.26920253722135
17.113018326016434,19.37881393000282,14.73070544904338,13.431942974303123,18.555904189141533,15.871459360535228,21.73517901873891,17.652569080810792,15.29327916094991,16.87973539141241,20.15114259953019,16.89162059034359,15.021790987953747,18.52847679726557,15.643208950672213,16.525871181071494,14.520476642980437,18.320396769523715,12.609602560638711,20.21828347781154,15.595362520020263,21.608873216161967,17.576814843278655,14.710659904455209,21.014051007574203,17.27348886748931,15.174635654048627,19.032086181445333,15.90807860276348,17.27135408456694,16.791093951748874,18.77465484003452,15.79016305257986,17.597978976718032,16.68644364366658,16.05705322973669,17.480155544542303,13.945171730432632,15.340992589929318,15.653441180133308,19.18987913404644,17.970820156622263,14.58538390799537,19.003386258909625,19.191294163926486,17.09418225824983,18.97310623989257,18.72940997181424,16.5287857104528,20.240021692736132,18.256040059607972,17.830289606403035,15.856136115353888,17.15458785628863,15.87777405871605,20.646437201895445,17.346651496262993,15.097108556033646,17.011146283633543,18.351560241695942,14.540842970690129,17.001451515941532,17.1456237828477,16.24360931217151,13.910773121541123,19.856776771160867,17.672323368282363,13.153757281470195,15.186833064874289,19.880561066832648,15.369172566052608,19.391443238490236,13.945388027004878,16.678384676639524,19.761253862408957,17.991965419935802,20.726058850840154,16.193839237710787,15.810486401276293,18.13490077486187,19.858789143751302,15.65084351889421,16.57103713231369,17.186273510719623,22.483283848190503,19.91208974006988,15.832455111307015,19.042467474002283,21.167386819079976,15.85291162354322,17.845126865477088,15.940849509057337,16.264781399181725,19.98200250590583,19.11699709390536,16.986662329340525,18.378148708972457,17.843575194164867,16.454716905024448,18.015565824679772,17.501077089126838,16.432692422752183,17.222471032227656,17.298736915587124,18.635121637039855,17.092469494314145,19.837691964521092,19.124481406449686,14.910674959934148,16.372749087317246,18.195627587692144,17.601005932276806,18.981832069853407,18.620557379700514,18.26536553282824,15.699033733803423,17.741293720618852,15.775089092970404,17.4591161893659,15.851459147048327,19.012486869702748,17.63903153304795,18.152591017427255,17.557965998793758,18.125430944788405,20.019139461976373,19.011324195298062,18.202734983464165,15.544107196504411,17.398787314067054,18.01804649986824,18.321138837543465,18.79446563512524,13.27370166965746,17.03645846526084,16.539993461728066,15.369610488800774,19.650976123542215,18.368042345971535,18.63050676964806,19.19563000051013,14.580399675402898,16.594196987506766,18.49618459584328,13.423484633081676,16.939661502263704,17.84429097968901,16.896854932182514,14.053888509234598,18.752377681227422,17.766315427539336,18.92197807458085,18.050812277094327,17.536306928155593,16.85217540329291,15.057440610284386,16.190688066615532,16.64522811724673,13.749699406842232,16.899819277376924,18.18429662533572,17.8351413510953,18.640452763278276,16.832949016842075,17.346649653524352,15.299481038039065,20.780118051169648,12.464774428502292,16.75521281973532,16.906287139667104,16.535471729327252,17.79277675999673,17.205268812288686,16.387786912950727,15.547585661532434,17.626459213247248,14.665495607262322,12.940966092790536,18.917833641103677,17.464913098874575,14.380403145805426,17.49814754634674,17.06014861567929,16.71708208379536,16.968523178769036,18.713569859886213,15.836514426957454,17.83353669675096,16.783314659858625,15.952631982510791,16.92640153178689,19.965746561193285,18.33967702179939,20.12974753975771,21.862559177861097,16.061460332689464,17.9668515370216,18.019093014268634,16.740455305560985,17.395361856268273
17.214965645993026,19.652261212936942,14.782643231857023,13.438856289102212,18.66379857187954,16.058316816507613,21.878412970274617,17.794989243359673,15.456765427555252,17.097950123008193,20.25288381133549,17.088021170127988,14.992280590958075,18.661581701958387,15.346287674195775,16.591369142445785,14.535643283536022,18.59535676268923,12.792985199590223,20.356096066323616,15.765619143870547,21.67497587186482,17.672232847522274,14.782043601775493,21.268125507885486,17.56336279039404,15.306217057983416,19.180555834262385,16.23729825425527,17.464376646939176,16.81290089237063,19.008346977401235,16.09507792750723,17.80972617019213,16.877124572217507,16.186500031062355,17.609616610870447,13.9981932770602,15.55475536290315,15.673768954516836,19.265183977832095,18.050868285880426,14.7997304966939,19.222252794577447,19.409803697785684,17.148995726089755,19.312656141604457,19.122542629899,16.591385801841994,20.20529991618852,18.466883154510203,18.1651166045492,15.771809250750618,17.14039899901978,15.754055249317762,20.86844465635485,17.42683049002684,15.268685346951175,17.28201434549856,18.749438752678753,14.577246367974421,17.243010486889062,17.272736675367906,16.26596257318339,14.179419374632495,19.99317120181079,17.75869717379766,13.100902212592139,15.21044162232457,19.968041546409086,15.296133833761761,19.47555831693416,14.033526435485907,16.710237131980584,20.034819644517334,18.389791626695903,21.107697180558198,16.32293340101438,15.833383672038511,18.13721208135769,19.978825653219687,15.682630434925219,16.58707227994028,17.317593820446145,22.683883246055885,20.077678877843642,15.939031785862264,19.13701687133835,21.347122271502084,16.09369642373704,18.128611465362837,16.071415693277164,16.255628270686646,20.14592872194348,19.39452769595596,17.14504606526803,18.595455176349653,17.99836307218321,16.5607605601656,18.20355783330917,17.67322674512198,16.316448582344485,17.474271881268834,17.59741252788383,18.960655423571115,17.528046958806378,19.923111831141437,19.37534716513647,14.908154670689775,16.483844898672466,18.238665839323204,17.774298403730512,18.786185487536574,18.50974111356778,18.53531154716577,15.681784721503371,17.94118649060111,15.958642823868889,17.508074513070657,15.907423438278569,19.20729539164983,17.678178393411436,18.217772223174624,17.48355545256282,18.339994293231015,20.27984678418509,19.01709420715355,18.423866279036286,15.721335482571346,17.46183690245409,17.94856130082727,18.32874387174682,19.274838493817168,13.424465650816625,17.010144188310264,16.76799247834942,15.429616305052345,19.57989438951273,18.226732001557263,18.749661298348716,19.448878314672196,14.781080215754454,16.53640916924851,18.63085256405805,13.348614736847935,16.892618217974494,18.148634948299907,17.29219103286041,14.252016049851916,18.7108415211945,17.857782987555417,19.14806747326698,18.425746758572167,17.501299277742383,16.741365063913776,15.080468814162241,16.4004300492502,16.37377915146856,13.722179132904035,17.01114081310488,18.350714430878163,17.957686598270456,18.670175652155578,16.967521261987613,17.43520018391988,15.518434599847875,20.796038614191293,12.677488963513628,16.958944766899542,17.03449649387073,16.480842156355425,18.251909392156588,17.42359618898879,16.456405067488294,15.696415487717152,18.071620838319948,14.779911678170901,13.402485167185207,19.121303916887264,17.453879338492808,14.828973839688935,17.523798232427147,17.048389435036405,16.999930246101812,17.083197589374084,18.91001791313586,15.7595971887811,17.847281507770596,16.67102571418691,15.726878972447734,16.934144659683113,20.00971026121331,18.544143696887318,20.21665854105207,21.83728072478243,16.12649233989442,18.18702713288695,18.232178959382487,16.85064059503977,17.488645720117344
17.346010418284255,19.907327265143827,14.693915568439053,13.585916383542228,18.824758933056934,16.519645925288494,21.709322225235876,17.77397921978341,15.62405206734324,17.209194942219657,20.515417345134814,17.104029707042766,15.116600488422613,19.052513614820636,15.274947401161128,16.658525252844235,14.605328811286691,18.952864986367153,12.866532217630537,20.36711146989893,15.96276636913984,22.04498198480344,17.756472988153487,15.101326885321916,21.50127011113028,17.560332777448075,15.225405529756284,19.25500011745684,16.190559062074733,17.743808143314002,17.166307701787716,19.14777922034463,16.064778272325064,17.84870566805431,16.994860824004462,16.27100297724248,17.765394101701727,14.172059105636436,15.50245497843348,15.916538839010919,19.253936723989376,18.152171916855885,14.819381681563307,19.613070247468123,19.614826073205414,17.325634521254102,19.39811881471102,19.40319233578014,16.73380585572515,20.401750029305276,18.626328276814725,18.278358566348125,15.789372403225558,17.224075652092623,15.805187819731849,20.724651316806774,17.51207680411499,15.436470349500862,17.28355300746805,18.7570594154733,14.854574567130404,17.50190813991785,17.36010144130315,16.420142619469388,14.26884975827696,19.944393481664015,17.834086731839783,13.175068917914393,15.351601034844588,19.817043837427214,15.361205955949027,19.637749513118877,14.060984532830549,16.97006135819569,20.061479770406557,18.584794061711566,21.366470424811038,16.25991139290486,15.915257512975097,18.407508243924635,20.1944707637994,15.861801974975942,16.485957345452025,17.349033050776644,22.80114009019367,20.158466725550454,16.166999967257627,19.281583196072305,21.317538285162993,16.132768432612238,18.16069241726465,16.104284469393694,16.1854938615196,20.377268504306052,19.565802033432213,17.495113408411903,18.680690971697217,18.354042958762243,16.811988973249804,18.438676913838044,17.646268645273423,16.182085749413496,17.501992282025938,17.77550464040773,19.082913371094516,17.803719801834987,20.115680857722438,19.39720837975397,15.077337776325642,16.653701861698227,18.47092698642335,18.00867314276088,18.725077248168127,18.582954263348746,18.67935338232504,15.896180759047231,18.235338784396447,15.94851224353545,17.468531153663417,15.949922298648815,19.51203962586939,17.677637125711815,18.24199270574018,17.58428057048641,18.25744204887678,20.460258850553032,19.174738965024506,18.885153510997615,15.965500146951516,17.57910009716483,17.920879181374495,18.588966901991263,19.455012397965895,13.386925022459334,16.98128209704816,16.832095408254908,15.601555803928076,19.53372440063056,18.447896670626907,18.974791785542255,19.489232012453524,14.760752978467327,16.67786699553824,18.70981732220399,13.696235371907333,16.995131762384954,18.233411757092824,17.450589884028876,14.224192320117098,19.108225233650458,18.010622844728378,19.391406170397715,18.60561657091132,17.79306536574591,16.762184567425738,15.173661823199629,16.365706226602473,16.18794312804401,13.802829584064554,17.210777191889356,18.575012270701322,18.100059846648477,18.858256898292865,17.022983062390885,17.57662559317659,15.582035449303014,20.713096701355383,12.745878729388124,17.205106672490093,17.063737040432564,16.58828324097713,18.59220338113317,17.810233818784376,16.504084339927918,15.816109198786883,18.09511432839848,14.78676341903328,13.603796020202203,19.309355383021146,17.53718484006358,15.1676155858514,17.77509996024336,17.26498294393536,17.1690846305926,17.200232239008383,19.18695056717811,15.841492159338477,18.081110734223493,17.02612265840949,15.770437915464544,17.150815536822478,20.24989536812488,18.835165384471637,20.547340504618816,22.11075639353286,16.251777193492202,18.306660653493772,18.109720282604584,16.914289390019707,17.58951236239082
17.41943506987424,20.142460882573094,14.828962586255994,13.796582899916933,18.897160050405148,16.732381544944374,21.996636427485043,17.818435679526054,15.708889236581381,17.24663612714364,20.685502938329925,17.666897868286398,15.198189155425926,19.225323067575783,15.216819294665061,16.886503292035574,14.660208758721886,19.099623775881597,12.830039376121924,20.481319877481674,16.212006036215676,22.37685726336064,17.931616476601107,15.079368529053186,21.62680317954107,17.534107288368233,15.331244144939575,19.58573349653979,16.302579532862513,18.103067234494702,17.289691968212196,19.339998220255524,16.173257534590462,18.00710574412391,17.131305223666345,16.411610221094836,17.760265469351737,14.17824241870648,15.634765803977885,16.208435581102275,19.476093921295593,18.46468504674283,14.961939862931219,19.64754179214414,19.79279573560886,17.564680430271462,19.618176667249223,19.52904513115674,16.807661614888,20.330170448689785,18.8575982924864,18.487933431882993,15.964244612248605,17.468750234720748,15.828164310231498,21.003662568114017,17.43173958562181,15.471048282005931,17.441203505933714,18.862659478150217,14.947038777245588,17.75487748625535,17.434981341904606,16.513206697249018,14.501105643963767,20.068504544483414,18.141451015797816,13.304482132412286,15.197774201089397,19.875456642910542,15.403423896696765,19.635979798342568,14.384110136238833,17.27608215713132,20.273018889029583,18.941176517092536,21.508642174976856,16.506708561801116,16.21946703452769,18.665019793491595,20.339652952151315,15.80926978342929,16.624477920608125,17.600542954786846,23.029470676127875,20.327574985435202,16.274812416266606,19.540584895021464,21.514913344214087,16.251792621676074,18.47528660221933,16.276460984373593,16.35688028731003,20.589226875537513,19.7418559659147,17.790571059414027,18.57736122353756,18.58423598330821,17.023449465604962,18.465214920904515,18.051187257620384,16.31405517856815,17.85288474230254,17.82211265416641,19.188525415127167,18.182998542447763,20.16911198537852,19.423304023144887,15.240377318684821,16.672245391208772,18.79491959946562,18.183454766987253,18.946243399712348,18.62189087812283,18.84498026647431,16.096742585078726,18.36843486170806,16.186159737795208,17.225592429290018,15.932676531450081,19.529079929466317,17.725387275979475,18.41137943098944,17.703966228389614,18.3964660032021,20.49460637908829,19.432624135593834,19.051817589052273,16.370213570765163,17.649695940218898,17.74095463733678,18.756647325514738,19.761571085320163,13.21506339834726,16.771341434531635,16.99106062294642,15.631056651601863,19.805674341096566,18.464757509979243,19.022431871508896,19.54118239462552,14.83769932066439,16.684090097747163,18.861265754432498,13.71582549603781,17.334977272487393,18.35912588083912,17.575794802353812,14.427963300707534,19.185550501008283,17.96905687009088,19.56179316332156,18.771525756223753,18.256720063334612,17.020734940315695,15.291114603883816,16.36256497851172,16.360861480126378,13.96873987998515,17.29577998512356,18.736431813409038,18.256445730493134,19.094099108602858,17.162187029351315,17.54029182831786,15.89065310005984,21.107509733157016,12.725972297535431,17.213648225335042,17.187026728505533,16.696291904748787,18.913350215116427,17.99532641706366,16.673485260399435,15.768030497317062,18.205516139489326,14.805316915055556,13.795235830490526,19.461745074252573,17.67197730651372,15.368276949587596,17.819610217448286,17.413563009007664,17.436413104037914,17.57603866315179,19.354271939380418,15.845977943606798,18.30110152510155,17.111986181143624,15.772149503252004,17.31408522407,20.46266388145721,18.91674082612516,20.68520226576892,22.39407613146905,16.38418301648985,18.29994100601433,18.2489328701419,16.975617738428063,17.88589529073632
17.566061316544804,20.281954265489425,14.865891472768624,13.975641729609752,19.027500925493804,16.929731837857464,22.207847682169053,17.91699539551212,15.704045863269561,17.367391693359156,20.785424846603057,17.863792863142933,15.17908337665187,19.121518691887395,15.298768445575266,17.11519483490243,14.564782806492605,19.471175363974922,12.988703164385663,20.56737781089399,16.53917793151905,22.59550926867645,18.122958831319785,15.365879650323501,21.758900962888504,17.63821420706724,15.274060282931902,19.69378508469755,16.596335307726797,18.42519584759276,17.509057180252995,19.265185596927395,16.335678751246952,18.17851203207316,17.355980009557545,16.592110796385786,17.79973541310282,14.446176687785025,15.783703976828898,16.191712620208875,19.888368739023868,18.779074172108622,15.180210705277199,19.65580401927926,19.85768488937832,17.661947339898546,19.910646949120572,19.817998779588674,17.179803689723766,20.626051558267005,18.67304562145349,18.739491232638297,16.046489522578515,17.50109412353852,15.949186305741796,21.007464923841496,17.49621780560389,15.613860586331542,17.63076282227948,18.837186669692752,15.109678727761054,17.999711646404993,17.836960323938637,16.42995316149865,14.684056075803092,20.36046845134027,18.036255111452157,13.373889676720076,15.068777720777064,20.021688541815806,15.396784159248972,19.931513923732407,14.435222380531197,17.53282567824838,20.361334354204118,19.29545845729948,21.952246672722538,16.55186224059075,16.21763010247832,18.964931994752845,20.467125793255903,16.004249096849147,16.455819361187352,17.532377500929044,23.38293807565968,20.493229339176516,16.502428551520232,19.659270484670362,21.770183684040006,16.306375502723956,18.65041153273601,16.35388290781524,16.47514765431093,20.753296251029667,19.920464113279223,17.932846226319356,18.80136542349712,18.565344691000043,17.117736067067995,18.53102556151144,18.38410253935328,16.23924219208102,18.184220350652602,18.09779429570239,19.267202309331587,18.593655569925687,20.506240168874562,19.606886460824235,15.295946800929645,16.7578354022934,18.754077870950812,18.222749965685523,19.051754928768414,18.673006294706376,19.05360188677995,16.15113803642594,18.854127190516454,16.26468120583142,17.212667604307434,15.986819866312107,19.51420866928114,17.668847295642813,18.406661219929887,17.809956816348784,18.45997809127381,20.76360343144446,19.601008819762214,19.34994306567329,16.614694082155776,17.7429615564136,17.80811339522475,18.865807885779333,19.853031656143155,13.276451076131089,16.943807646280636,17.27263271060806,15.735816218312987,20.003949491017384,18.690953820911304,19.38949907280157,19.7423977290078,15.12763782477063,16.753185536958497,19.024209604193782,13.824886581029897,17.544332027750087,18.352832478346567,17.43337275373783,14.67167716181121,19.435380696648682,18.010169005265197,19.70345706255948,18.868596454643814,18.135825864322573,17.496751921063552,15.537100545539452,16.475782319389637,16.23495928460968,14.076945252822274,17.649462298550908,18.93393042753792,18.544161568924537,19.295665638222182,17.46579584531669,17.763614311643042,16.034298375256284,21.464442783987458,12.752334016007566,17.404065195367163,17.4328782730041,16.596719414966962,19.1715286781739,18.20763488142468,16.62943099489843,15.892425397784308,18.262764389810616,15.092468711466713,13.991242792839966,19.706344273366742,17.70416630033951,15.648760869208594,18.02696303049064,17.632126319935796,17.659578068320087,17.6056756496435,19.76101350946191,16.06779280689056,18.589353820843584,17.199196595272042,15.815421270307596,17.289233121221883,20.534062344194805,19.098557149438737,20.893522603288233,22.47857421200133,16.676400175761717,18.383082862538078,18.453227781644358,17.227308309638698,18.043776781382167
